[0, 0, 0, 0, 0, 0, 0, 0, 0, 0, 0, 0, 1, 0, 0, 0, 0, 0, 0, 0, 0, 0, 1, 1, 0, 0, 0, 0, 0, 0, 0, 0, 0, 0, 0, 3, 0, 0, 0, 0, 0, 1, 0, 1, 0, 0, 0, 0, 1, 1, 0, 0, 0, 1, 0, 0, 0, 0, 1, 0, 0, 1, 0, 0, 0, 0, 2, 0, 0, 0, 1, 0, 0, 0, 1, 0, 0, 1, 0, 0, 0, 1, 0, 1, 0, 0, 0, 0, 0, 0, 0, 0, 1, 0, 0, 0, 0, 0, 0, 1, 0, 1, 0, 0, 0, 1, 0, 0, 0, 0, 0, 0, 0, 0, 1, 0, 0, 1, 0, 0, 0, 2, 0, 0, 0, 0, 0, 0, 0, 0, 1, 0, 1, 0, 1, 1, 0, 0, 0, 1, 0, 0, 0, 1, 0, 1, 2, 0, 0, 1, 0, 2, 0, 0, 0, 0, 1, 0, 2, 1, 1, 1, 0, 0, 0, 0, 1, 0, 0, 1, 1, 0, 0, 0, 0, 1, 0, 1, 0, 1, 0, 0, 0, 0, 0, 0, 0, 0, 0, 0, 0, 0, 0, 0, 0, 0, 0, 0, 0, 3, 0, 0, 0, 0, 0, 1, 0, 0, 0, 0, 0, 1, 1, 0, 0, 0, 0, 0, 0, 0, 1, 0, 0, 0, 0, 0, 0, 0, 0, 0, 0, 0, 0, 0, 0, 0, 0, 0, 0, 0, 0, 0, 0, 1, 0, 0, 0, 0, 0, 0, 0, 0, 0, 0, 0, 1, 0, 0, 0, 0, 0, 1, 0, 0, 0, 0, 0, 0, 0, 0, 0, 0, 1, 0, 0, 0, 0, 0, 0, 0, 0, 1, 1, 0, 1, 1, 0, 0, 0, 0, 0, 0, 0, 0, 0, 0, 0, 0, 0, 0, 0, 0, 2, 0, 0, 0, 0, 0, 1, 0, 0, 0, 1, 0, 0, 0, 0, 0, 1, 0, 1, 0, 0, 2, 0, 0, 0, 0, 0, 0, 0, 0, 0, 0, 0, 0, 0, 0, 0, 0, 0, 0, 0, 0, 0, 0, 1, 1, 0, 0, 0, 0, 0, 0, 0, 0, 0, 1, 0, 0, 0, 0, 0, 0, 0, 0, 0, 2, 0, 0, 0, 0, 2, 0, 0, 0, 0, 0, 0, 0, 0, 0, 0, 0, 1, 0, 0, 0, 0, 0, 0, 2, 0, 0, 1, 2, 0, 1, 0, 1, 0, 0, 0, 0, 0, 2, 0, 0, 0, 0, 0, 1, 0, 1, 0, 0, 1, 0, 0, 0, 0, 0, 1, 0, 0, 0, 0, 0, 1, 0, 0, 0, 0, 0, 0, 0, 0, 0, 1, 0, 1, 0, 0, 0, 0, 0, 0, 1, 0, 0, 1, 1, 1, 0, 0, 0, 0, 0, 1, 0, 0, 0, 0, 3, 2, 1, 1, 1, 0, 0, 0, 0, 0, 0, 1, 0, 0, 0, 0, 0, 0, 1, 0, 0, 0, 0, 0, 0, 0, 0, 0, 0, 0, 0, 0, 1, 0, 0, 0, 1]

Mean:0.232
Median:0.0
Mode:0
Seed:857


[0, 0, 0, 1, 1, 0, 0, 0, 0, 0, 0, 0, 1, 0, 0, 0, 1, 0, 0, 1, 1, 0, 0, 0, 0, 0, 0, 0, 0, 0, 2, 0, 0, 0, 0, 0, 1, 0, 1, 1, 0, 1, 1, 1, 1, 0, 0, 0, 0, 0, 0, 0, 3, 0, 0, 0, 0, 0, 0, 0, 0, 0, 1, 0, 0, 1, 0, 0, 0, 0, 0, 0, 0, 0, 0, 0, 0, 0, 0, 0, 0, 0, 0, 0, 0, 0, 0, 0, 1, 0, 0, 0, 0, 0, 2, 0, 0, 0, 0, 0, 0, 0, 0, 0, 0, 1, 1, 0, 0, 0, 0, 3, 1, 2, 0, 0, 0, 0, 0, 0, 0, 0, 0, 3, 0, 0, 0, 0, 2, 0, 0, 0, 0, 0, 0, 1, 0, 1, 0, 0, 1, 1, 0, 1, 2, 0, 0, 0, 0, 0, 0, 1, 1, 0, 2, 0, 0, 2, 1, 0, 1, 0, 0, 0, 0, 0, 0, 0, 0, 0, 1, 0, 1, 0, 0, 1, 0, 0, 1, 0, 1, 0, 0, 0, 0, 1, 1, 0, 0, 0, 0, 0, 0, 0, 0, 0, 0, 0, 0, 0, 1, 0, 1, 0, 0, 0, 0, 3, 0, 1, 0, 1, 0, 0, 0, 0, 1, 1, 1, 0, 0, 1, 1, 0, 0, 0, 0, 0, 0, 0, 0, 0, 0, 1, 0, 0, 0, 0, 0, 0, 1, 0, 1, 1, 0, 1, 0, 2, 0, 0, 0, 0, 0, 0, 1, 0, 2, 0, 0, 0, 2, 0, 0, 0, 0, 0, 1, 0, 0, 0, 0, 1, 0, 0, 2, 1, 0, 2, 1, 0, 2, 0, 0, 0, 1, 0, 0, 0, 0, 1, 0, 0, 1, 0, 0, 1, 1, 0, 1, 0, 0, 0, 0, 0, 0, 1, 0, 0, 0, 1, 0, 0, 0, 0, 0, 0, 0, 0, 0, 0, 0, 0, 0, 0, 0, 0, 1, 0, 1, 0, 2, 1, 0, 1, 1, 0, 0, 0, 0, 1, 0, 0, 0, 0, 1, 0, 0, 0, 1, 0, 1, 2, 0, 0, 1, 0, 0, 0, 0, 1, 0, 0, 2, 0, 0, 0, 1, 0, 0, 0, 0, 1, 0, 1, 0, 1, 0, 0, 1, 0, 0, 0, 0, 0, 0, 0, 1, 2, 0, 0, 0, 0, 0, 0, 1, 0, 0, 0, 0, 0, 0, 0, 0, 0, 1, 0, 0, 0, 0, 0, 1, 0, 1, 0, 0, 2, 0, 0, 1, 1, 1, 2, 0, 1, 0, 0, 0, 0, 3, 2, 0, 1, 0, 0, 1, 0, 0, 2, 0, 0, 0, 1, 0, 0, 1, 1, 0, 0, 0, 0, 0, 0, 0, 0, 0, 0, 1, 0, 0, 0, 0, 0, 0, 0, 1, 0, 1, 0, 0, 2, 1, 1, 0, 0, 2, 0, 0, 0, 0, 0, 0, 0, 0, 0, 0, 0, 1, 0, 0, 0, 0, 0, 1, 0, 1, 0, 2, 1, 0, 0]

Mean:0.328
Median:0.0
Mode:0
Seed:882


[5, 0, 0, 0, 1, 0, 3, 2, 0, 1, 2, 4, 0, 7, 0, 7, 1, 5, 4, 0, 2, 2, 0, 0, 3, 1, 3, 4, 0, 3, 6, 0, 0, 2, 0, 1, 3, 1, 7, 1, 3, 2, 0, 1, 0, 3, 1, 4, 1, 2, 4, 2, 0, 0, 0, 1, 0, 2, 0, 3, 1, 0, 2, 2, 0, 2, 4, 0, 1, 1, 0, 2, 4, 2, 2, 1, 2, 1, 1, 2, 1, 0, 3, 5, 0, 0, 0, 2, 0, 2, 0, 1, 1, 1, 2, 1, 0, 3, 4, 0, 1, 0, 0, 5, 4, 2, 0, 3, 1, 4, 0, 3, 0, 4, 0, 3, 1, 0, 1, 0, 1, 0, 0, 0, 4, 4, 4, 0, 2, 3, 3, 10, 0, 2, 0, 0, 0, 2, 2, 0, 7, 0, 3, 1, 1, 0, 1, 0, 5, 4, 3, 4, 2, 2, 0, 2, 1, 1, 3, 1, 0, 0, 0, 1, 0, 1, 0, 1, 0, 5, 2, 0, 0, 2, 0, 0, 2, 0, 0, 2, 1, 1, 5, 1, 0, 1, 0, 0, 1, 1, 1, 0, 3, 0, 2, 0, 7, 0, 3, 1, 4, 5, 3, 0, 0, 3, 0, 4, 1, 3, 10, 1, 2, 2, 0, 6, 0, 1, 3, 0, 1, 1, 0, 0, 4, 2, 1, 0, 1, 0, 4, 2, 0, 1, 6, 0, 1, 5, 0, 1, 0, 0, 3, 5, 2, 0, 6, 4, 2, 1, 5, 1, 0, 0, 0, 3, 2, 8, 6, 0, 5, 0, 4, 0, 0, 0, 1, 1, 2, 0, 0, 6, 2, 0, 5, 1, 0, 2, 6, 1, 2, 1, 1, 2, 1, 0, 7, 1, 1, 5, 4, 2, 0, 1, 1, 1, 9, 6, 3, 1, 0, 1, 1, 2, 0, 2, 1, 0, 2, 1, 2, 0, 1, 0, 5, 3, 0, 2, 0, 0, 1, 0, 10, 2, 1, 2, 0, 0, 0, 2, 0, 0, 2, 3, 0, 1, 2, 0, 7, 0, 6, 1, 0, 0, 0, 0, 2, 1, 0, 8, 5, 0, 2, 6, 0, 0, 1, 0, 3, 0, 4, 7, 2, 0, 1, 0, 1, 0, 1, 0, 0, 0, 1, 0, 0, 8, 0, 3, 3, 0, 2, 0, 0, 4, 0, 0, 4, 3, 0, 4, 0, 0, 5, 0, 0, 0, 1, 0, 0, 10, 1, 4, 1, 0, 2, 1, 5, 1, 0, 0, 2, 0, 0, 2, 1, 5, 2, 1, 1, 1, 4, 1, 3, 0, 1, 5, 3, 0, 0, 1, 1, 2, 3, 6, 0, 1, 0, 3, 3, 0, 6, 1, 0, 0, 0, 0, 0, 0, 2, 0, 1, 4, 1, 2, 1, 1, 1, 11, 2, 5, 0, 1, 0, 0, 0, 1, 7, 0, 1, 1, 3, 0, 3, 1, 0, 3, 0, 1, 1, 8, 0, 6, 1, 0, 0, 1, 3, 3, 0, 1, 3, 1, 5, 1, 2, 2, 0, 6, 6, 2]

Mean:1.73
Median:1.0
Mode:0
Seed:655


[0, 0, 0, 0, 0, 0, 0, 0, 0, 0, 1, 0, 1, 1, 0, 0, 0, 0, 0, 1, 0, 0, 0, 0, 0, 0, 0, 0, 0, 0, 0, 1, 0, 0, 0, 0, 0, 0, 0, 0, 0, 0, 0, 0, 0, 0, 0, 0, 0, 0, 0, 2, 1, 0, 0, 0, 0, 0, 0, 1, 0, 0, 1, 0, 0, 0, 1, 0, 1, 0, 0, 0, 0, 0, 0, 0, 0, 0, 1, 0, 0, 0, 0, 0, 0, 0, 0, 0, 0, 1, 0, 0, 0, 0, 0, 0, 0, 1, 0, 0, 0, 0, 0, 0, 0, 0, 0, 0, 0, 1, 0, 0, 0, 0, 0, 0, 1, 1, 0, 0, 1, 0, 0, 0, 0, 0, 0, 1, 0, 0, 0, 0, 0, 0, 0, 0, 0, 1, 0, 0, 0, 0, 0, 0, 0, 0, 1, 0, 0, 0, 0, 0, 0, 0, 1, 0, 1, 0, 1, 0, 0, 1, 0, 0, 0, 0, 0, 0, 0, 0, 0, 0, 0, 0, 1, 0, 0, 0, 0, 1, 0, 0, 0, 0, 0, 0, 0, 0, 0, 0, 0, 0, 0, 0, 0, 1, 0, 0, 0, 0, 0, 0, 0, 0, 0, 0, 0, 0, 0, 0, 0, 0, 0, 0, 1, 0, 0, 0, 0, 0, 0, 0, 0, 0, 0, 0, 0, 0, 0, 0, 0, 0, 0, 0, 0, 0, 0, 0, 1, 0, 0, 0, 0, 0, 0, 0, 0, 0, 0, 0, 0, 0, 0, 0, 0, 0, 0, 0, 1, 0, 0, 0, 0, 0, 0, 0, 0, 0, 0, 0, 0, 0, 0, 0, 0, 0, 0, 0, 0, 0, 0, 2, 0, 0, 0, 0, 0, 0, 1, 0, 0, 0, 0, 0, 0, 0, 0, 0, 0, 0, 0, 0, 0, 0, 0, 0, 0, 1, 0, 1, 0, 0, 0, 0, 0, 0, 1, 0, 1, 0, 1, 0, 0, 0, 0, 1, 1, 0, 0, 0, 0, 0, 0, 0, 1, 0, 0, 0, 1, 0, 1, 0, 0, 1, 0, 0, 0, 0, 0, 0, 1, 0, 0, 0, 0, 1, 0, 0, 0, 0, 0, 1, 1, 0, 1, 0, 0, 0, 0, 0, 0, 0, 0, 0, 0, 0, 0, 0, 0, 0, 0, 0, 0, 0, 0, 0, 0, 0, 0, 0, 0, 0, 0, 1, 0, 0, 0, 0, 0, 0, 0, 0, 0, 0, 0, 0, 0, 0, 0, 0, 0, 0, 0, 0, 1, 0, 0, 0, 0, 1, 0, 2, 0, 0, 0, 0, 0, 1, 0, 0, 0, 0, 0, 0, 0, 0, 0, 0, 0, 0, 0, 0, 0, 0, 0, 0, 0, 0, 0, 0, 1, 0, 0, 1, 1, 1, 0, 0, 0, 0, 0, 0, 0, 0, 0, 0, 0, 0, 0, 0, 0, 0, 0, 0, 0, 0, 0, 0, 0, 0, 0, 0, 0, 0, 0, 0, 0, 1, 0, 0, 1, 1, 1, 0, 0, 0, 0, 0, 0, 0]

Mean:0.13
Median:0.0
Mode:0
Seed:345


[0, 0, 0, 0, 0, 0, 0, 0, 0, 0, 0, 1, 1, 0, 1, 0, 1, 1, 0, 0, 0, 0, 1, 0, 0, 0, 2, 0, 0, 0, 0, 0, 0, 2, 0, 1, 0, 0, 0, 1, 0, 0, 0, 0, 0, 1, 0, 0, 0, 1, 0, 0, 0, 0, 0, 0, 0, 2, 0, 0, 0, 1, 0, 0, 1, 0, 0, 0, 0, 0, 0, 1, 0, 0, 0, 0, 0, 1, 0, 0, 0, 0, 0, 1, 0, 1, 1, 1, 0, 0, 0, 1, 0, 2, 1, 0, 0, 0, 0, 0, 0, 2, 0, 0, 0, 0, 0, 0, 1, 1, 0, 0, 1, 0, 1, 1, 0, 0, 0, 1, 0, 0, 0, 0, 0, 1, 0, 1, 1, 0, 1, 0, 1, 0, 2, 0, 1, 1, 0, 0, 0, 0, 2, 1, 0, 0, 0, 1, 0, 0, 1, 0, 0, 0, 0, 0, 1, 1, 1, 0, 0, 0, 0, 0, 0, 0, 0, 0, 0, 0, 1, 0, 0, 1, 0, 0, 1, 0, 0, 0, 0, 1, 0, 0, 1, 0, 0, 0, 1, 1, 0, 0, 0, 0, 0, 0, 0, 1, 0, 0, 0, 0, 0, 0, 1, 1, 1, 0, 1, 0, 1, 0, 0, 0, 1, 0, 1, 0, 0, 0, 1, 1, 1, 0, 0, 1, 0, 0, 0, 0, 0, 0, 0, 0, 0, 0, 0, 2, 0, 0, 0, 1, 1, 0, 1, 1, 0, 0, 1, 0, 0, 0, 1, 3, 0, 0, 1, 0, 1, 0, 1, 0, 0, 0, 0, 0, 0, 0, 0, 0, 0, 0, 0, 0, 0, 0, 0, 0, 0, 2, 0, 0, 0, 0, 1, 0, 0, 0, 1, 0, 0, 0, 1, 0, 0, 0, 0, 0, 0, 0, 0, 0, 0, 1, 0, 1, 1, 1, 0, 0, 1, 0, 0, 0, 0, 0, 0, 1, 0, 1, 0, 1, 0, 0, 0, 1, 0, 0, 0, 1, 0, 0, 1, 1, 0, 1, 0, 0, 0, 1, 0, 3, 0, 0, 0, 0, 2, 0, 0, 0, 1, 0, 0, 0, 2, 0, 0, 0, 0, 1, 0, 0, 1, 0, 0, 1, 0, 0, 0, 1, 1, 0, 1, 0, 1, 0, 0, 0, 1, 0, 0, 0, 0, 0, 2, 0, 0, 1, 1, 0, 0, 1, 0, 0, 0, 0, 1, 1, 0, 1, 0, 1, 1, 0, 1, 0, 0, 1, 0, 0, 0, 0, 0, 1, 1, 0, 0, 0, 0, 0, 0, 1, 1, 0, 1, 0, 0, 2, 1, 0, 0, 1, 0, 1, 0, 1, 2, 1, 0, 0, 0, 0, 0, 1, 0, 0, 0, 1, 0, 1, 1, 1, 0, 1, 0, 0, 0, 0, 1, 0, 1, 0, 0, 0, 1, 0, 0, 0, 0, 0, 0, 0, 1, 1, 1, 0, 0, 0, 1, 0, 0, 1, 0, 0, 1, 0, 0, 2, 0, 0, 1, 0, 0, 0, 0, 2, 1, 1, 0, 0]

Mean:0.338
Median:0.0
Mode:0
Seed:772


[1, 1, 2, 0, 1, 2, 3, 1, 0, 2, 0, 1, 0, 1, 0, 1, 0, 1, 1, 0, 1, 0, 1, 0, 1, 0, 1, 2, 1, 1, 0, 0, 2, 0, 0, 1, 0, 0, 1, 1, 1, 1, 0, 1, 0, 5, 0, 2, 0, 0, 0, 0, 2, 1, 1, 3, 1, 2, 2, 0, 1, 0, 0, 1, 0, 1, 0, 1, 1, 1, 2, 1, 2, 1, 0, 1, 2, 1, 0, 0, 0, 0, 1, 0, 1, 0, 1, 0, 1, 1, 0, 0, 0, 1, 0, 0, 0, 1, 1, 2, 0, 1, 0, 1, 1, 1, 1, 0, 1, 0, 0, 1, 1, 1, 0, 2, 0, 0, 0, 0, 2, 1, 0, 1, 1, 1, 0, 0, 1, 0, 1, 1, 2, 1, 1, 4, 2, 1, 1, 0, 1, 1, 1, 1, 0, 1, 2, 1, 1, 1, 0, 1, 1, 0, 0, 1, 1, 3, 4, 1, 0, 0, 1, 2, 1, 0, 0, 0, 1, 2, 1, 1, 2, 0, 1, 0, 1, 1, 0, 0, 1, 1, 1, 2, 1, 0, 1, 1, 1, 2, 0, 2, 0, 2, 0, 2, 1, 1, 0, 3, 1, 1, 0, 1, 1, 0, 0, 2, 0, 3, 1, 2, 0, 0, 1, 0, 0, 1, 1, 0, 0, 1, 0, 0, 0, 1, 0, 1, 3, 0, 1, 0, 0, 0, 1, 0, 1, 1, 2, 0, 1, 0, 1, 1, 1, 0, 0, 2, 0, 0, 2, 1, 1, 0, 0, 1, 2, 1, 1, 1, 0, 1, 1, 4, 1, 1, 2, 0, 1, 1, 0, 5, 0, 1, 1, 1, 0, 0, 1, 2, 2, 0, 1, 0, 1, 2, 2, 2, 0, 1, 1, 0, 0, 1, 1, 0, 0, 1, 1, 1, 0, 2, 0, 0, 1, 1, 1, 2, 1, 1, 3, 1, 0, 0, 1, 1, 0, 1, 2, 0, 1, 1, 1, 0, 0, 1, 1, 1, 2, 1, 0, 0, 1, 0, 3, 0, 1, 0, 1, 0, 3, 0, 0, 1, 1, 0, 2, 0, 0, 1, 1, 1, 2, 1, 1, 1, 0, 1, 0, 2, 2, 0, 0, 0, 2, 1, 0, 2, 1, 0, 0, 0, 1, 0, 1, 0, 1, 1, 1, 1, 2, 1, 1, 0, 1, 0, 1, 0, 0, 0, 0, 0, 0, 0, 1, 2, 2, 2, 0, 1, 4, 0, 1, 1, 1, 1, 1, 0, 1, 1, 1, 0, 0, 0, 0, 1, 0, 1, 1, 2, 1, 1, 1, 0, 0, 1, 0, 1, 1, 3, 0, 2, 0, 0, 2, 0, 2, 1, 0, 0, 2, 1, 2, 0, 1, 1, 0, 0, 0, 0, 0, 1, 0, 0, 0, 1, 2, 1, 3, 2, 1, 2, 1, 3, 3, 1, 0, 1, 0, 2, 2, 2, 0, 1, 1, 1, 0, 1, 1, 0, 1, 0, 1, 0, 1, 1, 0, 0, 1, 1, 0, 0, 0, 2, 0, 1, 1, 0, 0, 2]

Mean:0.832
Median:1.0
Mode:1
Seed:519


[14, 14, 15, 15, 15, 14, 15, 13, 14, 15, 14, 14, 14, 14, 13, 14, 13, 14, 14, 15, 15, 14, 14, 13, 13, 14, 14, 14, 14, 13, 14, 13, 13, 13, 16, 13, 14, 14, 15, 13, 14, 14, 13, 13, 13, 14, 14, 14, 13, 14, 14, 15, 14, 14, 16, 14, 15, 14, 14, 13, 16, 14, 13, 14, 13, 14, 13, 15, 14, 14, 14, 13, 13, 14, 16, 14, 14, 13, 14, 17, 14, 13, 13, 16, 14, 16, 14, 13, 13, 14, 14, 13, 14, 13, 16, 13, 14, 14, 13, 13, 14, 14, 16, 16, 15, 14, 14, 13, 13, 15, 14, 13, 14, 13, 13, 14, 14, 13, 14, 13, 14, 13, 14, 13, 14, 14, 15, 15, 13, 13, 15, 14, 14, 14, 14, 14, 14, 13, 14, 14, 14, 15, 14, 14, 14, 13, 13, 15, 13, 13, 15, 13, 16, 14, 14, 13, 14, 13, 14, 13, 14, 17, 14, 14, 14, 14, 13, 14, 14, 13, 15, 13, 14, 13, 14, 14, 13, 14, 14, 13, 16, 13, 14, 14, 13, 14, 13, 13, 14, 13, 13, 13, 13, 14, 16, 14, 14, 13, 14, 14, 14, 15, 14, 13, 17, 15, 14, 14, 14, 15, 15, 14, 13, 14, 14, 15, 14, 14, 14, 14, 16, 13, 14, 14, 13, 15, 14, 14, 14, 14, 14, 14, 14, 14, 14, 15, 13, 17, 14, 14, 14, 14, 13, 14, 14, 14, 15, 13, 14, 14, 13, 13, 13, 13, 13, 13, 14, 14, 15, 15, 13, 13, 13, 13, 13, 13, 14, 14, 15, 15, 13, 13, 13, 14, 16, 16, 14, 14, 14, 14, 15, 13, 15, 15, 15, 14, 14, 14, 13, 14, 14, 15, 14, 14, 14, 14, 13, 13, 14, 13, 14, 16, 13, 13, 15, 14, 13, 14, 13, 13, 14, 14, 13, 14, 13, 14, 14, 13, 13, 14, 14, 15, 13, 13, 14, 14, 13, 14, 16, 14, 13, 14, 13, 13, 13, 13, 13, 14, 14, 14, 14, 14, 14, 14, 13, 13, 14, 13, 13, 14, 13, 14, 14, 13, 14, 14, 14, 13, 15, 14, 15, 14, 14, 14, 14, 14, 14, 14, 13, 15, 14, 14, 13, 15, 14, 15, 13, 15, 13, 14, 15, 14, 13, 16, 13, 13, 15, 13, 14, 16, 14, 15, 14, 13, 15, 14, 14, 14, 14, 14, 16, 13, 15, 14, 15, 16, 14, 14, 14, 14, 14, 14, 14, 14, 15, 15, 13, 14, 14, 15, 14, 14, 13, 15, 14, 13, 14, 13, 13, 14, 14, 14, 14, 14, 14, 14, 14, 14, 14, 14, 14, 15, 14, 13, 15, 13, 13, 15, 13, 13, 14, 14, 14, 13, 14, 15, 13, 13, 14, 13, 15, 13, 16, 14, 14, 14, 15, 14, 14, 14, 15, 14, 14, 14, 13, 13, 13, 14, 14, 15, 13, 13, 15, 15, 14, 13, 15, 13, 14, 15, 14, 15, 15, 15, 13, 15, 13, 14, 13, 14]

Mean:13.948
Median:14.0
Mode:14
Seed:334


[14, 11, 11, 6, 11, 11, 7, 0, 2, 13, 3, 2, 0, 10, 3, 10, 8, 0, 11, 10, 10, 12, 12, 5, 5, 11, 10, 11, 11, 11, 14, 0, 13, 2, 0, 10, 8, 8, 10, 1, 15, 0, 0, 4, 12, 16, 0, 6, 11, 5, 12, 0, 5, 3, 3, 4, 2, 11, 0, 13, 1, 13, 4, 9, 4, 2, 3, 7, 9, 1, 10, 0, 10, 11, 1, 15, 12, 15, 10, 11, 3, 0, 0, 5, 10, 12, 11, 12, 6, 0, 15, 10, 11, 14, 13, 10, 0, 5, 11, 2, 1, 12, 1, 6, 12, 11, 0, 3, 12, 12, 11, 3, 4, 10, 10, 9, 17, 2, 15, 4, 11, 10, 10, 13, 14, 5, 8, 9, 15, 15, 10, 5, 0, 6, 0, 0, 4, 13, 1, 10, 10, 2, 10, 7, 14, 9, 12, 10, 1, 0, 14, 1, 0, 14, 10, 1, 1, 0, 5, 10, 5, 15, 11, 4, 11, 10, 15, 11, 10, 11, 13, 11, 2, 10, 2, 4, 10, 2, 14, 0, 10, 10, 11, 15, 11, 2, 10, 10, 6, 0, 6, 9, 10, 7, 0, 7, 14, 10, 1, 12, 0, 0, 0, 0, 10, 10, 6, 0, 3, 9, 10, 13, 0, 13, 11, 0, 15, 0, 10, 4, 3, 3, 10, 16, 0, 0, 10, 9, 0, 14, 12, 11, 7, 11, 9, 10, 10, 13, 8, 12, 15, 12, 0, 10, 7, 11, 8, 11, 10, 0, 10, 12, 6, 5, 11, 4, 0, 0, 12, 0, 1, 9, 12, 7, 7, 3, 2, 14, 3, 10, 14, 14, 13, 0, 5, 10, 0, 15, 0, 12, 15, 11, 15, 10, 11, 7, 10, 10, 8, 14, 13, 16, 0, 0, 1, 6, 13, 1, 10, 15, 9, 7, 13, 1, 10, 2, 14, 12, 0, 0, 5, 11, 11, 10, 0, 9, 4, 10, 11, 11, 14, 10, 15, 2, 12, 0, 12, 10, 10, 6, 0, 0, 8, 12, 12, 10, 0, 15, 0, 14, 1, 0, 10, 16, 10, 0, 10, 13, 1, 3, 5, 14, 15, 11, 5, 13, 18, 0, 11, 12, 13, 11, 12, 6, 10, 8, 0, 0, 5, 10, 8, 11, 0, 0, 9, 11, 3, 10, 9, 11, 12, 12, 4, 6, 3, 0, 10, 13, 9, 0, 1, 11, 13, 11, 16, 12, 13, 0, 5, 0, 1, 10, 4, 1, 13, 5, 8, 0, 13, 13, 10, 1, 1, 1, 0, 5, 10, 7, 11, 8, 0, 0, 4, 10, 0, 10, 11, 10, 0, 5, 10, 10, 10, 4, 10, 11, 9, 10, 12, 12, 10, 10, 0, 4, 12, 1, 8, 15, 1, 0, 13, 10, 0, 18, 2, 1, 11, 11, 14, 0, 1, 1, 14, 14, 13, 11, 5, 1, 11, 0, 1, 8, 4, 0, 10, 18, 4, 10, 9, 15, 1, 11, 12, 11, 14, 3, 7, 12, 15, 10, 8, 15, 0, 10, 10, 0, 12, 13, 10, 14]

Mean:7.588
Median:10.0
Mode:10
Seed:115


[1, 1, 0, 0, 3, 1, 0, 0, 0, 0, 2, 0, 0, 1, 1, 0, 0, 0, 0, 0, 0, 0, 0, 0, 1, 1, 2, 0, 1, 0, 0, 0, 1, 2, 0, 0, 0, 1, 0, 0, 0, 0, 0, 1, 0, 1, 0, 0, 0, 0, 0, 0, 0, 1, 1, 0, 0, 0, 0, 1, 0, 1, 1, 1, 0, 0, 1, 0, 0, 0, 0, 1, 0, 0, 1, 0, 0, 1, 0, 0, 0, 1, 0, 0, 0, 0, 1, 0, 1, 0, 0, 0, 0, 0, 1, 0, 0, 2, 0, 0, 0, 0, 2, 0, 0, 0, 0, 1, 0, 0, 1, 1, 1, 1, 1, 0, 1, 0, 2, 0, 1, 0, 1, 0, 0, 0, 0, 0, 0, 1, 0, 2, 0, 1, 1, 0, 0, 1, 2, 0, 0, 0, 1, 0, 0, 1, 0, 0, 0, 0, 0, 1, 0, 1, 0, 1, 0, 0, 0, 0, 1, 0, 0, 0, 0, 2, 0, 1, 1, 0, 1, 1, 0, 1, 0, 0, 0, 1, 0, 0, 0, 0, 0, 1, 0, 0, 0, 1, 0, 2, 1, 1, 0, 0, 1, 0, 0, 0, 0, 1, 0, 0, 1, 0, 0, 2, 2, 0, 0, 0, 0, 0, 2, 0, 0, 1, 1, 3, 2, 0, 0, 1, 0, 0, 0, 0, 0, 0, 2, 2, 0, 0, 2, 0, 0, 0, 1, 1, 0, 0, 1, 0, 0, 1, 0, 0, 0, 0, 0, 0, 0, 0, 0, 1, 0, 0, 1, 0, 0, 0, 2, 1, 0, 0, 0, 0, 0, 0, 1, 1, 0, 1, 0, 3, 0, 0, 0, 2, 0, 0, 0, 0, 0, 0, 0, 0, 0, 0, 0, 2, 1, 0, 0, 0, 0, 0, 0, 0, 0, 0, 0, 0, 0, 0, 1, 0, 0, 0, 2, 0, 1, 1, 0, 0, 0, 0, 0, 0, 1, 0, 0, 1, 0, 0, 1, 0, 0, 1, 0, 0, 0, 0, 1, 1, 0, 0, 1, 1, 0, 0, 1, 0, 0, 0, 0, 0, 2, 0, 1, 2, 0, 0, 0, 0, 0, 0, 1, 0, 0, 0, 0, 0, 0, 0, 0, 0, 0, 0, 0, 0, 0, 0, 0, 0, 1, 1, 0, 0, 1, 2, 1, 1, 0, 0, 0, 0, 0, 0, 1, 2, 2, 0, 1, 1, 0, 0, 2, 1, 0, 0, 0, 0, 1, 0, 0, 0, 2, 2, 1, 0, 0, 1, 0, 0, 0, 0, 0, 1, 0, 1, 0, 0, 0, 0, 1, 0, 0, 1, 0, 0, 0, 0, 0, 0, 0, 0, 0, 0, 1, 0, 0, 0, 0, 1, 0, 1, 0, 0, 1, 0, 1, 2, 0, 1, 0, 1, 0, 1, 0, 0, 1, 1, 0, 0, 1, 0, 1, 0, 0, 0, 0, 0, 1, 0, 0, 0, 0, 0, 0, 0, 1, 1, 0, 0, 1, 1, 1, 0, 0, 0, 0, 0, 0, 0, 0, 0, 0, 1, 0, 1]

Mean:0.382
Median:0.0
Mode:0
Seed:425


[0, 0, 0, 0, 0, 0, 0, 0, 0, 0, 0, 0, 0, 0, 0, 0, 1, 0, 0, 0, 0, 0, 0, 0, 0, 0, 0, 0, 0, 0, 1, 1, 0, 0, 0, 0, 0, 0, 1, 0, 2, 0, 0, 0, 0, 0, 0, 0, 0, 0, 0, 2, 0, 0, 3, 1, 1, 0, 0, 0, 1, 3, 0, 1, 0, 0, 0, 0, 0, 0, 0, 1, 3, 0, 0, 0, 0, 0, 0, 0, 0, 0, 0, 0, 0, 2, 0, 0, 0, 0, 0, 0, 0, 0, 0, 0, 0, 0, 0, 2, 0, 1, 0, 0, 0, 0, 0, 0, 0, 4, 0, 0, 0, 0, 0, 0, 0, 2, 0, 0, 0, 0, 0, 0, 1, 0, 0, 0, 0, 0, 1, 1, 0, 0, 0, 0, 0, 0, 2, 2, 0, 3, 0, 0, 3, 0, 0, 0, 3, 1, 0, 0, 0, 1, 0, 1, 1, 0, 0, 0, 0, 2, 2, 2, 3, 0, 0, 0, 0, 2, 0, 2, 0, 0, 0, 0, 0, 0, 0, 0, 0, 0, 0, 0, 0, 0, 0, 0, 0, 0, 0, 0, 0, 1, 0, 1, 0, 0, 0, 0, 0, 0, 3, 0, 0, 0, 0, 0, 0, 0, 0, 0, 0, 2, 0, 0, 0, 0, 2, 0, 0, 0, 0, 0, 0, 0, 3, 0, 0, 0, 0, 0, 0, 0, 1, 4, 0, 0, 3, 2, 0, 0, 0, 0, 0, 0, 0, 0, 0, 0, 0, 0, 0, 0, 2, 0, 0, 0, 0, 2, 0, 0, 1, 1, 1, 0, 0, 0, 0, 0, 1, 0, 1, 0, 0, 0, 1, 0, 1, 0, 4, 1, 0, 1, 0, 0, 0, 0, 0, 0, 0, 0, 3, 0, 1, 0, 0, 0, 0, 2, 0, 0, 0, 0, 0, 0, 0, 0, 0, 0, 0, 0, 0, 0, 0, 0, 0, 0, 0, 0, 0, 0, 0, 0, 0, 0, 1, 0, 2, 0, 0, 0, 4, 2, 0, 0, 0, 0, 1, 0, 0, 0, 0, 0, 0, 0, 0, 2, 1, 2, 0, 0, 0, 0, 0, 0, 0, 0, 0, 0, 0, 0, 0, 0, 3, 0, 0, 0, 0, 0, 0, 0, 0, 0, 4, 0, 2, 0, 2, 0, 1, 0, 0, 0, 0, 0, 0, 0, 0, 0, 0, 0, 2, 0, 0, 0, 2, 0, 0, 0, 0, 0, 2, 0, 2, 0, 1, 0, 0, 0, 0, 0, 0, 0, 0, 0, 0, 0, 0, 0, 1, 0, 4, 0, 1, 0, 0, 0, 0, 0, 0, 0, 0, 0, 0, 0, 0, 4, 0, 0, 0, 2, 0, 0, 2, 0, 0, 0, 0, 0, 1, 0, 0, 0, 0, 0, 0, 0, 0, 0, 0, 0, 1, 0, 0, 0, 0, 0, 0, 0, 0, 0, 0, 0, 0, 0, 1, 0, 0, 0, 0, 0, 0, 0, 0, 0, 0, 0, 0, 0, 1, 0, 0, 0, 0, 0, 1, 0, 0, 0]

Mean:0.332
Median:0.0
Mode:0
Seed:685


[14, 14, 14, 15, 14, 14, 16, 15, 14, 14, 14, 17, 14, 15, 14, 14, 14, 14, 14, 14, 16, 14, 14, 14, 15, 14, 15, 15, 17, 14, 15, 14, 14, 14, 15, 14, 14, 14, 14, 17, 14, 15, 15, 14, 14, 14, 14, 15, 16, 14, 14, 14, 14, 14, 14, 16, 14, 14, 15, 14, 14, 15, 15, 16, 14, 14, 14, 15, 14, 14, 15, 14, 14, 14, 15, 14, 15, 14, 15, 14, 14, 15, 15, 16, 14, 15, 14, 14, 15, 14, 15, 14, 14, 15, 14, 14, 14, 15, 16, 15, 15, 14, 14, 14, 14, 14, 14, 14, 14, 14, 14, 15, 16, 14, 16, 14, 15, 15, 14, 14, 14, 14, 14, 14, 15, 14, 15, 14, 14, 14, 14, 15, 15, 14, 14, 14, 15, 15, 14, 14, 16, 15, 14, 15, 14, 14, 14, 14, 17, 14, 15, 14, 14, 14, 14, 14, 14, 15, 14, 15, 16, 14, 17, 15, 17, 14, 14, 16, 14, 14, 14, 14, 15, 14, 14, 15, 14, 15, 14, 15, 15, 14, 14, 14, 14, 14, 16, 14, 14, 15, 15, 14, 14, 14, 14, 14, 14, 15, 14, 15, 15, 14, 14, 14, 15, 14, 14, 14, 16, 14, 14, 14, 14, 16, 14, 15, 14, 15, 14, 14, 15, 14, 14, 14, 14, 15, 14, 14, 15, 15, 14, 14, 16, 14, 14, 14, 15, 14, 14, 14, 14, 15, 14, 15, 14, 14, 14, 14, 14, 16, 15, 14, 14, 14, 15, 14, 14, 14, 14, 15, 14, 16, 15, 15, 15, 14, 14, 15, 15, 14, 15, 15, 14, 14, 14, 14, 14, 14, 14, 15, 15, 17, 14, 14, 14, 14, 16, 14, 14, 15, 14, 15, 14, 14, 14, 14, 14, 16, 14, 14, 14, 15, 14, 14, 14, 14, 14, 14, 14, 16, 16, 14, 15, 14, 15, 14, 14, 15, 15, 14, 14, 15, 14, 14, 15, 16, 14, 14, 15, 15, 14, 15, 15, 14, 14, 14, 15, 14, 14, 14, 14, 14, 15, 15, 15, 14, 15, 14, 14, 14, 14, 14, 14, 14, 15, 14, 15, 15, 15, 15, 16, 14, 15, 14, 15, 15, 14, 15, 14, 17, 14, 16, 14, 14, 14, 14, 15, 14, 14, 15, 14, 15, 14, 14, 14, 14, 14, 14, 14, 14, 14, 14, 14, 15, 14, 15, 14, 17, 14, 15, 14, 15, 14, 14, 14, 14, 14, 15, 14, 14, 14, 15, 14, 14, 14, 14, 14, 14, 14, 14, 15, 14, 14, 14, 14, 14, 15, 14, 14, 15, 14, 14, 15, 14, 17, 15, 15, 14, 14, 14, 14, 14, 14, 15, 15, 14, 14, 14, 14, 14, 14, 14, 14, 14, 14, 15, 14, 14, 14, 15, 14, 14, 14, 14, 14, 14, 14, 14, 14, 14, 14, 15, 14, 14, 16, 14, 14, 15, 14, 14, 14, 15, 14, 14, 16, 15, 15, 14, 14, 15, 14, 15, 15, 14, 14, 14, 16, 15, 16, 14]

Mean:14.436
Median:14.0
Mode:14
Seed:739


[14, 14, 14, 13, 13, 13, 5, 17, 13, 13, 13, 14, 13, 13, 14, 13, 13, 15, 13, 13, 13, 14, 14, 14, 13, 13, 14, 13, 13, 15, 14, 13, 13, 13, 13, 13, 14, 15, 13, 13, 15, 13, 13, 15, 13, 14, 14, 13, 13, 15, 14, 15, 15, 13, 13, 13, 13, 13, 13, 13, 13, 13, 13, 14, 13, 14, 15, 13, 13, 14, 13, 13, 13, 13, 13, 13, 13, 13, 13, 14, 13, 13, 14, 13, 15, 15, 14, 4, 5, 13, 13, 13, 13, 13, 13, 14, 13, 16, 13, 14, 13, 13, 14, 14, 6, 13, 14, 13, 13, 13, 13, 14, 13, 13, 13, 13, 15, 13, 17, 14, 1, 13, 13, 13, 15, 13, 14, 15, 15, 3, 13, 13, 14, 3, 13, 13, 14, 15, 17, 13, 13, 13, 14, 13, 15, 13, 16, 13, 14, 15, 14, 13, 16, 13, 14, 13, 13, 13, 15, 13, 13, 13, 14, 14, 13, 14, 14, 13, 13, 13, 13, 13, 13, 13, 13, 13, 13, 13, 13, 13, 14, 13, 13, 15, 11, 14, 13, 13, 14, 13, 13, 15, 13, 14, 17, 13, 13, 13, 13, 13, 13, 13, 15, 14, 3, 13, 15, 13, 13, 13, 14, 13, 13, 15, 13, 13, 13, 13, 13, 13, 13, 14, 13, 15, 14, 14, 13, 14, 14, 13, 13, 13, 13, 15, 13, 13, 14, 13, 15, 13, 14, 13, 13, 14, 13, 15, 6, 15, 13, 5, 13, 14, 13, 13, 13, 13, 13, 13, 14, 13, 13, 13, 13, 14, 13, 14, 14, 14, 14, 13, 14, 13, 13, 13, 13, 13, 15, 15, 15, 13, 16, 14, 14, 14, 14, 13, 13, 13, 14, 14, 14, 13, 13, 3, 13, 14, 13, 13, 14, 16, 13, 13, 13, 13, 18, 13, 15, 13, 13, 15, 13, 14, 14, 13, 14, 14, 14, 13, 14, 14, 13, 14, 13, 13, 13, 13, 13, 13, 14, 13, 14, 13, 13, 13, 14, 13, 14, 15, 13, 13, 14, 14, 16, 13, 13, 13, 15, 15, 13, 13, 14, 14, 13, 14, 13, 13, 14, 15, 13, 13, 13, 13, 15, 13, 13, 13, 13, 13, 14, 3, 16, 14, 13, 14, 13, 14, 14, 15, 13, 13, 13, 16, 13, 14, 13, 13, 15, 15, 14, 13, 14, 13, 14, 14, 15, 15, 13, 14, 13, 13, 14, 13, 13, 13, 15, 14, 4, 4, 14, 14, 14, 13, 13, 13, 14, 13, 13, 14, 13, 14, 13, 15, 13, 13, 14, 15, 13, 13, 13, 14, 14, 13, 13, 13, 15, 13, 14, 13, 15, 15, 16, 13, 13, 13, 13, 16, 13, 16, 14, 14, 15, 13, 14, 13, 14, 16, 13, 14, 14, 14, 13, 13, 13, 14, 13, 13, 14, 13, 14, 13, 13, 13, 13, 14, 15, 13, 13, 13, 14, 13, 13, 13, 14, 14, 15, 13, 13, 13, 13, 13, 16, 13, 13, 13, 2, 15, 15, 13, 13, 13]

Mean:13.308
Median:13.0
Mode:13
Seed:182


[14, 11, 6, 13, 9, 0, 15, 14, 14, 1, 1, 14, 14, 14, 5, 15, 13, 14, 1, 14, 13, 15, 14, 8, 2, 14, 15, 14, 1, 14, 14, 8, 13, 6, 9, 15, 16, 13, 13, 14, 15, 13, 14, 6, 1, 0, 9, 13, 2, 13, 1, 9, 14, 15, 1, 13, 14, 13, 13, 2, 14, 2, 1, 13, 17, 0, 13, 16, 14, 14, 0, 15, 5, 14, 14, 4, 5, 15, 12, 13, 1, 13, 10, 14, 14, 13, 14, 2, 13, 7, 11, 13, 13, 14, 13, 7, 14, 14, 10, 13, 4, 8, 14, 14, 13, 13, 5, 2, 16, 13, 14, 14, 15, 9, 0, 13, 14, 5, 14, 13, 1, 9, 8, 14, 14, 9, 0, 13, 14, 3, 5, 2, 13, 1, 2, 15, 10, 13, 2, 14, 13, 14, 9, 13, 11, 7, 2, 13, 15, 14, 7, 3, 6, 13, 13, 15, 13, 11, 13, 12, 14, 1, 14, 2, 14, 14, 5, 8, 14, 13, 14, 15, 13, 14, 14, 5, 14, 13, 5, 13, 8, 10, 14, 14, 13, 15, 13, 11, 10, 13, 5, 14, 0, 14, 13, 4, 13, 15, 9, 14, 14, 13, 14, 13, 9, 14, 14, 13, 1, 14, 3, 4, 5, 8, 10, 6, 16, 13, 10, 12, 5, 13, 13, 13, 13, 13, 13, 14, 12, 2, 0, 13, 3, 6, 13, 13, 13, 15, 15, 3, 14, 14, 5, 0, 13, 15, 13, 12, 14, 14, 13, 15, 2, 14, 14, 15, 15, 10, 12, 14, 1, 10, 3, 14, 2, 6, 13, 3, 13, 14, 16, 13, 10, 14, 14, 7, 2, 13, 5, 5, 15, 13, 13, 13, 0, 5, 0, 15, 14, 15, 14, 15, 17, 12, 13, 12, 2, 7, 14, 15, 14, 14, 13, 13, 13, 14, 14, 11, 14, 9, 13, 2, 9, 13, 9, 0, 6, 4, 5, 13, 7, 14, 6, 14, 13, 7, 15, 15, 14, 6, 15, 15, 15, 14, 4, 14, 14, 17, 13, 9, 13, 13, 2, 4, 5, 0, 14, 15, 14, 11, 14, 13, 7, 14, 4, 13, 15, 14, 10, 14, 3, 13, 4, 3, 8, 13, 15, 13, 1, 15, 12, 14, 16, 11, 14, 14, 14, 14, 13, 14, 2, 13, 0, 11, 14, 0, 14, 15, 13, 3, 15, 12, 9, 14, 16, 5, 13, 10, 15, 1, 15, 3, 13, 15, 14, 3, 14, 15, 5, 3, 5, 14, 13, 14, 13, 14, 3, 10, 13, 14, 14, 2, 15, 13, 4, 1, 0, 14, 2, 14, 13, 0, 13, 13, 11, 4, 13, 14, 15, 13, 1, 13, 12, 13, 13, 5, 9, 4, 0, 14, 8, 14, 13, 11, 13, 16, 7, 14, 10, 14, 2, 9, 4, 0, 5, 0, 15, 14, 14, 3, 5, 9, 5, 14, 11, 4, 4, 14, 15, 14, 14, 13, 15, 16, 14, 15, 0, 8, 13, 13, 11, 14, 10, 13, 14, 15, 13, 14, 10, 14]

Mean:10.418
Median:13.0
Mode:14
Seed:181


[0, 0, 0, 2, 0, 2, 2, 0, 0, 1, 0, 1, 0, 0, 1, 0, 0, 0, 0, 0, 0, 0, 1, 0, 1, 1, 0, 0, 0, 0, 1, 1, 0, 0, 2, 1, 0, 0, 0, 0, 0, 0, 0, 0, 0, 1, 0, 0, 0, 0, 0, 0, 1, 0, 1, 0, 1, 0, 0, 0, 0, 0, 0, 0, 0, 1, 1, 0, 0, 0, 0, 0, 0, 1, 0, 1, 0, 0, 0, 0, 0, 0, 0, 0, 0, 0, 0, 1, 1, 1, 0, 0, 0, 1, 1, 2, 2, 0, 1, 0, 0, 0, 1, 1, 0, 0, 0, 1, 0, 0, 0, 2, 0, 1, 0, 0, 0, 1, 1, 1, 1, 1, 0, 1, 0, 0, 1, 0, 0, 0, 0, 0, 1, 2, 0, 0, 0, 0, 0, 0, 0, 0, 0, 1, 0, 0, 0, 0, 0, 0, 0, 0, 1, 1, 0, 1, 0, 1, 0, 0, 1, 0, 0, 0, 0, 0, 0, 0, 2, 0, 0, 0, 1, 0, 0, 0, 0, 0, 0, 0, 0, 1, 0, 0, 1, 2, 0, 1, 2, 0, 0, 0, 0, 0, 0, 3, 0, 0, 0, 0, 0, 0, 0, 1, 0, 1, 0, 0, 1, 1, 1, 1, 0, 0, 0, 1, 0, 1, 0, 1, 0, 0, 0, 1, 0, 2, 0, 0, 0, 1, 0, 1, 0, 1, 1, 0, 0, 0, 0, 1, 0, 2, 1, 0, 0, 0, 0, 0, 0, 0, 0, 1, 1, 1, 0, 0, 1, 0, 1, 0, 0, 1, 1, 0, 1, 1, 0, 1, 0, 0, 0, 1, 0, 0, 1, 0, 0, 0, 0, 0, 0, 1, 1, 0, 0, 1, 3, 0, 1, 1, 0, 0, 0, 2, 0, 0, 0, 0, 1, 0, 0, 0, 0, 1, 0, 1, 0, 0, 0, 0, 0, 1, 0, 0, 0, 0, 0, 2, 0, 0, 1, 0, 0, 1, 0, 0, 0, 0, 0, 0, 0, 0, 1, 0, 0, 1, 0, 0, 1, 0, 2, 1, 0, 0, 0, 0, 1, 0, 0, 0, 0, 1, 0, 1, 1, 0, 0, 0, 0, 0, 0, 2, 1, 0, 0, 0, 1, 1, 0, 1, 1, 1, 0, 0, 0, 0, 0, 0, 0, 0, 0, 0, 1, 1, 1, 0, 0, 1, 1, 0, 0, 0, 0, 0, 0, 0, 0, 0, 0, 0, 1, 1, 0, 0, 0, 0, 0, 0, 0, 0, 0, 0, 1, 0, 0, 0, 0, 0, 0, 1, 0, 0, 1, 0, 0, 0, 1, 0, 0, 0, 0, 0, 1, 0, 0, 0, 0, 1, 1, 1, 0, 0, 1, 0, 0, 1, 0, 0, 0, 0, 0, 0, 0, 0, 0, 0, 0, 0, 1, 2, 0, 0, 0, 0, 2, 0, 1, 1, 1, 2, 0, 0, 1, 0, 0, 0, 0, 0, 0, 0, 0, 0, 1, 0, 0, 1, 2, 0, 0, 1, 0, 0, 1, 0, 0, 1, 0, 0, 1, 0]

Mean:0.348
Median:0.0
Mode:0
Seed:238


[0, 0, 1, 0, 1, 0, 0, 0, 0, 1, 1, 0, 1, 0, 0, 0, 2, 1, 0, 0, 0, 0, 1, 0, 0, 0, 0, 1, 0, 1, 1, 1, 1, 1, 0, 1, 0, 0, 0, 0, 0, 0, 2, 1, 0, 1, 1, 0, 1, 1, 1, 0, 1, 0, 0, 1, 0, 1, 0, 0, 0, 0, 1, 0, 0, 0, 1, 2, 1, 0, 0, 0, 0, 0, 0, 0, 0, 1, 1, 1, 0, 0, 0, 0, 1, 0, 1, 0, 0, 1, 1, 0, 0, 0, 1, 2, 1, 0, 0, 0, 0, 1, 0, 1, 2, 0, 0, 0, 0, 0, 1, 1, 1, 2, 0, 0, 0, 1, 0, 0, 1, 0, 0, 0, 0, 1, 0, 0, 0, 0, 0, 0, 0, 1, 1, 0, 1, 0, 0, 0, 0, 2, 0, 2, 1, 0, 1, 0, 0, 0, 1, 1, 0, 0, 0, 1, 0, 0, 1, 0, 0, 0, 1, 0, 0, 0, 0, 0, 0, 0, 0, 1, 0, 0, 0, 0, 1, 0, 1, 0, 1, 1, 0, 0, 0, 0, 0, 1, 0, 0, 0, 0, 0, 1, 0, 0, 0, 1, 0, 1, 0, 0, 1, 0, 1, 0, 1, 0, 0, 0, 0, 1, 0, 1, 1, 2, 0, 0, 0, 1, 0, 2, 0, 0, 0, 0, 1, 0, 0, 0, 2, 0, 1, 1, 0, 3, 0, 1, 0, 0, 1, 0, 1, 0, 0, 1, 1, 0, 0, 0, 0, 1, 0, 0, 0, 0, 2, 0, 1, 1, 0, 0, 2, 0, 2, 1, 0, 0, 1, 2, 1, 0, 2, 1, 1, 0, 0, 0, 1, 1, 0, 2, 1, 1, 0, 1, 1, 1, 0, 0, 1, 1, 1, 0, 1, 0, 0, 1, 0, 0, 0, 1, 2, 0, 0, 0, 1, 0, 1, 0, 1, 0, 0, 0, 1, 1, 1, 0, 1, 1, 0, 0, 1, 1, 0, 0, 0, 1, 1, 0, 1, 0, 0, 2, 0, 0, 0, 0, 0, 1, 1, 1, 0, 0, 1, 1, 0, 2, 1, 0, 0, 0, 1, 0, 0, 1, 0, 0, 0, 0, 0, 0, 0, 0, 0, 2, 0, 0, 0, 1, 1, 0, 0, 0, 1, 0, 0, 1, 0, 0, 1, 0, 0, 1, 1, 0, 1, 1, 1, 0, 1, 0, 1, 0, 0, 0, 0, 1, 1, 1, 1, 0, 1, 0, 0, 0, 1, 0, 1, 0, 0, 2, 0, 0, 0, 0, 1, 0, 0, 0, 0, 1, 0, 2, 0, 0, 0, 1, 1, 0, 2, 0, 1, 0, 0, 4, 1, 0, 0, 0, 0, 0, 1, 2, 1, 0, 0, 0, 0, 0, 0, 1, 0, 2, 0, 1, 0, 0, 0, 1, 0, 0, 0, 0, 0, 1, 0, 0, 0, 0, 3, 0, 0, 0, 1, 0, 0, 0, 1, 0, 0, 1, 0, 2, 1, 0, 3, 1, 0, 0, 0, 0, 1, 1, 1, 0, 0, 1, 0, 1]

Mean:0.454
Median:0.0
Mode:0
Seed:460


[3, 3, 0, 6, 0, 4, 5, 2, 5, 10, 7, 5, 0, 8, 3, 2, 0, 1, 4, 4, 3, 3, 2, 3, 4, 12, 5, 6, 2, 1, 0, 1, 4, 0, 0, 8, 1, 10, 0, 0, 3, 0, 11, 0, 2, 2, 2, 5, 0, 0, 1, 2, 2, 4, 3, 4, 0, 0, 0, 1, 5, 1, 1, 0, 1, 3, 6, 4, 0, 9, 1, 0, 1, 4, 2, 8, 2, 2, 3, 0, 10, 6, 1, 7, 0, 0, 1, 0, 1, 6, 8, 0, 13, 0, 1, 0, 3, 1, 5, 0, 1, 3, 3, 3, 2, 0, 5, 3, 1, 1, 2, 3, 0, 0, 0, 7, 2, 4, 1, 2, 3, 11, 1, 0, 0, 2, 0, 2, 0, 1, 1, 9, 3, 0, 2, 0, 7, 1, 10, 0, 3, 3, 1, 9, 0, 1, 1, 2, 7, 5, 1, 5, 1, 2, 2, 3, 2, 1, 4, 2, 3, 3, 5, 0, 2, 1, 1, 0, 3, 0, 3, 4, 6, 1, 1, 0, 10, 3, 1, 2, 2, 2, 2, 7, 2, 1, 3, 0, 0, 0, 0, 7, 1, 0, 7, 2, 5, 2, 1, 6, 7, 8, 1, 0, 6, 3, 5, 10, 2, 1, 2, 1, 12, 9, 0, 3, 2, 2, 5, 2, 8, 2, 8, 0, 4, 4, 0, 0, 1, 10, 0, 5, 0, 8, 0, 4, 7, 0, 7, 1, 8, 0, 2, 0, 10, 7, 5, 0, 0, 1, 1, 0, 0, 0, 2, 4, 0, 1, 0, 6, 8, 0, 2, 1, 5, 0, 2, 2, 0, 4, 2, 8, 2, 0, 4, 3, 0, 2, 0, 11, 4, 3, 1, 4, 0, 2, 8, 5, 1, 2, 1, 0, 4, 0, 2, 11, 1, 0, 0, 3, 5, 0, 6, 1, 10, 4, 0, 5, 0, 0, 2, 0, 0, 0, 0, 2, 2, 1, 2, 3, 2, 5, 2, 2, 2, 5, 11, 6, 1, 13, 0, 1, 1, 7, 0, 11, 1, 4, 8, 0, 2, 3, 0, 1, 0, 2, 3, 0, 0, 10, 2, 0, 6, 6, 0, 1, 2, 0, 0, 2, 0, 2, 0, 5, 0, 0, 1, 0, 1, 0, 6, 3, 11, 1, 5, 10, 7, 0, 4, 0, 3, 7, 1, 0, 0, 3, 1, 1, 8, 5, 10, 3, 5, 1, 3, 0, 5, 0, 5, 12, 2, 2, 0, 1, 2, 0, 3, 4, 0, 1, 1, 5, 3, 0, 1, 1, 2, 3, 6, 8, 0, 0, 2, 2, 0, 0, 0, 0, 0, 0, 6, 0, 0, 1, 1, 1, 2, 4, 1, 10, 9, 0, 0, 8, 3, 1, 2, 1, 3, 0, 0, 5, 2, 0, 2, 2, 9, 1, 1, 13, 0, 4, 0, 0, 0, 1, 1, 0, 10, 0, 5, 0, 1, 1, 1, 4, 4, 3, 0, 2, 0, 4, 2, 5, 1, 7, 2, 10, 2, 1, 0, 1, 2, 2, 4, 0, 3, 11, 5, 2]

Mean:2.764
Median:2.0
Mode:0
Seed:966


[0, 0, 0, 0, 0, 0, 0, 0, 0, 0, 0, 0, 0, 0, 0, 0, 0, 0, 0, 0, 0, 0, 0, 0, 0, 0, 0, 0, 0, 0, 0, 0, 0, 0, 0, 0, 0, 0, 0, 1, 1, 0, 0, 0, 0, 0, 0, 0, 2, 0, 0, 0, 0, 1, 0, 0, 0, 0, 0, 0, 0, 0, 0, 0, 0, 0, 0, 0, 0, 0, 1, 1, 0, 0, 0, 0, 0, 0, 0, 0, 2, 0, 0, 1, 0, 0, 0, 0, 0, 0, 0, 0, 1, 0, 0, 0, 0, 0, 0, 0, 0, 0, 0, 0, 0, 0, 0, 0, 0, 0, 0, 0, 0, 0, 1, 0, 0, 0, 0, 0, 0, 0, 0, 0, 0, 1, 0, 0, 0, 0, 0, 0, 0, 0, 0, 0, 0, 1, 0, 0, 0, 0, 0, 0, 1, 0, 1, 0, 0, 0, 0, 0, 0, 0, 0, 0, 0, 0, 0, 0, 0, 0, 1, 0, 0, 0, 0, 0, 0, 0, 0, 1, 1, 0, 0, 0, 0, 0, 0, 0, 0, 0, 0, 0, 0, 0, 0, 0, 1, 0, 0, 1, 0, 0, 0, 0, 0, 1, 0, 0, 0, 0, 1, 0, 0, 0, 1, 0, 0, 0, 0, 0, 0, 0, 0, 0, 0, 0, 0, 0, 0, 1, 0, 0, 1, 0, 0, 0, 0, 0, 0, 0, 0, 0, 0, 0, 0, 0, 0, 1, 0, 0, 0, 0, 0, 0, 0, 0, 0, 0, 0, 0, 0, 0, 1, 0, 0, 0, 0, 0, 0, 0, 0, 0, 0, 0, 0, 1, 0, 0, 0, 0, 0, 0, 0, 0, 0, 0, 0, 0, 0, 0, 0, 0, 0, 0, 0, 0, 0, 0, 0, 0, 0, 0, 0, 0, 1, 0, 0, 0, 0, 0, 0, 0, 0, 0, 0, 0, 0, 0, 0, 0, 0, 0, 0, 0, 0, 0, 1, 0, 0, 0, 0, 0, 0, 0, 0, 0, 0, 0, 0, 0, 0, 0, 0, 0, 0, 0, 0, 0, 0, 0, 0, 1, 0, 0, 0, 0, 0, 0, 0, 1, 0, 0, 0, 0, 0, 0, 0, 0, 0, 0, 0, 0, 0, 0, 0, 0, 0, 0, 1, 0, 0, 1, 0, 0, 0, 0, 0, 0, 0, 0, 0, 0, 0, 0, 1, 0, 0, 0, 0, 1, 0, 0, 0, 0, 0, 0, 0, 0, 0, 1, 0, 0, 0, 0, 1, 0, 0, 0, 0, 0, 0, 0, 0, 0, 0, 0, 0, 0, 0, 0, 0, 0, 0, 0, 2, 0, 0, 0, 0, 0, 0, 0, 0, 0, 0, 0, 0, 0, 0, 0, 0, 1, 0, 0, 1, 0, 0, 1, 0, 0, 0, 0, 0, 0, 0, 0, 0, 0, 0, 0, 0, 1, 0, 0, 0, 0, 0, 0, 0, 1, 0, 0, 0, 0, 0, 0, 0, 0, 0, 0, 0, 0, 0, 0, 1, 0, 0, 0, 0, 0, 0, 0, 0, 0, 0, 1, 0, 0]

Mean:0.096
Median:0.0
Mode:0
Seed:633


[0, 0, 1, 0, 0, 1, 0, 0, 0, 0, 0, 0, 0, 0, 0, 0, 0, 0, 0, 0, 0, 0, 0, 0, 1, 0, 0, 0, 0, 0, 0, 0, 0, 0, 0, 0, 0, 0, 0, 0, 1, 0, 0, 0, 0, 1, 0, 1, 1, 1, 2, 0, 0, 0, 1, 3, 0, 0, 0, 1, 0, 1, 1, 1, 0, 0, 0, 1, 0, 0, 0, 0, 0, 0, 1, 0, 1, 0, 1, 0, 0, 1, 0, 0, 2, 1, 0, 0, 0, 1, 0, 0, 0, 0, 0, 3, 0, 0, 0, 0, 3, 0, 1, 0, 1, 0, 0, 0, 0, 0, 0, 1, 0, 0, 0, 0, 0, 0, 1, 0, 0, 1, 0, 1, 0, 0, 0, 0, 1, 0, 1, 0, 1, 0, 1, 0, 0, 0, 0, 0, 1, 1, 0, 0, 0, 0, 0, 0, 0, 0, 0, 0, 0, 0, 0, 0, 0, 1, 1, 1, 1, 0, 0, 0, 0, 1, 1, 0, 0, 0, 0, 1, 0, 0, 0, 0, 0, 1, 0, 1, 0, 0, 1, 0, 1, 0, 0, 0, 0, 1, 1, 0, 1, 0, 0, 1, 0, 0, 0, 0, 0, 0, 0, 0, 0, 1, 0, 0, 0, 0, 1, 0, 0, 1, 0, 0, 0, 0, 0, 0, 0, 0, 1, 0, 0, 1, 1, 0, 1, 1, 0, 0, 0, 0, 0, 1, 0, 0, 2, 0, 0, 0, 0, 0, 0, 0, 0, 1, 0, 0, 0, 1, 0, 0, 0, 0, 0, 0, 1, 0, 2, 0, 0, 0, 0, 0, 0, 3, 0, 0, 1, 0, 0, 1, 0, 0, 0, 0, 0, 0, 0, 0, 1, 0, 0, 0, 0, 0, 0, 0, 0, 0, 0, 0, 0, 0, 0, 0, 1, 1, 0, 0, 0, 0, 0, 1, 0, 1, 1, 0, 0, 2, 2, 1, 0, 0, 1, 0, 0, 1, 1, 0, 0, 0, 0, 0, 0, 0, 0, 1, 0, 0, 0, 1, 0, 0, 1, 1, 0, 1, 0, 0, 0, 0, 0, 1, 1, 0, 0, 0, 1, 1, 0, 0, 1, 0, 1, 0, 0, 0, 0, 0, 1, 0, 0, 1, 1, 1, 1, 0, 0, 0, 0, 0, 1, 0, 0, 0, 0, 0, 0, 1, 0, 1, 0, 0, 0, 1, 1, 0, 0, 0, 0, 0, 0, 1, 1, 0, 0, 0, 0, 1, 0, 1, 0, 0, 0, 1, 0, 0, 0, 0, 2, 0, 1, 0, 0, 0, 0, 0, 0, 0, 0, 1, 0, 0, 0, 0, 0, 0, 0, 0, 0, 0, 0, 0, 0, 0, 1, 0, 0, 1, 1, 0, 0, 0, 0, 0, 1, 0, 0, 0, 0, 0, 2, 0, 1, 0, 1, 0, 0, 1, 1, 0, 0, 0, 0, 0, 0, 0, 0, 0, 0, 0, 1, 0, 0, 0, 0, 0, 0, 1, 0, 0, 0, 0, 1, 1, 1, 1, 0, 0, 0, 1, 0, 1, 0, 0, 1, 0]

Mean:0.288
Median:0.0
Mode:0
Seed:78


[0, 0, 1, 2, 1, 4, 1, 2, 1, 0, 1, 2, 1, 0, 1, 2, 1, 0, 0, 1, 0, 1, 0, 0, 1, 3, 1, 1, 1, 1, 0, 4, 1, 1, 0, 2, 5, 0, 1, 3, 1, 1, 1, 2, 0, 1, 2, 0, 0, 0, 1, 1, 0, 1, 2, 2, 0, 1, 2, 0, 7, 1, 1, 0, 1, 1, 0, 1, 0, 0, 0, 1, 0, 1, 3, 1, 2, 1, 0, 2, 2, 0, 0, 1, 1, 2, 1, 0, 3, 1, 2, 7, 1, 0, 2, 1, 2, 3, 1, 1, 0, 1, 2, 1, 0, 3, 1, 1, 2, 2, 1, 0, 1, 0, 0, 0, 2, 5, 2, 1, 5, 2, 0, 2, 3, 2, 2, 1, 2, 1, 1, 2, 1, 1, 1, 1, 3, 1, 2, 0, 3, 0, 1, 1, 0, 1, 0, 1, 1, 2, 1, 1, 2, 0, 0, 1, 0, 3, 0, 1, 2, 0, 1, 1, 3, 2, 1, 4, 2, 0, 1, 0, 0, 0, 2, 2, 1, 1, 0, 1, 3, 1, 2, 1, 1, 0, 3, 0, 2, 1, 3, 2, 0, 0, 0, 1, 0, 2, 1, 3, 0, 2, 1, 2, 0, 2, 1, 1, 0, 0, 0, 2, 1, 1, 3, 1, 1, 0, 1, 0, 0, 0, 0, 0, 0, 1, 0, 0, 0, 5, 1, 3, 2, 2, 1, 0, 2, 0, 1, 1, 1, 4, 2, 1, 0, 0, 1, 5, 2, 0, 3, 1, 5, 0, 2, 1, 1, 1, 0, 1, 0, 1, 2, 1, 0, 1, 1, 2, 2, 3, 0, 3, 2, 1, 0, 0, 1, 1, 2, 1, 3, 0, 0, 1, 3, 0, 0, 1, 0, 0, 2, 1, 2, 3, 1, 1, 0, 1, 1, 0, 1, 1, 2, 0, 3, 0, 1, 0, 1, 2, 1, 0, 1, 1, 1, 2, 1, 2, 4, 1, 0, 1, 1, 3, 0, 0, 1, 1, 2, 0, 0, 1, 2, 0, 0, 0, 0, 1, 0, 1, 0, 1, 0, 0, 0, 4, 2, 1, 2, 1, 5, 0, 3, 0, 0, 3, 0, 0, 0, 1, 0, 0, 1, 2, 3, 0, 1, 1, 1, 2, 1, 0, 4, 0, 1, 2, 1, 0, 1, 1, 1, 1, 0, 0, 1, 1, 0, 3, 3, 2, 1, 0, 0, 1, 0, 1, 1, 1, 2, 1, 2, 2, 1, 1, 3, 1, 1, 1, 3, 0, 1, 1, 1, 5, 0, 1, 2, 1, 1, 2, 0, 1, 0, 0, 3, 0, 2, 8, 1, 2, 1, 0, 1, 1, 2, 0, 0, 0, 1, 0, 0, 2, 1, 0, 3, 3, 0, 1, 1, 2, 1, 0, 1, 2, 1, 0, 0, 0, 1, 0, 0, 4, 0, 3, 2, 1, 1, 0, 0, 2, 1, 1, 0, 0, 0, 0, 0, 2, 1, 1, 0, 1, 1, 2, 4, 3, 1, 1, 4, 0, 1, 0, 0, 1, 1, 0, 1, 1, 1, 1]

Mean:1.156
Median:1.0
Mode:1
Seed:206


[13, 15, 14, 14, 14, 15, 14, 14, 15, 14, 16, 14, 14, 13, 14, 13, 13, 13, 15, 15, 14, 14, 14, 14, 14, 15, 13, 14, 14, 14, 13, 15, 14, 14, 13, 14, 15, 14, 13, 14, 15, 13, 13, 14, 14, 13, 14, 14, 14, 13, 13, 14, 15, 14, 17, 14, 14, 14, 14, 14, 13, 13, 15, 13, 14, 15, 13, 13, 13, 14, 14, 17, 15, 14, 14, 14, 13, 14, 14, 14, 15, 16, 16, 14, 14, 13, 15, 15, 13, 14, 16, 15, 13, 14, 14, 15, 14, 13, 15, 13, 15, 16, 14, 14, 15, 13, 13, 14, 15, 14, 13, 14, 15, 13, 14, 14, 14, 17, 16, 13, 13, 14, 13, 15, 13, 15, 15, 14, 13, 13, 14, 14, 14, 13, 14, 15, 15, 14, 13, 13, 13, 14, 14, 15, 13, 14, 16, 14, 13, 13, 13, 13, 13, 15, 15, 15, 13, 15, 14, 14, 13, 13, 14, 14, 13, 13, 13, 15, 15, 15, 13, 14, 13, 13, 14, 15, 15, 14, 14, 14, 14, 14, 13, 13, 14, 13, 14, 13, 16, 15, 15, 15, 13, 14, 14, 14, 15, 14, 13, 13, 16, 14, 14, 13, 14, 14, 14, 14, 16, 13, 13, 13, 15, 13, 15, 13, 15, 14, 13, 16, 13, 15, 13, 16, 15, 14, 14, 13, 14, 14, 15, 14, 13, 14, 14, 13, 13, 14, 14, 17, 13, 14, 13, 15, 13, 13, 14, 15, 16, 14, 14, 14, 14, 15, 13, 15, 14, 13, 14, 13, 14, 13, 14, 14, 14, 13, 13, 15, 13, 13, 14, 15, 14, 14, 14, 14, 13, 14, 13, 14, 13, 14, 14, 15, 14, 13, 14, 14, 13, 13, 13, 15, 15, 13, 15, 13, 13, 14, 14, 13, 13, 14, 14, 14, 14, 15, 14, 14, 15, 14, 13, 13, 14, 16, 13, 14, 14, 14, 13, 14, 14, 13, 15, 13, 14, 14, 13, 13, 13, 13, 13, 14, 13, 14, 16, 13, 14, 13, 14, 13, 14, 13, 13, 14, 15, 13, 14, 13, 14, 14, 14, 14, 13, 13, 14, 15, 13, 17, 14, 15, 13, 14, 14, 15, 14, 14, 13, 14, 13, 13, 13, 14, 14, 14, 13, 13, 14, 13, 15, 13, 13, 14, 13, 13, 13, 15, 14, 14, 14, 14, 14, 13, 13, 13, 14, 14, 13, 15, 13, 14, 14, 14, 15, 14, 14, 13, 15, 15, 14, 15, 14, 14, 14, 13, 15, 14, 13, 13, 14, 15, 13, 13, 14, 14, 14, 14, 15, 13, 14, 15, 13, 14, 14, 13, 15, 13, 15, 13, 14, 13, 14, 14, 14, 15, 13, 13, 13, 13, 13, 13, 15, 14, 15, 15, 13, 14, 14, 13, 13, 13, 14, 13, 14, 14, 13, 14, 13, 13, 13, 15, 14, 13, 14, 14, 13, 13, 14, 13, 16, 13, 13, 13, 16, 14, 14, 14, 14, 16, 14, 13, 13, 13, 15, 14, 14, 14, 14, 13, 15, 13]

Mean:13.916
Median:14.0
Mode:14
Seed:19


[1, 5, 2, 1, 1, 0, 10, 0, 4, 0, 7, 1, 3, 0, 7, 10, 0, 8, 3, 6, 6, 0, 5, 0, 0, 0, 1, 2, 0, 4, 4, 0, 10, 3, 5, 10, 1, 9, 2, 10, 5, 9, 2, 4, 1, 6, 2, 2, 1, 1, 0, 2, 8, 10, 9, 0, 4, 11, 0, 7, 2, 10, 11, 7, 2, 10, 0, 0, 9, 6, 9, 4, 3, 0, 1, 0, 6, 3, 3, 8, 3, 10, 0, 0, 2, 5, 6, 2, 5, 1, 2, 0, 2, 0, 7, 6, 10, 1, 3, 4, 3, 8, 5, 1, 3, 6, 5, 2, 5, 1, 4, 1, 1, 0, 10, 3, 10, 9, 7, 4, 1, 11, 5, 7, 8, 10, 1, 11, 6, 11, 0, 3, 0, 2, 4, 1, 10, 0, 1, 2, 6, 2, 10, 0, 1, 3, 4, 0, 2, 1, 4, 5, 0, 5, 6, 4, 0, 10, 7, 10, 2, 1, 0, 11, 1, 6, 6, 4, 9, 10, 5, 6, 2, 0, 0, 3, 0, 1, 1, 4, 0, 12, 4, 2, 0, 10, 3, 1, 3, 0, 10, 5, 8, 7, 2, 10, 2, 12, 0, 0, 4, 1, 9, 7, 2, 8, 3, 11, 10, 1, 10, 13, 3, 7, 0, 0, 4, 9, 6, 2, 1, 2, 8, 3, 10, 8, 2, 5, 7, 8, 3, 10, 0, 2, 0, 4, 0, 0, 0, 8, 1, 1, 1, 2, 6, 1, 10, 3, 8, 5, 11, 0, 8, 1, 4, 0, 1, 0, 0, 10, 0, 3, 2, 0, 1, 2, 1, 5, 4, 1, 3, 4, 1, 6, 10, 0, 0, 10, 0, 1, 7, 1, 7, 6, 6, 1, 1, 10, 0, 7, 7, 7, 3, 0, 0, 2, 0, 10, 3, 2, 3, 4, 3, 0, 7, 7, 2, 0, 1, 2, 11, 0, 0, 6, 6, 0, 2, 1, 7, 1, 0, 1, 7, 9, 4, 2, 0, 3, 2, 4, 11, 4, 3, 0, 0, 5, 11, 0, 1, 0, 1, 0, 6, 3, 4, 4, 1, 3, 8, 0, 5, 2, 2, 2, 7, 2, 0, 2, 3, 0, 2, 8, 0, 1, 11, 4, 5, 11, 1, 3, 1, 0, 1, 0, 1, 9, 2, 0, 2, 3, 10, 2, 2, 1, 1, 6, 0, 0, 1, 3, 6, 10, 0, 3, 4, 9, 0, 10, 0, 1, 0, 10, 11, 1, 0, 2, 6, 0, 7, 3, 2, 6, 0, 0, 9, 1, 3, 10, 10, 11, 5, 10, 4, 7, 4, 10, 0, 0, 3, 6, 10, 3, 10, 1, 0, 4, 2, 0, 2, 1, 0, 5, 8, 4, 3, 1, 3, 6, 0, 6, 2, 8, 3, 1, 0, 10, 2, 0, 10, 0, 0, 0, 1, 2, 4, 0, 10, 10, 3, 3, 11, 6, 9, 4, 3, 0, 6, 2, 6, 0, 8, 3, 0, 9, 10, 0, 9, 0, 7, 4, 5, 6, 10, 0, 0, 7, 2, 2, 1, 1]

Mean:3.88
Median:3.0
Mode:0
Seed:735


[1, 1, 0, 0, 1, 0, 0, 0, 0, 1, 0, 0, 0, 0, 1, 0, 0, 1, 1, 0, 0, 1, 0, 0, 4, 3, 0, 0, 2, 1, 0, 0, 0, 0, 1, 0, 1, 0, 0, 0, 0, 0, 0, 0, 0, 0, 2, 0, 0, 0, 0, 0, 0, 1, 0, 0, 2, 0, 0, 1, 0, 0, 0, 0, 0, 0, 0, 1, 3, 0, 2, 0, 1, 0, 1, 0, 1, 1, 0, 0, 1, 0, 1, 0, 0, 0, 1, 0, 0, 1, 0, 4, 0, 0, 0, 0, 0, 0, 0, 0, 0, 0, 0, 2, 1, 0, 1, 0, 0, 2, 1, 0, 0, 0, 1, 0, 0, 0, 0, 0, 1, 0, 1, 3, 2, 0, 0, 0, 0, 0, 0, 0, 1, 0, 0, 0, 0, 1, 0, 1, 0, 1, 0, 0, 1, 0, 1, 0, 0, 0, 0, 1, 2, 0, 1, 0, 0, 2, 0, 0, 0, 1, 1, 0, 0, 1, 0, 0, 0, 0, 1, 0, 0, 0, 0, 1, 0, 1, 0, 0, 0, 1, 1, 4, 0, 0, 1, 0, 0, 0, 0, 1, 0, 0, 0, 0, 0, 0, 1, 0, 1, 0, 0, 0, 0, 1, 1, 0, 0, 0, 0, 0, 0, 1, 0, 0, 0, 0, 0, 1, 0, 0, 1, 0, 0, 0, 0, 1, 0, 2, 0, 0, 0, 0, 0, 0, 0, 0, 0, 0, 0, 2, 1, 2, 1, 2, 0, 0, 1, 0, 0, 0, 0, 0, 0, 0, 0, 1, 0, 0, 1, 3, 0, 0, 1, 0, 0, 0, 1, 0, 0, 0, 0, 0, 0, 0, 0, 0, 0, 0, 0, 0, 0, 1, 1, 0, 0, 0, 0, 0, 0, 0, 0, 0, 0, 0, 0, 0, 2, 0, 0, 0, 0, 0, 1, 0, 0, 0, 0, 0, 0, 0, 0, 0, 0, 0, 0, 0, 0, 1, 0, 0, 0, 1, 2, 0, 0, 0, 1, 0, 0, 0, 1, 0, 0, 1, 0, 0, 1, 0, 1, 0, 0, 0, 0, 3, 0, 0, 0, 0, 0, 1, 1, 0, 0, 0, 0, 0, 0, 0, 1, 0, 0, 0, 0, 0, 0, 0, 0, 1, 0, 0, 0, 0, 0, 0, 0, 1, 0, 0, 0, 1, 0, 0, 1, 0, 0, 0, 0, 3, 0, 0, 0, 0, 0, 0, 0, 1, 0, 0, 1, 0, 0, 1, 1, 0, 1, 1, 1, 0, 0, 0, 1, 0, 0, 0, 0, 1, 0, 0, 0, 0, 1, 0, 0, 0, 0, 0, 0, 0, 0, 0, 0, 0, 0, 0, 1, 1, 0, 0, 1, 1, 0, 1, 1, 0, 1, 0, 0, 1, 0, 2, 0, 0, 1, 0, 0, 0, 0, 1, 0, 0, 0, 0, 0, 0, 1, 0, 2, 0, 0, 1, 0, 0, 0, 0, 0, 0, 0, 1, 0, 0, 0, 0, 0, 0, 0, 1, 0, 0, 0, 2, 0, 0, 1, 0, 0, 0, 0, 1]

Mean:0.34
Median:0.0
Mode:0
Seed:898


[14, 14, 14, 14, 14, 14, 14, 15, 14, 14, 14, 14, 15, 14, 14, 15, 16, 14, 17, 14, 14, 15, 15, 14, 14, 14, 17, 16, 14, 15, 14, 16, 14, 14, 16, 15, 14, 14, 14, 14, 15, 14, 15, 14, 15, 17, 15, 16, 14, 16, 15, 15, 14, 15, 14, 17, 14, 14, 14, 14, 14, 16, 14, 14, 15, 17, 15, 14, 14, 17, 15, 14, 14, 14, 15, 14, 14, 17, 14, 16, 14, 14, 14, 14, 14, 14, 14, 14, 14, 14, 14, 14, 14, 14, 14, 14, 14, 16, 14, 14, 14, 14, 15, 16, 14, 14, 16, 15, 15, 14, 15, 14, 15, 14, 14, 16, 14, 15, 14, 15, 14, 14, 14, 14, 14, 14, 17, 14, 14, 14, 14, 14, 14, 14, 14, 15, 14, 15, 15, 15, 15, 15, 14, 15, 15, 15, 14, 17, 15, 14, 15, 15, 15, 13, 15, 14, 14, 15, 14, 15, 14, 14, 15, 14, 14, 14, 15, 16, 14, 14, 15, 17, 14, 14, 14, 15, 15, 14, 14, 14, 15, 16, 14, 14, 15, 15, 15, 14, 15, 14, 14, 15, 14, 14, 14, 14, 16, 14, 14, 14, 14, 16, 14, 15, 14, 15, 14, 15, 15, 17, 15, 14, 14, 14, 15, 14, 14, 14, 14, 15, 14, 14, 14, 14, 14, 18, 14, 14, 16, 14, 15, 14, 15, 14, 14, 15, 15, 14, 14, 14, 14, 16, 14, 14, 14, 14, 15, 15, 16, 14, 14, 14, 14, 15, 15, 14, 15, 14, 14, 14, 14, 14, 14, 15, 14, 14, 14, 16, 14, 15, 14, 14, 14, 14, 14, 14, 14, 14, 14, 14, 16, 14, 14, 14, 15, 16, 14, 14, 14, 14, 14, 14, 17, 14, 14, 14, 14, 14, 14, 15, 15, 14, 16, 15, 14, 15, 14, 14, 15, 14, 14, 15, 14, 15, 15, 17, 14, 14, 14, 17, 14, 14, 14, 14, 16, 14, 14, 15, 15, 15, 15, 14, 15, 14, 14, 14, 14, 14, 14, 14, 14, 14, 14, 14, 14, 14, 14, 14, 15, 14, 14, 14, 15, 14, 15, 15, 14, 14, 15, 14, 15, 14, 16, 14, 14, 14, 14, 14, 14, 14, 16, 14, 14, 14, 14, 14, 15, 15, 14, 14, 15, 14, 14, 14, 16, 15, 15, 15, 14, 14, 14, 14, 15, 14, 14, 14, 15, 14, 15, 14, 14, 15, 14, 14, 14, 14, 15, 14, 17, 14, 14, 14, 14, 14, 14, 14, 15, 14, 14, 14, 14, 15, 14, 16, 16, 14, 14, 15, 14, 14, 14, 15, 16, 15, 14, 14, 15, 15, 14, 14, 14, 14, 14, 14, 15, 14, 15, 15, 14, 14, 15, 15, 14, 14, 14, 15, 14, 14, 14, 14, 15, 14, 15, 15, 14, 14, 14, 15, 14, 15, 14, 15, 15, 16, 14, 14, 14, 16, 14, 15, 14, 14, 15, 14, 14, 14, 15, 15, 16, 14, 14, 14, 14, 14, 14, 17, 15, 14, 14, 14]

Mean:14.486
Median:14.0
Mode:14
Seed:63


[14, 15, 15, 16, 14, 16, 14, 15, 14, 14, 14, 15, 15, 15, 14, 15, 15, 15, 15, 15, 16, 14, 15, 15, 14, 14, 15, 14, 14, 14, 14, 14, 15, 17, 14, 14, 16, 14, 14, 14, 15, 14, 15, 14, 15, 14, 17, 15, 14, 17, 14, 14, 15, 14, 14, 15, 15, 14, 15, 15, 15, 15, 14, 14, 14, 14, 15, 16, 15, 15, 14, 14, 15, 16, 14, 14, 16, 14, 14, 14, 15, 14, 15, 14, 14, 16, 15, 15, 14, 15, 15, 14, 15, 16, 14, 16, 14, 14, 14, 16, 14, 14, 14, 14, 14, 14, 14, 14, 14, 15, 14, 15, 14, 16, 16, 14, 14, 14, 14, 14, 15, 14, 15, 14, 14, 14, 15, 15, 15, 14, 15, 15, 15, 15, 14, 14, 14, 14, 14, 15, 15, 15, 14, 14, 15, 14, 15, 14, 15, 14, 14, 14, 14, 14, 15, 14, 14, 15, 14, 14, 15, 14, 14, 14, 14, 14, 14, 14, 15, 14, 15, 14, 14, 14, 14, 14, 15, 14, 14, 14, 15, 15, 14, 14, 15, 15, 15, 15, 14, 15, 17, 14, 16, 14, 15, 14, 14, 15, 16, 14, 16, 14, 14, 14, 14, 14, 14, 14, 14, 15, 14, 14, 14, 14, 14, 14, 14, 14, 14, 14, 15, 14, 14, 14, 14, 14, 15, 14, 14, 14, 14, 15, 14, 14, 14, 14, 15, 14, 15, 14, 15, 15, 16, 15, 14, 14, 15, 15, 14, 15, 14, 14, 14, 14, 14, 15, 14, 14, 15, 14, 14, 14, 17, 14, 15, 14, 15, 14, 14, 14, 14, 14, 15, 15, 15, 14, 15, 15, 14, 14, 14, 14, 15, 14, 14, 15, 14, 14, 14, 15, 14, 15, 16, 14, 14, 16, 14, 14, 15, 15, 14, 15, 14, 14, 14, 14, 15, 15, 15, 14, 14, 14, 14, 15, 14, 14, 14, 15, 14, 14, 14, 16, 14, 14, 14, 14, 14, 16, 16, 14, 14, 14, 14, 14, 15, 14, 14, 16, 14, 15, 14, 15, 16, 14, 14, 16, 15, 14, 15, 14, 14, 16, 15, 14, 15, 14, 14, 14, 14, 15, 14, 14, 16, 14, 16, 14, 15, 14, 15, 14, 14, 14, 15, 14, 14, 14, 14, 14, 16, 14, 14, 16, 15, 15, 14, 14, 14, 15, 14, 14, 15, 14, 14, 15, 15, 14, 14, 14, 14, 14, 14, 14, 14, 16, 14, 16, 14, 14, 15, 15, 15, 15, 14, 14, 14, 14, 14, 15, 14, 14, 14, 15, 14, 15, 14, 16, 15, 14, 15, 14, 15, 14, 14, 15, 14, 14, 15, 15, 14, 15, 14, 15, 14, 14, 14, 16, 15, 14, 14, 14, 14, 14, 14, 15, 14, 14, 14, 14, 14, 14, 14, 14, 14, 14, 14, 15, 15, 14, 14, 14, 14, 15, 15, 14, 14, 15, 16, 14, 15, 15, 14, 14, 15, 14, 14, 14, 14, 14, 14, 15, 14, 14, 15, 15, 14, 14, 14, 14, 14, 15]

Mean:14.466
Median:14.0
Mode:14
Seed:152


[0, 0, 0, 0, 0, 1, 0, 0, 0, 0, 0, 0, 0, 0, 0, 0, 0, 0, 0, 0, 0, 0, 0, 0, 1, 0, 0, 0, 0, 0, 0, 0, 0, 0, 0, 0, 0, 0, 0, 0, 0, 0, 0, 0, 0, 0, 0, 0, 0, 0, 0, 0, 0, 0, 0, 0, 0, 0, 0, 0, 0, 0, 0, 0, 0, 0, 0, 0, 0, 0, 1, 0, 0, 0, 0, 0, 0, 0, 0, 0, 0, 0, 0, 0, 0, 0, 0, 0, 0, 0, 0, 0, 0, 0, 0, 0, 0, 0, 0, 0, 0, 0, 0, 0, 0, 0, 0, 0, 0, 0, 0, 0, 0, 0, 0, 0, 0, 0, 0, 0, 0, 0, 0, 0, 0, 0, 0, 0, 0, 0, 0, 0, 0, 0, 0, 0, 0, 0, 0, 0, 0, 1, 0, 0, 0, 0, 0, 0, 0, 0, 0, 0, 0, 0, 0, 0, 0, 0, 0, 0, 0, 0, 0, 0, 0, 0, 0, 0, 0, 0, 0, 0, 0, 0, 0, 0, 0, 0, 0, 0, 0, 0, 0, 0, 0, 0, 0, 0, 0, 0, 0, 0, 0, 0, 0, 0, 0, 0, 0, 0, 0, 1, 0, 0, 0, 0, 0, 0, 0, 0, 0, 1, 0, 0, 0, 1, 0, 0, 0, 1, 0, 0, 0, 0, 0, 1, 0, 0, 0, 0, 2, 0, 0, 0, 0, 0, 0, 0, 0, 0, 0, 0, 0, 0, 1, 0, 0, 0, 0, 0, 2, 0, 0, 0, 0, 0, 0, 0, 0, 1, 0, 0, 0, 0, 0, 0, 0, 0, 0, 0, 0, 0, 0, 0, 0, 0, 0, 0, 0, 0, 0, 0, 0, 0, 0, 0, 0, 0, 2, 0, 0, 0, 0, 1, 0, 0, 0, 0, 0, 0, 0, 0, 0, 0, 0, 0, 0, 0, 0, 1, 0, 0, 0, 0, 0, 0, 0, 0, 0, 0, 0, 0, 0, 0, 0, 0, 0, 0, 0, 0, 0, 1, 0, 0, 0, 0, 0, 0, 0, 0, 0, 2, 1, 0, 0, 0, 0, 0, 0, 0, 0, 0, 0, 0, 0, 0, 0, 0, 0, 0, 0, 0, 0, 0, 0, 0, 0, 1, 0, 0, 0, 0, 0, 0, 0, 0, 0, 0, 0, 0, 0, 0, 0, 0, 0, 0, 0, 0, 0, 0, 0, 0, 0, 0, 0, 0, 0, 0, 0, 0, 0, 0, 0, 0, 0, 0, 0, 0, 0, 0, 0, 0, 1, 0, 0, 0, 0, 0, 0, 0, 0, 0, 0, 0, 0, 0, 0, 0, 0, 0, 0, 0, 0, 0, 0, 0, 0, 0, 0, 0, 0, 0, 0, 0, 0, 0, 0, 0, 0, 0, 0, 0, 1, 1, 0, 0, 0, 0, 0, 0, 0, 0, 0, 0, 0, 0, 0, 0, 0, 0, 0, 0, 0, 0, 0, 0, 0, 0, 1, 0, 0, 0, 0, 0, 0, 0, 0, 0, 0, 1, 0, 0, 0, 0, 0, 0, 0, 0, 0, 0]

Mean:0.058
Median:0.0
Mode:0
Seed:795


[2, 1, 0, 1, 1, 1, 3, 1, 1, 0, 0, 1, 1, 1, 0, 0, 0, 1, 0, 1, 0, 5, 0, 0, 2, 2, 1, 1, 0, 1, 1, 2, 0, 2, 0, 1, 2, 0, 1, 2, 0, 1, 1, 0, 0, 1, 0, 2, 0, 1, 1, 0, 1, 0, 1, 0, 1, 0, 0, 1, 0, 0, 1, 1, 0, 1, 1, 0, 0, 2, 3, 3, 1, 0, 0, 1, 0, 1, 1, 0, 1, 0, 1, 2, 1, 0, 3, 3, 1, 2, 0, 0, 0, 0, 1, 1, 2, 0, 1, 2, 0, 0, 1, 0, 0, 2, 0, 1, 0, 2, 0, 3, 2, 1, 3, 0, 2, 1, 2, 1, 1, 2, 1, 0, 1, 0, 4, 0, 0, 1, 0, 0, 0, 0, 0, 2, 0, 0, 1, 1, 1, 2, 0, 0, 2, 2, 1, 0, 0, 3, 4, 1, 0, 0, 0, 3, 0, 1, 2, 1, 0, 0, 1, 0, 0, 1, 1, 2, 1, 0, 0, 1, 1, 0, 1, 1, 0, 4, 0, 1, 1, 1, 0, 1, 1, 1, 1, 0, 3, 0, 0, 0, 2, 0, 0, 0, 1, 1, 0, 1, 1, 0, 0, 1, 0, 0, 1, 1, 0, 1, 1, 2, 0, 0, 1, 1, 0, 1, 1, 0, 1, 2, 1, 0, 0, 0, 2, 2, 1, 2, 2, 1, 1, 2, 3, 2, 2, 0, 0, 0, 0, 0, 0, 3, 0, 2, 0, 0, 0, 0, 1, 1, 0, 1, 1, 1, 1, 0, 2, 1, 1, 1, 1, 0, 1, 1, 1, 1, 0, 3, 0, 0, 0, 1, 2, 3, 1, 3, 1, 0, 2, 2, 1, 2, 0, 2, 0, 0, 0, 1, 0, 0, 1, 0, 0, 1, 0, 1, 1, 1, 0, 0, 1, 1, 1, 0, 2, 0, 1, 2, 0, 1, 0, 1, 0, 1, 0, 0, 0, 0, 0, 1, 1, 1, 0, 0, 0, 0, 0, 0, 1, 2, 1, 1, 0, 2, 0, 0, 2, 1, 1, 1, 1, 1, 0, 2, 2, 0, 2, 0, 1, 0, 1, 0, 2, 0, 1, 1, 1, 1, 2, 1, 0, 2, 2, 0, 1, 0, 1, 1, 0, 1, 0, 1, 2, 0, 2, 0, 2, 2, 0, 1, 5, 0, 0, 1, 0, 3, 0, 1, 1, 2, 0, 3, 0, 0, 0, 1, 0, 0, 2, 0, 2, 1, 1, 1, 2, 0, 4, 2, 2, 0, 1, 0, 2, 0, 1, 0, 5, 1, 1, 1, 0, 0, 0, 2, 0, 3, 0, 2, 0, 1, 1, 0, 1, 0, 0, 1, 0, 0, 0, 1, 1, 0, 2, 2, 0, 1, 1, 0, 1, 1, 1, 1, 0, 2, 0, 2, 0, 1, 0, 1, 0, 1, 1, 1, 1, 1, 1, 1, 1, 1, 1, 0, 1, 0, 0, 1, 0, 7, 0, 1, 1, 0, 1, 0, 1, 0, 1, 1, 0, 1, 1, 1, 0, 1, 2, 1, 0, 1]

Mean:0.862
Median:1.0
Mode:0
Seed:356


[0, 3, 2, 0, 1, 0, 0, 1, 0, 0, 0, 0, 0, 0, 1, 0, 0, 0, 1, 0, 1, 0, 0, 0, 2, 0, 0, 0, 0, 1, 1, 0, 0, 1, 1, 2, 0, 0, 1, 0, 0, 2, 2, 0, 2, 0, 0, 0, 0, 0, 0, 1, 1, 0, 0, 0, 0, 0, 0, 0, 2, 0, 0, 1, 0, 0, 0, 2, 0, 0, 2, 0, 0, 0, 3, 1, 1, 1, 2, 0, 0, 0, 0, 2, 0, 1, 0, 0, 1, 0, 0, 2, 0, 0, 0, 1, 0, 1, 0, 3, 0, 1, 3, 2, 0, 0, 0, 1, 0, 1, 2, 0, 1, 0, 2, 0, 0, 0, 0, 1, 1, 0, 0, 0, 0, 0, 1, 3, 1, 3, 0, 0, 0, 0, 2, 0, 0, 0, 0, 1, 1, 0, 0, 1, 0, 0, 0, 1, 0, 0, 4, 0, 0, 1, 0, 0, 0, 0, 1, 1, 0, 0, 0, 0, 1, 0, 0, 1, 0, 2, 0, 2, 0, 0, 0, 0, 0, 0, 0, 0, 0, 0, 0, 1, 0, 0, 2, 0, 0, 0, 2, 0, 2, 0, 0, 0, 0, 0, 0, 0, 0, 0, 1, 0, 1, 1, 1, 1, 0, 2, 0, 0, 0, 0, 0, 0, 0, 0, 0, 0, 0, 0, 0, 0, 0, 1, 0, 0, 2, 1, 0, 1, 0, 1, 0, 1, 2, 0, 0, 0, 0, 0, 3, 1, 1, 0, 0, 2, 0, 1, 0, 0, 3, 0, 0, 0, 0, 1, 1, 0, 0, 0, 0, 0, 1, 1, 0, 0, 0, 0, 2, 1, 0, 2, 1, 1, 0, 1, 0, 0, 0, 1, 0, 1, 0, 0, 0, 1, 1, 0, 1, 1, 0, 0, 1, 3, 0, 0, 1, 0, 1, 0, 0, 0, 0, 1, 0, 0, 1, 0, 1, 0, 0, 0, 0, 0, 1, 0, 0, 2, 0, 0, 0, 1, 0, 0, 0, 1, 0, 2, 1, 0, 0, 0, 0, 0, 2, 0, 0, 0, 2, 0, 0, 0, 1, 5, 0, 2, 0, 0, 1, 0, 0, 1, 2, 1, 1, 3, 1, 3, 0, 0, 0, 2, 0, 0, 0, 2, 1, 1, 1, 0, 0, 0, 0, 1, 1, 2, 2, 0, 1, 0, 1, 1, 0, 0, 0, 0, 0, 1, 0, 0, 2, 0, 0, 3, 2, 0, 2, 0, 1, 0, 0, 2, 0, 1, 1, 0, 0, 0, 1, 0, 0, 1, 0, 0, 0, 0, 1, 0, 3, 0, 1, 0, 0, 0, 0, 0, 0, 0, 0, 1, 2, 0, 2, 0, 0, 0, 0, 2, 1, 1, 0, 1, 1, 0, 0, 2, 0, 0, 0, 2, 0, 1, 0, 2, 0, 0, 0, 0, 1, 0, 0, 2, 0, 1, 0, 3, 1, 0, 0, 0, 1, 0, 2, 0, 1, 1, 0, 1, 1, 2, 0, 0, 0, 0, 2, 0, 0, 0, 1, 0, 0, 0, 0, 0, 1, 0, 0, 0]

Mean:0.532
Median:0.0
Mode:0
Seed:166


[1, 1, 4, 1, 0, 0, 0, 2, 0, 1, 0, 0, 0, 0, 2, 0, 1, 1, 1, 0, 2, 1, 0, 1, 2, 2, 1, 1, 0, 0, 4, 0, 2, 0, 0, 0, 1, 1, 0, 1, 2, 0, 1, 0, 1, 0, 0, 1, 1, 2, 2, 0, 0, 1, 1, 1, 2, 2, 1, 1, 1, 2, 1, 0, 1, 2, 1, 0, 1, 0, 0, 0, 1, 1, 2, 2, 1, 1, 0, 1, 0, 2, 0, 2, 3, 1, 1, 1, 0, 0, 1, 1, 0, 2, 1, 0, 0, 1, 3, 4, 0, 1, 2, 2, 1, 1, 1, 0, 1, 1, 0, 0, 1, 1, 0, 1, 1, 1, 0, 0, 0, 0, 1, 0, 1, 0, 1, 1, 0, 2, 1, 2, 1, 0, 1, 0, 1, 1, 4, 1, 0, 2, 0, 0, 0, 1, 1, 0, 1, 0, 0, 2, 0, 1, 3, 0, 0, 1, 0, 1, 1, 1, 4, 0, 1, 3, 0, 1, 0, 0, 1, 0, 1, 0, 1, 3, 2, 3, 1, 0, 1, 1, 0, 1, 0, 0, 0, 0, 1, 1, 2, 1, 0, 0, 1, 1, 0, 1, 1, 3, 0, 0, 0, 2, 1, 0, 1, 1, 1, 1, 0, 1, 0, 0, 1, 0, 0, 1, 0, 0, 0, 0, 2, 1, 1, 1, 0, 0, 0, 0, 1, 1, 0, 0, 2, 1, 0, 1, 0, 3, 2, 0, 0, 0, 2, 0, 2, 1, 0, 1, 0, 0, 2, 0, 1, 2, 2, 0, 0, 0, 1, 0, 1, 1, 1, 0, 1, 1, 0, 1, 0, 2, 2, 1, 0, 2, 0, 3, 1, 1, 0, 0, 0, 0, 0, 0, 1, 1, 1, 0, 0, 1, 1, 2, 0, 0, 1, 0, 0, 1, 1, 1, 1, 1, 0, 1, 0, 0, 1, 0, 0, 0, 0, 0, 0, 1, 1, 0, 1, 2, 0, 3, 0, 1, 0, 0, 1, 1, 1, 0, 0, 1, 0, 2, 0, 2, 0, 1, 1, 1, 0, 0, 2, 1, 0, 0, 0, 1, 2, 1, 1, 1, 0, 1, 0, 1, 0, 0, 0, 0, 1, 1, 0, 1, 0, 0, 0, 2, 0, 1, 3, 1, 0, 1, 1, 2, 1, 0, 0, 0, 0, 0, 0, 0, 1, 0, 1, 1, 0, 4, 0, 2, 1, 1, 1, 2, 3, 0, 2, 0, 0, 0, 0, 0, 0, 2, 1, 3, 1, 0, 0, 1, 0, 0, 1, 1, 1, 1, 0, 0, 0, 0, 0, 0, 1, 1, 0, 3, 0, 0, 0, 1, 1, 0, 0, 1, 1, 1, 1, 0, 0, 1, 1, 1, 2, 1, 2, 0, 0, 1, 1, 0, 1, 1, 0, 1, 0, 0, 2, 2, 1, 0, 1, 0, 1, 0, 1, 0, 1, 1, 1, 3, 0, 1, 0, 0, 0, 1, 1, 2, 2, 1, 0, 0, 1, 0, 1, 0, 0, 0, 1, 1, 2, 0, 0, 1, 1, 2, 1, 0]

Mean:0.77
Median:1.0
Mode:0
Seed:105


[0, 2, 1, 1, 1, 1, 0, 0, 0, 1, 0, 0, 1, 1, 1, 0, 1, 0, 1, 0, 0, 0, 0, 0, 0, 0, 0, 0, 1, 0, 0, 1, 1, 1, 0, 1, 0, 0, 0, 0, 0, 0, 0, 3, 0, 0, 0, 0, 0, 1, 1, 0, 1, 0, 0, 0, 0, 0, 0, 1, 0, 0, 0, 0, 1, 0, 1, 0, 0, 0, 0, 0, 0, 0, 1, 0, 0, 0, 0, 0, 2, 0, 0, 0, 0, 0, 0, 0, 0, 0, 0, 0, 1, 0, 0, 0, 1, 0, 1, 0, 0, 0, 0, 0, 0, 0, 0, 0, 1, 1, 0, 1, 0, 1, 1, 0, 0, 2, 0, 0, 0, 0, 0, 1, 0, 0, 0, 0, 1, 0, 0, 0, 0, 1, 0, 1, 0, 0, 0, 2, 0, 1, 0, 0, 0, 1, 0, 0, 0, 0, 0, 1, 0, 0, 0, 1, 0, 0, 0, 0, 0, 1, 0, 0, 0, 0, 0, 1, 1, 0, 0, 0, 0, 0, 0, 1, 0, 2, 2, 0, 1, 0, 0, 0, 0, 1, 0, 0, 0, 1, 0, 0, 0, 0, 0, 0, 1, 0, 0, 0, 0, 0, 0, 0, 1, 0, 1, 0, 0, 0, 0, 1, 0, 0, 0, 0, 0, 0, 1, 0, 0, 1, 0, 0, 0, 1, 1, 0, 0, 0, 0, 1, 1, 0, 0, 0, 0, 0, 0, 0, 0, 2, 1, 1, 0, 1, 0, 0, 0, 0, 1, 1, 0, 0, 0, 0, 0, 1, 0, 0, 0, 0, 1, 2, 0, 0, 0, 0, 1, 0, 0, 0, 1, 0, 0, 0, 0, 0, 1, 0, 0, 0, 1, 0, 0, 1, 0, 1, 2, 0, 1, 0, 0, 1, 1, 0, 0, 0, 0, 1, 0, 0, 1, 0, 0, 0, 0, 0, 0, 0, 0, 0, 0, 0, 0, 0, 0, 1, 1, 0, 0, 0, 0, 0, 1, 0, 1, 1, 1, 0, 1, 0, 0, 0, 0, 0, 0, 0, 1, 0, 0, 0, 1, 0, 1, 0, 0, 0, 1, 0, 1, 1, 0, 0, 0, 0, 0, 0, 1, 0, 0, 0, 0, 0, 1, 1, 0, 0, 0, 0, 1, 0, 0, 0, 3, 2, 1, 0, 0, 0, 0, 0, 1, 0, 0, 0, 1, 0, 1, 0, 2, 0, 0, 1, 0, 0, 0, 0, 0, 0, 1, 0, 1, 0, 0, 1, 0, 2, 0, 0, 0, 0, 1, 0, 1, 0, 0, 1, 1, 0, 0, 0, 0, 0, 0, 0, 0, 0, 0, 0, 0, 0, 0, 0, 2, 0, 0, 1, 0, 1, 1, 0, 0, 0, 0, 0, 0, 0, 0, 0, 0, 1, 0, 1, 0, 0, 0, 0, 2, 1, 0, 0, 1, 0, 0, 0, 0, 2, 0, 0, 2, 0, 1, 1, 0, 1, 1, 0, 0, 0, 1, 0, 0, 0, 0, 1, 2, 0, 1, 0, 0, 0, 0, 1, 0, 1, 1, 0, 0, 0]

Mean:0.318
Median:0.0
Mode:0
Seed:747


[1, 0, 0, 0, 1, 0, 0, 1, 0, 0, 0, 0, 0, 0, 0, 0, 1, 1, 1, 0, 0, 0, 1, 0, 0, 0, 0, 1, 1, 0, 1, 0, 0, 0, 0, 0, 0, 0, 0, 0, 1, 0, 0, 1, 0, 0, 0, 0, 1, 1, 0, 0, 0, 0, 1, 1, 1, 1, 3, 0, 0, 1, 1, 3, 0, 0, 0, 1, 0, 0, 1, 0, 0, 0, 0, 0, 0, 0, 0, 0, 0, 0, 0, 0, 0, 0, 0, 0, 0, 0, 1, 0, 0, 1, 0, 0, 0, 0, 0, 0, 1, 0, 0, 0, 3, 0, 0, 2, 1, 0, 0, 0, 0, 0, 0, 1, 0, 0, 1, 0, 0, 0, 0, 0, 1, 0, 0, 1, 0, 0, 0, 2, 2, 2, 0, 0, 0, 0, 0, 1, 0, 1, 0, 0, 1, 0, 1, 0, 0, 2, 1, 0, 0, 1, 1, 1, 0, 0, 0, 0, 0, 0, 2, 1, 1, 0, 0, 0, 0, 2, 1, 1, 1, 0, 0, 0, 1, 1, 0, 1, 0, 1, 1, 0, 0, 1, 0, 1, 0, 2, 1, 1, 0, 1, 1, 0, 0, 0, 0, 0, 1, 0, 0, 3, 0, 0, 0, 0, 0, 0, 0, 1, 0, 0, 0, 0, 0, 0, 1, 1, 0, 0, 0, 1, 0, 0, 0, 0, 0, 0, 0, 1, 0, 0, 2, 0, 0, 0, 0, 1, 1, 0, 0, 0, 1, 0, 1, 1, 1, 0, 0, 0, 0, 0, 0, 0, 1, 0, 0, 2, 0, 1, 0, 0, 0, 1, 0, 0, 1, 1, 0, 0, 1, 0, 1, 0, 0, 0, 1, 1, 1, 0, 1, 1, 0, 0, 0, 0, 1, 0, 0, 0, 1, 0, 0, 1, 0, 0, 0, 0, 0, 0, 0, 1, 0, 0, 0, 0, 1, 2, 0, 1, 0, 1, 1, 0, 0, 0, 0, 0, 0, 1, 0, 0, 0, 0, 0, 1, 0, 0, 1, 0, 0, 0, 0, 2, 0, 0, 2, 0, 2, 1, 1, 0, 0, 0, 0, 1, 0, 0, 1, 2, 0, 1, 0, 1, 0, 0, 1, 0, 0, 0, 0, 2, 0, 1, 1, 0, 1, 1, 0, 0, 0, 0, 1, 1, 0, 0, 0, 1, 0, 0, 0, 0, 0, 0, 0, 1, 0, 0, 1, 0, 0, 0, 0, 0, 0, 0, 0, 1, 0, 0, 0, 0, 0, 0, 0, 0, 0, 0, 0, 0, 0, 0, 0, 0, 0, 1, 1, 1, 0, 0, 0, 1, 0, 0, 0, 0, 0, 0, 1, 0, 1, 0, 0, 0, 0, 0, 0, 0, 0, 0, 0, 0, 0, 0, 0, 0, 1, 1, 0, 0, 0, 0, 2, 0, 0, 1, 0, 0, 1, 0, 0, 0, 0, 0, 2, 0, 0, 0, 2, 0, 2, 0, 0, 0, 0, 0, 2, 0, 0, 0, 1, 0, 0, 0, 1, 0, 0, 0, 0, 1, 0, 0, 2, 0, 1, 1, 0, 1]

Mean:0.356
Median:0.0
Mode:0
Seed:483


Seeds:
[857, 882, 655, 345, 772, 519, 334, 115, 425, 685, 739, 182, 181, 238, 460, 966, 633, 78, 206, 19, 735, 898, 63, 152, 795, 356, 166, 105, 747, 483]

Means:
[0.232, 0.328, 1.73, 0.13, 0.338, 0.832, 13.948, 7.588, 0.382, 0.332, 14.436, 13.308, 10.418, 0.348, 0.454, 2.764, 0.096, 0.288, 1.156, 13.916, 3.88, 0.34, 14.486, 14.466, 0.058, 0.862, 0.532, 0.77, 0.318, 0.356]

Medians:
[0.0, 0.0, 1.0, 0.0, 0.0, 1.0, 14.0, 10.0, 0.0, 0.0, 14.0, 13.0, 13.0, 0.0, 0.0, 2.0, 0.0, 0.0, 1.0, 14.0, 3.0, 0.0, 14.0, 14.0, 0.0, 1.0, 0.0, 1.0, 0.0, 0.0]

Modes:
[0, 0, 0, 0, 0, 1, 14, 10, 0, 0, 14, 13, 14, 0, 0, 0, 0, 0, 1, 14, 0, 0, 14, 14, 0, 0, 0, 0, 0, 0]


Top Level Results:
Mean:3.969733333333333
Median:1.0
Mode:0



