[1, 1, 2, 3, 0, 3, 1, 3, 4, 0, 2, 1, 2, 3, 6, 3, 2, 5, 1, 4, 12, 3, 0, 1, 1, 0, 0, 1, 1, 0, 2, 2, 2, 2, 3, 2, 3, 9, 2, 1, 2, 4, 2, 8, 6, 2, 2, 5, 1, 1, 3, 1, 3, 0, 3, 6, 0, 1, 1, 3, 0, 0, 2, 3, 0, 0, 6, 0, 0, 1, 4, 3, 8, 2, 7, 1, 7, 1, 2, 1, 4, 0, 0, 8, 1, 4, 2, 0, 5, 4, 6, 3, 4, 1, 5, 1, 12, 0, 4, 5, 2, 1, 1, 1, 0, 0, 1, 1, 3, 1, 1, 0, 0, 2, 7, 5, 0, 2, 2, 1, 5, 1, 5, 0, 4, 2, 1, 6, 2, 2, 0, 0, 5, 2, 3, 4, 0, 1, 1, 0, 0, 0, 12, 1, 3, 3, 2, 5, 0, 0, 1, 1, 2, 1, 2, 0, 3, 0, 0, 0, 3, 3, 0, 8, 0, 4, 4, 5, 1, 3, 14, 1, 8, 1, 4, 2, 2, 0, 1, 2, 4, 0, 0, 0, 0, 6, 4, 1, 4, 6, 0, 0, 0, 1, 2, 1, 3, 3, 2, 3, 0, 5, 5, 5, 0, 6, 6, 0, 0, 3, 1, 3, 2, 5, 2, 0, 1, 3, 10, 0, 2, 1, 1, 2, 0, 2, 1, 3, 1, 7, 1, 7, 2, 7, 0, 0, 1, 0, 0, 3, 1, 5, 1, 1, 5, 9, 0, 1, 1, 1, 4, 5, 0, 0, 0, 2, 1, 1, 0, 0, 2, 1, 0, 1, 0, 1, 6, 6, 1, 3, 0, 0, 0, 2, 2, 1, 1, 0, 5, 5, 1, 2, 2, 4, 8, 1, 1, 1, 1, 0, 4, 1, 0, 3, 0, 6, 2, 1, 3, 1, 3, 1, 1, 1, 0, 2, 2, 11, 4, 1, 2, 4, 2, 2, 1, 1, 1, 2, 1, 6, 2, 0, 4, 0, 1, 1, 0, 5, 9, 3, 0, 7, 5, 1, 0, 1, 1, 2, 5, 4, 4, 5, 1, 2, 6, 1, 4, 1, 2, 2, 0, 0, 3, 1, 0, 4, 1, 1, 2, 1, 0, 1, 2, 3, 3, 0, 1, 5, 0, 1, 3, 1, 0, 5, 3, 1, 2, 1, 0, 0, 1, 2, 4, 0, 2, 1, 1, 1, 1, 0, 2, 3, 2, 3, 7, 2, 4, 9, 8, 3, 6, 1, 4, 0, 2, 0, 2, 1, 0, 3, 2, 0, 2, 0, 0, 3, 2, 5, 9, 3, 10, 5, 0, 1, 1, 1, 3, 1, 0, 1, 1, 4, 3, 1, 7, 0, 2, 1, 5, 2, 0, 0, 2, 1, 1, 1, 0, 4, 9, 5, 0, 2, 2, 2, 1, 2, 2, 0, 0, 1, 0, 4, 1, 2, 1, 7, 1, 2, 3, 1, 4, 3, 12, 5, 3, 0, 5, 1, 4, 1, 8, 0, 1, 0, 0, 5, 5, 1, 1, 1, 7, 3, 0, 1, 2, 3, 4, 0, 7, 6]

Mean:2.338
Median:2.0
Mode:1
Seed:399


[0, 0, 0, 0, 0, 0, 0, 0, 0, 0, 0, 0, 0, 0, 0, 0, 1, 1, 0, 0, 0, 0, 0, 1, 1, 0, 0, 0, 0, 0, 0, 0, 0, 0, 0, 0, 0, 0, 1, 0, 0, 0, 0, 0, 1, 1, 0, 1, 0, 0, 1, 0, 0, 0, 0, 0, 0, 1, 0, 0, 0, 0, 0, 0, 0, 0, 0, 0, 0, 0, 0, 0, 0, 0, 0, 0, 0, 0, 1, 1, 0, 0, 0, 0, 0, 0, 0, 2, 0, 0, 0, 0, 0, 1, 1, 0, 0, 0, 0, 0, 0, 0, 0, 1, 0, 0, 0, 0, 0, 1, 0, 0, 1, 0, 0, 0, 0, 0, 0, 0, 2, 0, 0, 0, 0, 0, 0, 0, 0, 0, 0, 0, 0, 0, 0, 0, 2, 0, 0, 0, 1, 0, 0, 0, 0, 0, 0, 4, 0, 0, 0, 0, 0, 0, 1, 0, 0, 0, 0, 0, 1, 0, 1, 0, 0, 0, 0, 0, 0, 0, 0, 0, 0, 0, 1, 0, 0, 0, 0, 0, 0, 1, 0, 0, 0, 0, 0, 0, 0, 0, 0, 0, 0, 0, 0, 0, 0, 0, 0, 0, 0, 0, 0, 1, 1, 0, 1, 1, 0, 0, 0, 0, 0, 0, 2, 1, 0, 0, 0, 1, 0, 2, 0, 0, 1, 0, 2, 2, 0, 0, 2, 1, 0, 0, 2, 0, 0, 0, 0, 0, 0, 0, 0, 1, 0, 0, 0, 0, 0, 0, 0, 0, 0, 0, 0, 0, 0, 0, 0, 0, 0, 0, 0, 0, 2, 0, 0, 0, 2, 0, 1, 0, 0, 0, 0, 1, 2, 0, 0, 0, 0, 0, 0, 0, 0, 0, 3, 0, 0, 0, 1, 0, 2, 0, 1, 0, 1, 0, 0, 1, 0, 0, 0, 0, 0, 0, 1, 0, 0, 0, 0, 0, 0, 0, 1, 0, 1, 0, 0, 1, 0, 0, 0, 0, 0, 0, 0, 0, 0, 1, 1, 0, 0, 0, 0, 1, 0, 0, 0, 0, 2, 0, 0, 1, 0, 0, 0, 1, 0, 2, 0, 0, 0, 0, 1, 0, 0, 1, 1, 0, 0, 0, 0, 0, 1, 0, 0, 0, 1, 1, 0, 0, 0, 0, 0, 0, 0, 0, 0, 1, 0, 1, 0, 0, 1, 1, 0, 0, 2, 0, 0, 1, 0, 0, 1, 1, 0, 0, 0, 0, 0, 0, 0, 0, 0, 0, 1, 0, 0, 0, 0, 0, 0, 0, 3, 0, 0, 0, 0, 0, 0, 1, 0, 0, 0, 1, 0, 0, 1, 0, 0, 0, 1, 1, 1, 0, 0, 0, 0, 0, 0, 0, 0, 1, 0, 0, 0, 1, 0, 0, 0, 0, 0, 0, 1, 0, 0, 0, 0, 0, 0, 0, 0, 2, 1, 0, 0, 0, 0, 0, 3, 0, 0, 0, 1, 0, 0, 0, 0, 0, 0, 0, 0, 0, 0, 0, 0, 0, 0, 0, 0, 1, 0, 0, 0, 0, 0, 0, 0, 1]

Mean:0.242
Median:0.0
Mode:0
Seed:85


[1, 1, 2, 1, 2, 0, 1, 2, 0, 4, 1, 2, 2, 1, 1, 2, 0, 1, 0, 0, 1, 0, 0, 1, 3, 1, 1, 0, 1, 1, 1, 1, 0, 1, 0, 1, 0, 4, 2, 0, 2, 0, 1, 0, 1, 0, 0, 0, 0, 1, 0, 1, 1, 1, 1, 1, 1, 0, 1, 0, 1, 1, 2, 2, 2, 2, 1, 2, 2, 1, 0, 1, 0, 2, 0, 2, 1, 2, 2, 0, 0, 0, 2, 0, 0, 0, 0, 1, 3, 1, 1, 3, 2, 0, 1, 2, 1, 2, 0, 3, 0, 0, 2, 0, 1, 1, 1, 1, 1, 0, 1, 0, 0, 0, 0, 1, 0, 2, 1, 1, 0, 1, 2, 1, 0, 1, 0, 0, 2, 1, 2, 1, 1, 2, 0, 1, 1, 0, 1, 0, 1, 2, 2, 0, 0, 1, 1, 1, 1, 0, 1, 1, 3, 0, 2, 0, 0, 2, 1, 0, 1, 2, 0, 1, 1, 0, 2, 3, 2, 0, 2, 2, 1, 2, 1, 1, 1, 2, 1, 1, 0, 2, 1, 1, 1, 0, 1, 0, 1, 2, 2, 0, 0, 1, 2, 2, 0, 0, 1, 1, 1, 0, 3, 0, 1, 1, 0, 0, 1, 1, 1, 1, 0, 1, 0, 0, 1, 0, 0, 0, 1, 1, 1, 2, 1, 2, 1, 3, 2, 0, 2, 1, 0, 2, 0, 0, 1, 0, 0, 0, 1, 3, 3, 1, 1, 1, 1, 1, 0, 1, 2, 0, 2, 1, 1, 0, 1, 1, 1, 0, 1, 1, 1, 0, 1, 2, 0, 0, 1, 0, 0, 0, 0, 2, 2, 2, 0, 0, 1, 1, 4, 1, 2, 3, 0, 1, 1, 2, 1, 1, 2, 1, 2, 0, 1, 3, 1, 2, 1, 0, 2, 2, 2, 0, 1, 2, 1, 0, 1, 1, 0, 2, 1, 1, 4, 1, 2, 1, 0, 1, 2, 2, 1, 2, 2, 0, 0, 1, 1, 1, 0, 1, 0, 2, 4, 1, 0, 1, 2, 3, 1, 1, 1, 1, 1, 1, 1, 1, 0, 1, 0, 1, 0, 2, 1, 0, 1, 1, 2, 0, 1, 2, 0, 1, 3, 1, 0, 1, 1, 1, 1, 1, 1, 1, 2, 0, 1, 2, 0, 2, 1, 0, 0, 1, 0, 1, 1, 0, 3, 1, 1, 0, 1, 0, 2, 1, 0, 0, 0, 0, 1, 1, 0, 1, 0, 2, 2, 1, 0, 2, 0, 0, 1, 1, 0, 0, 2, 1, 0, 2, 1, 0, 1, 0, 1, 2, 0, 1, 1, 0, 2, 1, 1, 0, 1, 1, 1, 1, 1, 1, 1, 2, 0, 1, 0, 1, 3, 3, 1, 1, 1, 0, 3, 1, 2, 1, 0, 1, 0, 2, 2, 1, 0, 3, 1, 2, 1, 2, 1, 1, 0, 1, 0, 0, 2, 1, 1, 2, 1, 1, 1, 1, 0, 4, 0, 1, 1, 1, 1, 2, 0, 1, 0, 1, 2, 3, 1, 1, 1, 1]

Mean:1.002
Median:1.0
Mode:1
Seed:587


[14, 14, 14, 17, 14, 14, 14, 16, 14, 14, 15, 15, 14, 14, 16, 14, 14, 14, 15, 14, 14, 0, 15, 14, 15, 16, 14, 14, 14, 15, 14, 15, 15, 14, 14, 14, 0, 14, 16, 14, 1, 14, 16, 14, 0, 14, 14, 0, 17, 14, 15, 14, 15, 14, 14, 14, 16, 15, 15, 14, 14, 0, 14, 14, 14, 15, 14, 15, 14, 17, 14, 14, 14, 14, 14, 15, 14, 0, 15, 15, 16, 14, 14, 16, 14, 14, 14, 0, 14, 14, 14, 14, 14, 14, 0, 15, 14, 15, 1, 14, 15, 14, 0, 0, 14, 14, 14, 17, 15, 16, 15, 14, 0, 14, 15, 14, 15, 14, 14, 15, 14, 15, 14, 15, 14, 14, 14, 0, 16, 14, 14, 14, 14, 14, 14, 14, 14, 14, 15, 17, 14, 0, 14, 14, 14, 14, 14, 16, 14, 14, 14, 14, 14, 14, 0, 15, 14, 16, 0, 14, 15, 15, 14, 14, 14, 14, 0, 14, 0, 14, 14, 14, 0, 14, 15, 16, 0, 14, 0, 0, 14, 14, 0, 14, 15, 0, 14, 15, 16, 16, 14, 0, 14, 14, 14, 14, 14, 14, 14, 14, 14, 0, 14, 14, 15, 14, 14, 0, 14, 15, 14, 14, 16, 14, 14, 15, 14, 0, 14, 16, 14, 0, 15, 0, 14, 14, 14, 14, 14, 15, 15, 14, 14, 15, 15, 14, 14, 16, 14, 14, 0, 0, 14, 14, 15, 14, 14, 14, 14, 14, 14, 14, 1, 14, 14, 14, 14, 0, 15, 15, 15, 16, 15, 16, 14, 14, 15, 14, 14, 14, 14, 15, 14, 14, 14, 14, 14, 14, 15, 16, 14, 14, 15, 14, 14, 14, 14, 14, 14, 14, 15, 14, 0, 14, 18, 17, 15, 14, 14, 14, 15, 15, 14, 14, 14, 14, 15, 14, 14, 16, 0, 14, 14, 14, 0, 14, 0, 14, 14, 14, 15, 14, 14, 14, 14, 15, 15, 14, 14, 14, 14, 15, 14, 15, 0, 14, 14, 15, 14, 14, 15, 15, 14, 15, 14, 15, 15, 14, 15, 14, 0, 16, 14, 14, 14, 14, 16, 15, 14, 16, 15, 14, 15, 14, 14, 15, 15, 17, 0, 14, 0, 14, 0, 0, 14, 14, 14, 14, 0, 14, 14, 14, 15, 16, 14, 15, 0, 14, 14, 15, 14, 15, 14, 14, 15, 14, 15, 14, 0, 14, 0, 15, 14, 15, 15, 15, 0, 14, 0, 14, 14, 14, 14, 14, 15, 16, 14, 14, 14, 15, 14, 15, 14, 14, 15, 14, 14, 14, 14, 0, 0, 14, 15, 15, 15, 14, 14, 15, 14, 14, 14, 15, 15, 14, 14, 16, 14, 14, 14, 14, 14, 14, 14, 16, 14, 14, 0, 14, 14, 14, 15, 14, 15, 15, 14, 15, 14, 15, 15, 14, 14, 14, 1, 14, 15, 14, 14, 17, 14, 14, 15, 15, 15, 14, 15, 15, 14, 14, 14, 0, 14, 14, 14, 15, 17, 14, 15, 14, 14, 15]

Mean:12.834
Median:14.0
Mode:14
Seed:172


[2, 1, 0, 0, 1, 1, 1, 2, 0, 0, 0, 0, 1, 0, 0, 1, 3, 1, 1, 1, 0, 2, 0, 0, 1, 1, 1, 1, 1, 1, 2, 2, 1, 0, 0, 0, 3, 3, 2, 2, 1, 0, 0, 0, 0, 1, 0, 0, 0, 1, 0, 1, 1, 0, 0, 1, 1, 0, 0, 0, 0, 1, 2, 1, 1, 0, 1, 1, 0, 0, 1, 1, 1, 3, 1, 1, 0, 3, 1, 1, 0, 1, 0, 1, 0, 0, 3, 1, 0, 0, 1, 1, 0, 1, 0, 1, 1, 2, 0, 1, 1, 1, 0, 1, 1, 0, 1, 0, 0, 1, 1, 0, 0, 1, 0, 2, 0, 2, 1, 1, 0, 1, 0, 1, 1, 1, 2, 1, 1, 1, 0, 0, 1, 0, 1, 1, 0, 2, 0, 0, 2, 2, 0, 1, 0, 0, 0, 1, 3, 0, 1, 1, 0, 1, 0, 2, 0, 0, 1, 0, 1, 0, 3, 1, 2, 0, 0, 0, 0, 0, 2, 0, 0, 0, 0, 2, 1, 1, 0, 0, 1, 2, 0, 0, 2, 0, 1, 2, 0, 2, 1, 2, 1, 0, 0, 1, 0, 1, 0, 1, 1, 2, 0, 0, 2, 1, 0, 0, 0, 0, 1, 0, 0, 1, 1, 2, 0, 0, 0, 0, 0, 1, 1, 2, 1, 1, 0, 3, 1, 0, 0, 1, 1, 1, 0, 1, 1, 0, 3, 1, 0, 0, 2, 2, 0, 1, 0, 2, 0, 0, 0, 0, 2, 1, 1, 0, 1, 1, 1, 1, 0, 0, 2, 0, 0, 2, 0, 1, 1, 0, 1, 0, 0, 1, 1, 0, 2, 3, 1, 0, 0, 0, 0, 1, 1, 1, 1, 1, 0, 1, 3, 1, 0, 0, 1, 0, 2, 2, 1, 0, 2, 1, 1, 2, 1, 1, 0, 1, 0, 0, 1, 0, 1, 1, 2, 1, 0, 1, 1, 0, 0, 2, 0, 2, 0, 1, 2, 1, 1, 2, 0, 1, 0, 0, 1, 0, 1, 1, 0, 1, 0, 2, 0, 1, 1, 0, 0, 1, 1, 0, 2, 1, 1, 1, 0, 1, 1, 2, 0, 0, 0, 0, 2, 0, 1, 3, 0, 1, 2, 3, 3, 0, 2, 3, 0, 1, 2, 0, 0, 0, 0, 6, 1, 1, 0, 0, 0, 1, 2, 2, 0, 2, 1, 2, 1, 0, 2, 0, 1, 0, 0, 1, 2, 0, 3, 0, 1, 0, 0, 0, 0, 1, 1, 0, 1, 3, 1, 1, 2, 0, 0, 0, 1, 1, 0, 1, 2, 2, 0, 1, 0, 0, 0, 0, 2, 0, 1, 1, 0, 1, 2, 2, 1, 1, 0, 1, 0, 1, 0, 0, 1, 1, 0, 1, 0, 1, 0, 0, 0, 2, 1, 1, 1, 1, 1, 0, 1, 1, 1, 0, 3, 1, 0, 1, 0, 2, 0, 0, 0, 1, 1, 1, 1, 0, 0, 1, 2, 2, 0, 0, 2, 0, 0, 0, 0, 1, 0, 0, 1, 1]

Mean:0.79
Median:1.0
Mode:0
Seed:678


[0, 2, 1, 1, 1, 0, 0, 0, 2, 1, 0, 0, 0, 0, 0, 0, 0, 1, 0, 0, 1, 0, 0, 1, 1, 1, 0, 0, 0, 0, 2, 0, 1, 1, 0, 0, 0, 1, 0, 1, 0, 1, 1, 0, 0, 0, 0, 0, 0, 0, 0, 0, 0, 0, 0, 0, 2, 2, 1, 0, 1, 0, 0, 0, 0, 1, 0, 0, 0, 0, 0, 0, 0, 0, 1, 2, 0, 2, 0, 0, 0, 0, 0, 0, 0, 0, 1, 0, 0, 2, 0, 0, 0, 0, 0, 0, 1, 0, 1, 0, 0, 2, 0, 0, 1, 2, 0, 1, 1, 0, 0, 2, 1, 0, 1, 0, 0, 2, 0, 1, 2, 1, 0, 0, 0, 1, 1, 1, 0, 0, 0, 1, 0, 1, 1, 0, 0, 0, 3, 0, 0, 0, 0, 0, 0, 2, 0, 0, 0, 1, 0, 1, 0, 0, 1, 0, 0, 0, 0, 1, 0, 0, 0, 1, 0, 0, 1, 0, 0, 2, 0, 0, 1, 0, 0, 0, 0, 1, 0, 0, 0, 0, 0, 1, 0, 0, 0, 0, 1, 1, 0, 0, 0, 2, 0, 0, 0, 0, 2, 0, 2, 0, 0, 0, 1, 1, 0, 0, 0, 0, 1, 0, 0, 1, 1, 0, 0, 0, 0, 0, 0, 1, 0, 0, 0, 0, 0, 0, 0, 0, 0, 1, 0, 0, 1, 3, 0, 0, 0, 1, 0, 0, 0, 0, 1, 1, 0, 0, 0, 0, 1, 1, 1, 0, 0, 1, 1, 0, 0, 0, 0, 0, 0, 0, 0, 1, 0, 0, 0, 1, 1, 0, 1, 1, 1, 0, 0, 0, 1, 0, 1, 0, 1, 2, 1, 0, 1, 0, 0, 0, 0, 0, 1, 1, 0, 0, 1, 0, 1, 1, 0, 0, 1, 0, 0, 0, 0, 0, 1, 0, 1, 2, 0, 2, 1, 0, 0, 0, 0, 1, 0, 2, 0, 1, 1, 0, 0, 1, 0, 0, 0, 1, 0, 0, 0, 1, 0, 0, 0, 1, 0, 0, 0, 0, 1, 1, 0, 1, 1, 1, 1, 0, 0, 1, 0, 0, 1, 0, 0, 1, 0, 0, 1, 0, 0, 0, 0, 1, 0, 1, 1, 0, 0, 0, 1, 1, 0, 0, 0, 0, 0, 0, 0, 0, 1, 0, 0, 0, 0, 0, 0, 0, 0, 1, 0, 0, 0, 1, 0, 1, 0, 0, 1, 0, 0, 0, 1, 1, 0, 0, 0, 0, 0, 1, 0, 0, 0, 0, 1, 0, 0, 1, 0, 0, 0, 0, 1, 0, 0, 0, 0, 0, 0, 1, 0, 0, 2, 1, 0, 2, 1, 0, 0, 0, 0, 0, 1, 2, 0, 3, 1, 0, 1, 1, 0, 0, 0, 1, 1, 1, 1, 1, 0, 0, 1, 1, 1, 0, 0, 0, 2, 1, 1, 0, 0, 0, 1, 0, 0, 0, 1, 0, 0, 0, 1, 0, 0, 0, 0, 0, 0, 0, 1, 0, 0, 0, 0, 1, 0, 0]

Mean:0.396
Median:0.0
Mode:0
Seed:545


[1, 0, 0, 0, 0, 0, 0, 0, 0, 0, 0, 0, 0, 1, 0, 0, 0, 0, 0, 0, 0, 0, 0, 0, 0, 0, 0, 0, 0, 0, 0, 0, 0, 0, 0, 0, 0, 0, 0, 0, 0, 0, 0, 0, 0, 0, 0, 0, 0, 0, 0, 0, 0, 0, 0, 0, 0, 0, 0, 1, 0, 0, 1, 0, 0, 0, 0, 0, 0, 0, 0, 0, 0, 0, 0, 0, 0, 1, 0, 1, 0, 0, 0, 0, 0, 0, 0, 0, 0, 1, 1, 0, 0, 0, 0, 0, 0, 0, 0, 1, 1, 0, 1, 0, 0, 0, 0, 0, 0, 0, 1, 0, 0, 0, 0, 0, 0, 0, 0, 0, 0, 0, 0, 0, 0, 0, 0, 1, 0, 0, 0, 0, 1, 0, 0, 0, 0, 0, 0, 0, 1, 1, 0, 0, 0, 0, 0, 0, 0, 1, 0, 0, 0, 0, 0, 1, 0, 1, 0, 0, 0, 0, 0, 0, 0, 0, 0, 0, 0, 1, 0, 0, 0, 0, 0, 0, 0, 0, 0, 0, 0, 0, 0, 1, 0, 0, 0, 0, 0, 0, 0, 0, 0, 0, 0, 1, 1, 0, 0, 0, 0, 0, 0, 0, 0, 0, 0, 0, 0, 0, 0, 0, 0, 0, 0, 0, 0, 0, 0, 0, 0, 0, 0, 0, 1, 0, 0, 0, 1, 0, 0, 0, 0, 1, 0, 0, 0, 0, 1, 0, 0, 0, 1, 1, 0, 0, 0, 0, 0, 0, 0, 0, 0, 1, 0, 0, 0, 0, 0, 0, 0, 0, 0, 0, 0, 0, 0, 0, 0, 0, 0, 0, 0, 1, 0, 0, 0, 0, 0, 0, 0, 0, 1, 0, 0, 0, 0, 0, 0, 1, 1, 0, 0, 0, 0, 1, 0, 0, 0, 1, 0, 1, 0, 0, 0, 1, 0, 0, 0, 0, 0, 0, 0, 0, 0, 0, 0, 0, 0, 0, 0, 1, 0, 0, 0, 0, 0, 0, 0, 0, 0, 0, 0, 0, 1, 0, 0, 0, 0, 0, 0, 0, 0, 0, 0, 0, 0, 0, 1, 0, 0, 0, 0, 0, 0, 1, 1, 0, 0, 0, 0, 0, 0, 0, 0, 0, 1, 0, 0, 0, 0, 0, 1, 0, 0, 0, 0, 0, 0, 0, 0, 0, 0, 0, 0, 0, 0, 2, 0, 0, 0, 1, 0, 0, 0, 0, 0, 0, 0, 0, 0, 0, 0, 0, 0, 0, 0, 0, 0, 0, 0, 0, 0, 0, 0, 0, 0, 0, 0, 0, 0, 0, 0, 0, 0, 1, 0, 0, 0, 1, 1, 0, 0, 0, 0, 0, 1, 0, 0, 1, 0, 0, 0, 0, 0, 0, 0, 0, 0, 0, 1, 0, 0, 0, 0, 0, 0, 0, 0, 1, 0, 0, 0, 1, 0, 0, 0, 0, 0, 0, 0, 1, 0, 0, 0, 0, 0, 0, 0, 1, 0, 0, 0, 0, 0, 0, 0, 0, 0, 0, 1, 0, 0, 0, 0, 0, 0, 2, 0, 0]

Mean:0.122
Median:0.0
Mode:0
Seed:376


[3, 0, 1, 0, 1, 0, 0, 0, 0, 0, 2, 0, 3, 0, 1, 0, 0, 2, 4, 3, 1, 2, 0, 1, 0, 1, 1, 0, 1, 0, 0, 0, 2, 1, 0, 1, 1, 1, 0, 0, 0, 1, 1, 0, 2, 1, 0, 0, 0, 1, 0, 2, 1, 0, 0, 0, 1, 0, 0, 1, 0, 2, 0, 0, 0, 0, 1, 0, 0, 2, 1, 1, 1, 1, 3, 0, 1, 0, 1, 0, 1, 1, 0, 0, 1, 0, 0, 0, 0, 0, 1, 1, 1, 0, 3, 0, 2, 0, 0, 0, 1, 1, 0, 0, 1, 1, 0, 0, 0, 0, 0, 0, 0, 3, 1, 0, 0, 1, 0, 3, 2, 0, 1, 0, 0, 0, 5, 0, 1, 0, 1, 0, 0, 1, 0, 0, 0, 0, 1, 1, 1, 2, 0, 1, 0, 1, 2, 1, 1, 0, 0, 0, 2, 0, 0, 0, 1, 0, 1, 1, 0, 0, 1, 0, 1, 3, 2, 0, 1, 1, 1, 2, 1, 0, 1, 1, 0, 2, 0, 0, 0, 0, 0, 2, 0, 0, 0, 1, 2, 0, 0, 1, 1, 1, 0, 0, 0, 0, 1, 0, 0, 1, 0, 2, 0, 0, 0, 0, 0, 0, 0, 1, 0, 2, 1, 0, 1, 0, 2, 0, 1, 1, 0, 0, 0, 0, 0, 0, 0, 0, 0, 0, 0, 0, 0, 0, 1, 0, 2, 0, 0, 0, 0, 0, 4, 3, 1, 0, 0, 2, 0, 0, 2, 1, 0, 1, 0, 0, 0, 2, 0, 1, 0, 2, 3, 0, 0, 2, 1, 2, 0, 0, 0, 1, 0, 0, 0, 1, 0, 0, 0, 2, 0, 2, 2, 0, 0, 2, 1, 0, 2, 2, 0, 0, 0, 1, 0, 0, 0, 0, 0, 0, 1, 0, 3, 0, 0, 1, 0, 1, 1, 0, 1, 1, 1, 0, 0, 0, 2, 1, 1, 0, 1, 0, 0, 1, 1, 3, 0, 0, 0, 0, 0, 1, 0, 0, 1, 1, 1, 0, 0, 0, 1, 1, 1, 0, 1, 0, 0, 0, 2, 1, 0, 0, 0, 1, 0, 2, 0, 0, 0, 0, 2, 1, 0, 1, 1, 0, 1, 1, 1, 3, 0, 0, 1, 0, 0, 0, 0, 1, 0, 0, 0, 2, 1, 5, 1, 0, 0, 1, 0, 1, 1, 0, 0, 0, 0, 0, 0, 1, 0, 0, 0, 1, 0, 3, 0, 0, 1, 0, 2, 1, 0, 0, 0, 1, 0, 0, 0, 1, 0, 1, 0, 4, 3, 0, 0, 1, 2, 0, 3, 2, 0, 0, 1, 0, 0, 0, 0, 0, 1, 0, 3, 1, 1, 0, 0, 2, 0, 0, 1, 2, 0, 1, 1, 1, 0, 0, 0, 0, 1, 1, 3, 3, 1, 0, 0, 0, 1, 0, 0, 0, 1, 0, 0, 0, 1, 0, 0, 0, 1, 0, 0, 0, 0, 0, 4, 0, 2, 0, 0, 0, 0, 0, 0, 0, 0, 0, 1, 2]

Mean:0.63
Median:0.0
Mode:0
Seed:473


[0, 0, 1, 0, 1, 1, 0, 2, 1, 0, 2, 0, 0, 1, 2, 0, 0, 0, 0, 0, 1, 0, 1, 0, 0, 0, 0, 1, 0, 0, 1, 0, 0, 1, 1, 0, 0, 0, 0, 0, 1, 0, 0, 1, 0, 0, 1, 0, 0, 0, 1, 1, 1, 1, 0, 2, 1, 1, 1, 0, 2, 0, 0, 0, 0, 0, 0, 2, 0, 0, 1, 3, 0, 0, 2, 2, 1, 0, 1, 1, 0, 0, 0, 0, 1, 0, 1, 0, 3, 0, 1, 2, 0, 0, 0, 0, 1, 1, 0, 0, 1, 0, 0, 0, 1, 0, 0, 1, 0, 2, 1, 0, 1, 0, 0, 2, 0, 1, 1, 1, 0, 1, 1, 0, 0, 0, 1, 2, 0, 0, 0, 0, 1, 2, 1, 1, 0, 0, 0, 0, 1, 1, 0, 0, 0, 0, 2, 1, 0, 0, 0, 1, 1, 0, 0, 0, 1, 0, 0, 1, 0, 0, 1, 2, 0, 0, 1, 1, 0, 1, 0, 1, 1, 1, 0, 1, 0, 0, 0, 0, 0, 0, 1, 0, 1, 0, 0, 1, 0, 0, 1, 0, 0, 2, 0, 2, 0, 0, 2, 0, 0, 1, 0, 1, 0, 0, 0, 0, 0, 0, 1, 0, 1, 0, 0, 0, 0, 0, 0, 0, 0, 1, 1, 0, 2, 0, 1, 1, 1, 1, 1, 0, 0, 0, 0, 1, 0, 0, 0, 2, 0, 0, 0, 0, 1, 1, 1, 3, 1, 0, 1, 1, 0, 1, 0, 2, 2, 0, 0, 0, 0, 0, 0, 1, 0, 0, 0, 0, 0, 2, 2, 1, 0, 0, 0, 0, 0, 0, 1, 0, 0, 0, 2, 0, 2, 0, 1, 0, 0, 0, 1, 0, 1, 0, 0, 1, 1, 2, 0, 0, 1, 1, 0, 2, 0, 2, 2, 0, 0, 2, 1, 0, 0, 1, 0, 3, 1, 1, 0, 1, 2, 1, 0, 0, 0, 2, 0, 2, 2, 0, 0, 0, 2, 1, 1, 0, 0, 1, 1, 0, 0, 0, 1, 2, 0, 1, 2, 1, 0, 0, 1, 0, 0, 1, 1, 1, 0, 0, 2, 1, 1, 0, 2, 1, 1, 1, 0, 0, 0, 0, 0, 1, 0, 1, 0, 0, 0, 1, 0, 0, 1, 0, 0, 1, 1, 0, 1, 1, 0, 0, 1, 1, 1, 1, 0, 0, 0, 0, 0, 0, 0, 1, 0, 1, 1, 0, 0, 1, 1, 0, 0, 1, 2, 1, 0, 1, 2, 1, 0, 1, 1, 2, 1, 0, 1, 0, 0, 0, 1, 0, 0, 0, 2, 0, 1, 0, 1, 0, 1, 1, 0, 1, 0, 0, 0, 0, 0, 2, 1, 0, 1, 0, 0, 0, 0, 0, 2, 1, 1, 0, 2, 0, 1, 0, 1, 0, 1, 1, 2, 0, 0, 2, 3, 0, 1, 0, 0, 1, 1, 1, 0, 2, 2, 1, 0, 1, 0, 1, 1, 0, 0, 0, 1, 0, 0, 0, 0, 1, 1, 0]

Mean:0.562
Median:0.0
Mode:0
Seed:765


[3, 0, 1, 0, 1, 0, 0, 1, 1, 1, 0, 0, 1, 0, 3, 1, 0, 1, 1, 0, 3, 0, 0, 1, 0, 0, 1, 2, 0, 2, 0, 0, 4, 0, 0, 0, 0, 0, 2, 1, 0, 1, 1, 0, 0, 0, 0, 1, 0, 0, 0, 1, 0, 0, 0, 1, 1, 1, 2, 0, 2, 2, 1, 0, 0, 0, 0, 1, 1, 0, 1, 1, 0, 0, 3, 1, 0, 1, 0, 1, 0, 0, 0, 0, 1, 1, 1, 2, 2, 0, 0, 1, 1, 2, 0, 2, 0, 0, 0, 0, 0, 0, 0, 1, 0, 0, 1, 0, 0, 0, 1, 2, 1, 1, 0, 2, 1, 0, 0, 0, 0, 1, 0, 2, 0, 1, 0, 1, 3, 1, 0, 0, 0, 0, 0, 2, 0, 0, 0, 0, 0, 0, 0, 0, 3, 1, 0, 1, 0, 1, 0, 1, 1, 0, 3, 1, 3, 0, 0, 0, 1, 0, 2, 1, 1, 1, 0, 0, 0, 0, 3, 0, 0, 0, 1, 1, 0, 5, 1, 0, 1, 2, 2, 4, 2, 0, 0, 0, 1, 2, 0, 1, 0, 0, 1, 0, 0, 0, 0, 0, 1, 0, 2, 0, 0, 0, 1, 1, 0, 0, 0, 0, 0, 0, 2, 0, 1, 0, 0, 5, 0, 0, 0, 3, 1, 2, 1, 0, 0, 1, 0, 0, 1, 0, 3, 1, 0, 0, 1, 1, 0, 0, 0, 0, 0, 0, 1, 2, 0, 0, 0, 1, 1, 0, 1, 0, 0, 1, 0, 0, 1, 0, 2, 0, 3, 1, 0, 0, 0, 3, 2, 0, 1, 0, 2, 0, 1, 0, 0, 0, 0, 0, 0, 1, 1, 0, 3, 0, 0, 7, 0, 0, 0, 1, 1, 0, 1, 0, 0, 0, 0, 0, 2, 1, 0, 0, 1, 1, 0, 0, 0, 1, 0, 0, 1, 0, 1, 1, 2, 1, 0, 1, 3, 0, 0, 0, 0, 0, 1, 0, 0, 1, 1, 0, 3, 0, 0, 1, 0, 1, 0, 0, 0, 0, 2, 1, 1, 0, 1, 0, 0, 0, 1, 0, 0, 0, 3, 2, 1, 5, 0, 0, 1, 0, 0, 2, 1, 1, 2, 0, 0, 0, 0, 0, 1, 0, 0, 2, 0, 2, 3, 3, 0, 2, 2, 0, 3, 1, 0, 0, 0, 0, 0, 0, 1, 1, 0, 1, 1, 0, 1, 0, 1, 0, 1, 3, 1, 0, 0, 1, 1, 0, 0, 1, 0, 1, 0, 0, 7, 0, 0, 0, 3, 0, 0, 2, 2, 2, 0, 0, 0, 0, 0, 0, 0, 0, 1, 1, 2, 0, 0, 0, 1, 4, 0, 0, 2, 0, 2, 0, 0, 1, 1, 2, 1, 1, 0, 0, 0, 0, 0, 0, 0, 1, 3, 2, 0, 0, 2, 0, 3, 0, 0, 1, 0, 1, 0, 0, 0, 1, 0, 1, 3, 0, 2, 0, 0, 0, 0, 1, 0, 0, 1, 2, 0, 2, 3, 0, 1, 0]

Mean:0.7
Median:0.0
Mode:0
Seed:521


[17, 6, 5, 8, 8, 6, 17, 7, 0, 13, 8, 0, 3, 8, 0, 13, 15, 17, 10, 12, 14, 12, 5, 4, 3, 17, 1, 10, 11, 10, 0, 3, 13, 2, 1, 9, 14, 5, 4, 11, 5, 16, 0, 0, 13, 9, 5, 4, 7, 2, 5, 9, 13, 1, 0, 5, 18, 1, 1, 0, 14, 2, 6, 2, 6, 6, 6, 1, 2, 2, 6, 18, 3, 2, 2, 6, 3, 1, 8, 3, 11, 4, 7, 19, 6, 0, 0, 0, 14, 14, 13, 4, 9, 0, 9, 3, 13, 4, 0, 1, 2, 4, 11, 19, 17, 9, 7, 13, 1, 13, 9, 1, 4, 2, 0, 7, 10, 0, 16, 0, 16, 13, 1, 16, 1, 8, 17, 14, 1, 5, 5, 1, 2, 2, 4, 5, 18, 15, 1, 1, 1, 2, 4, 0, 18, 11, 18, 2, 15, 6, 7, 14, 10, 18, 2, 19, 10, 8, 13, 8, 16, 16, 14, 16, 14, 4, 15, 13, 1, 3, 2, 2, 13, 8, 4, 7, 9, 1, 18, 6, 2, 0, 3, 6, 0, 17, 3, 0, 14, 1, 16, 13, 17, 17, 25, 7, 0, 9, 2, 9, 21, 8, 14, 17, 18, 2, 2, 3, 9, 1, 9, 1, 18, 13, 11, 2, 6, 13, 1, 2, 5, 1, 16, 21, 11, 6, 10, 18, 6, 18, 0, 17, 2, 13, 6, 6, 3, 4, 3, 7, 14, 2, 0, 1, 11, 0, 13, 1, 13, 2, 1, 0, 5, 6, 14, 10, 7, 14, 4, 2, 1, 0, 5, 19, 3, 1, 2, 5, 13, 2, 4, 1, 15, 8, 13, 10, 13, 4, 15, 4, 4, 0, 10, 9, 1, 0, 11, 6, 5, 1, 6, 0, 5, 18, 0, 12, 5, 15, 11, 6, 12, 18, 8, 12, 8, 8, 9, 13, 4, 12, 5, 9, 1, 8, 4, 6, 14, 6, 8, 10, 1, 9, 1, 2, 4, 1, 15, 12, 8, 3, 10, 2, 12, 2, 6, 11, 5, 3, 16, 19, 7, 4, 9, 8, 4, 1, 2, 11, 1, 4, 1, 12, 14, 16, 2, 13, 0, 1, 2, 13, 14, 0, 0, 5, 8, 13, 3, 8, 10, 15, 13, 8, 26, 15, 9, 10, 12, 17, 10, 6, 4, 0, 2, 1, 0, 15, 1, 2, 0, 13, 1, 16, 20, 13, 1, 5, 21, 11, 8, 0, 2, 2, 8, 13, 8, 12, 5, 6, 7, 1, 18, 7, 6, 18, 5, 2, 3, 19, 6, 1, 6, 1, 7, 1, 3, 12, 2, 1, 5, 4, 3, 2, 0, 2, 17, 0, 0, 14, 7, 9, 11, 9, 5, 2, 7, 0, 0, 4, 2, 14, 3, 5, 6, 3, 11, 5, 2, 4, 8, 15, 0, 10, 6, 5, 5, 1, 6, 5, 10, 5, 7, 1, 4, 3, 11, 10, 16, 10, 9, 26, 9, 8, 0, 5, 24, 3, 2, 7, 10, 0, 7, 23, 11, 2, 4, 13, 4, 4, 10, 17]

Mean:7.33
Median:6.0
Mode:1
Seed:750


[2, 5, 3, 1, 2, 1, 0, 1, 11, 4, 5, 0, 1, 0, 4, 5, 5, 1, 1, 1, 0, 1, 4, 3, 2, 9, 5, 5, 1, 8, 1, 10, 10, 3, 4, 1, 9, 8, 7, 10, 0, 5, 0, 3, 5, 2, 1, 11, 9, 2, 0, 2, 0, 9, 1, 0, 9, 0, 1, 0, 5, 0, 1, 2, 2, 1, 2, 7, 0, 4, 11, 0, 0, 3, 7, 1, 2, 9, 3, 8, 3, 4, 6, 3, 6, 4, 0, 1, 0, 5, 4, 0, 2, 3, 8, 1, 0, 0, 0, 3, 2, 0, 7, 5, 3, 0, 2, 3, 1, 0, 9, 9, 5, 6, 2, 1, 10, 4, 0, 1, 3, 2, 5, 10, 1, 10, 0, 1, 1, 6, 9, 1, 0, 0, 3, 1, 7, 7, 9, 0, 5, 8, 2, 4, 6, 1, 0, 10, 2, 10, 0, 10, 0, 3, 0, 10, 7, 7, 1, 11, 3, 2, 10, 0, 3, 1, 9, 4, 4, 8, 1, 9, 7, 2, 2, 0, 10, 6, 2, 4, 2, 6, 1, 0, 4, 6, 0, 2, 1, 0, 2, 3, 10, 3, 1, 10, 7, 3, 3, 10, 2, 12, 0, 2, 9, 1, 4, 11, 5, 1, 0, 1, 3, 11, 6, 7, 10, 1, 2, 6, 5, 9, 3, 3, 3, 10, 9, 1, 2, 0, 4, 10, 0, 6, 6, 7, 9, 2, 0, 0, 7, 4, 8, 0, 4, 5, 3, 5, 0, 1, 10, 7, 6, 1, 9, 5, 4, 1, 5, 0, 2, 1, 6, 9, 10, 8, 0, 9, 1, 4, 4, 5, 8, 6, 5, 5, 9, 2, 7, 1, 1, 4, 1, 6, 7, 7, 0, 2, 1, 5, 5, 0, 10, 5, 1, 10, 0, 9, 2, 1, 9, 6, 11, 1, 8, 4, 4, 0, 5, 1, 2, 1, 2, 0, 4, 0, 0, 1, 6, 1, 0, 2, 2, 2, 2, 1, 0, 9, 0, 10, 6, 4, 12, 8, 1, 2, 2, 5, 2, 6, 7, 2, 2, 0, 1, 5, 8, 3, 9, 0, 6, 2, 6, 11, 1, 0, 1, 9, 9, 5, 10, 0, 2, 9, 11, 0, 0, 0, 10, 1, 3, 2, 0, 1, 1, 1, 3, 2, 4, 5, 3, 1, 1, 0, 8, 11, 3, 8, 5, 1, 10, 4, 6, 3, 0, 3, 2, 6, 4, 2, 3, 4, 4, 2, 0, 3, 4, 4, 2, 5, 5, 1, 4, 6, 1, 3, 0, 0, 0, 10, 1, 2, 1, 4, 3, 4, 3, 0, 2, 2, 10, 7, 1, 0, 5, 0, 0, 10, 1, 6, 1, 4, 2, 2, 2, 10, 3, 2, 3, 5, 0, 2, 10, 4, 3, 3, 7, 4, 4, 1, 0, 9, 0, 0, 7, 6, 2, 3, 0, 8, 0, 0, 1, 1, 11, 0, 8, 8, 3, 1, 10, 1, 0, 3, 10, 1, 3, 1, 6, 2, 5, 10, 6, 0, 3, 5, 3, 2, 0, 2]

Mean:3.794
Median:3.0
Mode:0
Seed:1


[0, 0, 0, 0, 0, 0, 0, 0, 0, 1, 1, 0, 0, 0, 0, 1, 0, 0, 0, 0, 1, 0, 0, 0, 0, 0, 0, 0, 1, 0, 1, 0, 1, 0, 2, 0, 0, 0, 0, 0, 0, 0, 0, 1, 0, 0, 0, 1, 0, 0, 0, 0, 0, 0, 0, 1, 0, 0, 0, 0, 0, 0, 0, 0, 1, 0, 1, 0, 0, 0, 0, 0, 0, 0, 0, 0, 0, 1, 0, 0, 1, 0, 1, 0, 0, 1, 0, 0, 0, 0, 0, 0, 1, 1, 1, 0, 0, 0, 0, 0, 0, 1, 0, 0, 2, 0, 0, 0, 0, 0, 0, 0, 0, 0, 0, 0, 0, 0, 1, 1, 0, 0, 0, 0, 0, 0, 1, 0, 0, 0, 1, 0, 0, 0, 1, 0, 0, 0, 0, 1, 1, 0, 0, 0, 0, 0, 1, 0, 0, 1, 0, 0, 0, 0, 0, 0, 0, 0, 0, 1, 0, 0, 0, 0, 0, 0, 0, 0, 0, 0, 0, 0, 0, 0, 0, 0, 0, 0, 0, 1, 0, 1, 0, 0, 0, 0, 0, 0, 0, 0, 1, 1, 0, 0, 0, 1, 0, 2, 1, 0, 0, 1, 0, 0, 1, 1, 0, 1, 1, 0, 1, 1, 1, 1, 0, 1, 0, 0, 0, 1, 0, 1, 0, 0, 1, 0, 1, 0, 0, 1, 0, 2, 0, 0, 0, 0, 1, 0, 0, 1, 0, 1, 0, 0, 1, 0, 0, 1, 0, 0, 0, 0, 1, 2, 0, 0, 0, 0, 0, 1, 1, 0, 0, 0, 0, 2, 0, 0, 0, 0, 0, 1, 0, 1, 0, 0, 0, 0, 0, 0, 0, 0, 1, 0, 0, 0, 1, 1, 0, 1, 0, 0, 0, 0, 0, 0, 0, 1, 1, 0, 0, 0, 0, 1, 0, 1, 0, 1, 1, 0, 1, 0, 1, 0, 0, 0, 0, 0, 1, 1, 1, 0, 0, 0, 0, 0, 0, 1, 0, 0, 0, 0, 0, 1, 0, 0, 1, 0, 1, 0, 0, 0, 0, 0, 0, 0, 0, 2, 1, 0, 0, 0, 2, 1, 1, 1, 0, 0, 0, 1, 0, 0, 1, 0, 0, 1, 1, 0, 0, 1, 2, 0, 0, 1, 0, 1, 0, 0, 0, 1, 0, 1, 1, 0, 0, 0, 1, 0, 0, 3, 1, 1, 0, 0, 1, 0, 0, 0, 2, 0, 0, 0, 1, 1, 0, 1, 0, 0, 0, 2, 0, 2, 2, 0, 0, 0, 1, 0, 0, 3, 0, 1, 1, 2, 0, 0, 1, 0, 1, 0, 0, 0, 0, 0, 0, 0, 1, 1, 0, 0, 1, 0, 0, 0, 0, 0, 0, 2, 1, 0, 1, 0, 0, 0, 1, 0, 0, 1, 0, 0, 0, 1, 0, 0, 0, 0, 0, 0, 0, 0, 1, 0, 1, 0, 1, 1, 1, 0, 0, 0, 0, 0, 0, 1, 1, 0, 0, 1, 0, 0, 0, 1, 0, 0, 2, 1, 1, 0, 0, 0]

Mean:0.326
Median:0.0
Mode:0
Seed:562


[3, 2, 3, 1, 0, 0, 2, 2, 0, 4, 1, 1, 2, 0, 1, 0, 1, 0, 1, 0, 1, 2, 3, 0, 2, 1, 0, 4, 1, 1, 1, 1, 1, 2, 0, 1, 0, 0, 0, 1, 1, 2, 1, 1, 2, 1, 0, 0, 0, 0, 1, 2, 2, 1, 0, 1, 3, 0, 0, 1, 0, 0, 1, 0, 2, 0, 0, 1, 3, 1, 0, 1, 2, 1, 1, 2, 3, 0, 2, 1, 1, 1, 0, 1, 0, 0, 2, 1, 1, 0, 0, 2, 1, 3, 0, 0, 0, 0, 0, 2, 1, 2, 2, 0, 0, 1, 1, 3, 1, 0, 0, 1, 1, 0, 1, 0, 0, 0, 1, 0, 1, 2, 1, 1, 2, 0, 2, 3, 0, 2, 2, 1, 0, 1, 1, 0, 0, 2, 1, 1, 1, 2, 0, 1, 1, 3, 1, 1, 1, 1, 0, 1, 2, 2, 1, 1, 1, 0, 1, 1, 1, 1, 1, 2, 1, 0, 1, 0, 0, 1, 1, 4, 0, 1, 0, 0, 1, 2, 1, 1, 2, 0, 0, 2, 2, 0, 0, 2, 0, 1, 1, 0, 1, 1, 2, 2, 1, 1, 0, 1, 2, 1, 1, 1, 0, 2, 1, 0, 2, 2, 0, 1, 0, 1, 0, 0, 0, 0, 0, 0, 2, 2, 1, 1, 4, 2, 1, 1, 3, 0, 0, 1, 1, 1, 1, 0, 3, 2, 1, 0, 1, 3, 0, 2, 1, 0, 0, 2, 0, 1, 0, 3, 1, 2, 0, 2, 1, 1, 0, 0, 1, 3, 1, 0, 1, 0, 2, 0, 0, 1, 1, 0, 0, 1, 2, 2, 1, 1, 1, 1, 0, 1, 2, 1, 1, 1, 2, 0, 0, 2, 1, 1, 1, 1, 0, 1, 0, 1, 2, 2, 0, 0, 1, 2, 0, 0, 0, 2, 1, 0, 1, 1, 1, 2, 1, 1, 1, 0, 1, 1, 1, 0, 1, 0, 1, 2, 0, 4, 0, 2, 0, 1, 1, 2, 0, 1, 0, 1, 3, 2, 1, 0, 2, 1, 0, 3, 2, 4, 1, 1, 0, 1, 1, 1, 2, 1, 2, 3, 1, 2, 3, 1, 1, 1, 1, 1, 1, 0, 1, 1, 0, 0, 1, 3, 1, 0, 1, 0, 0, 1, 0, 0, 1, 1, 1, 1, 1, 2, 0, 0, 0, 1, 1, 1, 0, 2, 2, 0, 1, 1, 0, 1, 1, 0, 0, 0, 1, 1, 2, 0, 0, 1, 0, 2, 0, 1, 1, 1, 2, 1, 1, 1, 0, 2, 1, 0, 0, 1, 3, 1, 1, 1, 1, 0, 1, 1, 0, 1, 2, 0, 0, 0, 0, 2, 1, 1, 0, 0, 0, 3, 0, 1, 1, 3, 1, 1, 0, 0, 0, 2, 0, 1, 1, 1, 0, 3, 0, 0, 0, 1, 3, 3, 1, 1, 0, 0, 0, 2, 3, 2, 2, 4, 1, 0, 2, 1, 0, 1, 0, 0, 0, 1, 0, 1, 1, 2, 2, 2, 1, 2]

Mean:0.988
Median:1.0
Mode:1
Seed:337


[1, 1, 0, 0, 1, 2, 1, 1, 2, 0, 1, 1, 1, 1, 2, 1, 4, 2, 2, 3, 4, 1, 3, 2, 1, 1, 1, 2, 3, 1, 1, 2, 1, 1, 1, 5, 2, 1, 1, 1, 1, 2, 2, 1, 1, 1, 1, 5, 3, 1, 3, 2, 2, 1, 1, 2, 0, 1, 2, 2, 1, 1, 3, 0, 1, 4, 3, 1, 1, 1, 2, 1, 2, 0, 1, 1, 1, 2, 0, 1, 5, 1, 0, 1, 1, 2, 2, 1, 0, 2, 1, 2, 2, 1, 3, 0, 4, 1, 1, 3, 1, 1, 3, 3, 1, 1, 0, 0, 7, 0, 1, 1, 1, 1, 0, 1, 0, 1, 1, 1, 1, 1, 2, 2, 1, 1, 1, 2, 0, 2, 3, 0, 0, 1, 7, 2, 2, 2, 1, 0, 0, 3, 1, 0, 2, 4, 3, 2, 1, 1, 3, 3, 1, 4, 0, 0, 0, 1, 1, 1, 2, 2, 4, 1, 0, 1, 2, 0, 1, 1, 1, 0, 0, 3, 1, 2, 1, 6, 1, 1, 3, 1, 1, 1, 1, 3, 1, 1, 1, 4, 1, 0, 3, 4, 3, 0, 1, 2, 1, 3, 5, 0, 1, 1, 0, 1, 1, 2, 1, 5, 2, 1, 1, 1, 2, 2, 3, 1, 1, 2, 2, 1, 1, 11, 5, 4, 1, 1, 2, 1, 0, 5, 6, 1, 3, 3, 1, 2, 0, 3, 1, 1, 1, 2, 2, 1, 4, 2, 1, 0, 1, 2, 1, 2, 1, 0, 1, 1, 1, 5, 1, 1, 1, 2, 1, 1, 1, 0, 5, 0, 1, 0, 1, 4, 1, 1, 1, 1, 3, 2, 2, 0, 1, 1, 0, 0, 3, 7, 2, 4, 1, 3, 2, 1, 2, 1, 5, 1, 2, 1, 1, 3, 1, 3, 3, 1, 4, 1, 1, 3, 1, 1, 4, 2, 1, 0, 3, 2, 1, 1, 1, 7, 1, 1, 2, 1, 1, 3, 1, 1, 3, 1, 1, 1, 1, 1, 1, 2, 1, 0, 0, 0, 1, 1, 3, 3, 3, 1, 3, 3, 1, 3, 1, 1, 0, 1, 1, 1, 0, 1, 2, 0, 1, 1, 1, 0, 1, 2, 1, 1, 6, 1, 0, 0, 4, 1, 1, 1, 0, 1, 2, 1, 2, 1, 1, 8, 1, 4, 1, 1, 5, 3, 0, 3, 1, 1, 2, 4, 2, 1, 3, 1, 4, 2, 1, 1, 2, 2, 0, 0, 0, 2, 1, 0, 0, 1, 1, 1, 3, 1, 3, 1, 1, 1, 1, 4, 0, 1, 0, 3, 1, 0, 1, 1, 1, 0, 2, 0, 4, 0, 0, 2, 0, 0, 0, 0, 3, 1, 1, 1, 3, 3, 1, 2, 0, 3, 0, 2, 0, 5, 0, 3, 2, 2, 2, 3, 1, 4, 2, 2, 4, 0, 3, 1, 1, 1, 1, 1, 3, 4, 0, 1, 1, 2, 2, 3, 1, 2, 2, 4, 0, 1, 1, 1, 1, 4, 3, 0, 1, 0]

Mean:1.608
Median:1.0
Mode:1
Seed:895


[0, 0, 1, 0, 0, 1, 0, 0, 0, 0, 0, 0, 1, 0, 0, 0, 2, 0, 0, 1, 0, 0, 0, 0, 0, 0, 0, 1, 0, 0, 0, 0, 0, 0, 0, 0, 0, 1, 1, 0, 0, 0, 0, 0, 0, 0, 0, 1, 0, 0, 1, 1, 1, 1, 2, 0, 0, 0, 0, 0, 0, 1, 0, 0, 0, 0, 0, 1, 0, 0, 0, 0, 0, 0, 0, 0, 0, 0, 1, 0, 1, 0, 0, 0, 0, 1, 0, 1, 0, 1, 0, 0, 0, 0, 0, 0, 0, 0, 0, 1, 0, 1, 1, 1, 0, 1, 0, 0, 1, 1, 0, 0, 0, 0, 0, 0, 1, 0, 0, 0, 0, 0, 1, 1, 1, 0, 0, 0, 0, 0, 1, 1, 0, 0, 1, 0, 1, 0, 0, 0, 0, 0, 0, 0, 0, 0, 1, 1, 0, 0, 0, 0, 1, 0, 0, 0, 0, 0, 1, 1, 0, 0, 1, 0, 0, 0, 1, 0, 0, 0, 0, 0, 1, 2, 0, 0, 1, 0, 0, 1, 2, 0, 0, 0, 1, 1, 0, 0, 0, 0, 1, 0, 0, 2, 0, 0, 0, 1, 0, 0, 0, 0, 0, 1, 1, 0, 0, 0, 0, 0, 0, 0, 1, 0, 0, 0, 0, 0, 1, 0, 1, 0, 0, 0, 1, 0, 0, 1, 0, 1, 1, 1, 0, 0, 0, 0, 0, 0, 1, 0, 0, 0, 0, 0, 0, 0, 0, 0, 0, 0, 0, 1, 0, 0, 0, 0, 0, 1, 0, 0, 0, 0, 1, 0, 0, 1, 0, 0, 0, 1, 1, 0, 0, 0, 0, 0, 0, 0, 1, 0, 0, 0, 0, 0, 0, 0, 0, 0, 1, 0, 1, 0, 0, 0, 0, 1, 0, 0, 0, 0, 0, 0, 0, 0, 0, 0, 0, 0, 0, 0, 1, 0, 0, 0, 0, 0, 0, 1, 0, 1, 0, 0, 0, 1, 0, 1, 0, 0, 1, 0, 0, 1, 1, 0, 0, 1, 0, 0, 0, 0, 1, 0, 0, 0, 0, 1, 0, 1, 0, 1, 0, 0, 0, 0, 1, 0, 0, 1, 0, 0, 2, 0, 0, 0, 0, 0, 1, 1, 0, 1, 0, 0, 0, 0, 0, 0, 0, 0, 0, 0, 0, 0, 0, 0, 0, 0, 0, 0, 0, 0, 0, 0, 0, 0, 0, 0, 0, 0, 0, 0, 0, 0, 0, 2, 1, 0, 0, 0, 0, 1, 0, 0, 1, 1, 0, 1, 1, 1, 0, 0, 0, 0, 0, 0, 0, 0, 0, 0, 0, 0, 3, 0, 0, 1, 2, 0, 0, 0, 0, 0, 0, 0, 0, 1, 1, 0, 0, 0, 0, 0, 1, 1, 1, 1, 0, 0, 0, 0, 0, 1, 1, 1, 0, 0, 2, 0, 0, 0, 0, 0, 1, 1, 1, 0, 1, 1, 0, 0, 2, 1, 0, 0, 0, 0, 0, 0, 0, 0, 0, 0, 1, 0, 0, 0, 0, 0, 0, 0, 0, 0]

Mean:0.268
Median:0.0
Mode:0
Seed:298


[0, 1, 0, 0, 0, 0, 0, 1, 1, 0, 1, 0, 1, 0, 0, 0, 0, 1, 0, 1, 0, 0, 0, 1, 0, 2, 0, 1, 2, 0, 1, 0, 0, 1, 2, 0, 0, 1, 0, 0, 1, 1, 0, 0, 0, 1, 2, 1, 0, 0, 1, 0, 2, 0, 1, 0, 0, 0, 0, 0, 1, 0, 0, 1, 1, 0, 0, 1, 0, 0, 1, 1, 1, 0, 0, 0, 2, 0, 0, 1, 0, 0, 0, 0, 2, 1, 2, 0, 1, 0, 0, 0, 0, 0, 1, 1, 0, 2, 0, 0, 0, 0, 0, 0, 0, 0, 1, 0, 0, 2, 0, 0, 0, 0, 1, 1, 2, 0, 1, 0, 2, 0, 1, 0, 0, 0, 0, 1, 0, 0, 0, 1, 0, 2, 0, 1, 0, 0, 1, 1, 1, 1, 1, 0, 1, 1, 0, 0, 1, 0, 1, 0, 0, 0, 0, 0, 1, 1, 0, 0, 0, 0, 1, 0, 2, 0, 0, 0, 1, 1, 1, 1, 1, 0, 1, 0, 1, 0, 1, 1, 1, 1, 1, 0, 0, 1, 0, 0, 0, 1, 0, 0, 0, 0, 0, 0, 2, 1, 1, 0, 0, 0, 2, 0, 2, 0, 0, 1, 0, 0, 0, 0, 1, 0, 1, 0, 0, 0, 0, 1, 2, 0, 0, 0, 0, 0, 0, 0, 0, 0, 0, 0, 1, 0, 0, 0, 0, 0, 0, 0, 0, 0, 0, 0, 0, 0, 0, 1, 0, 1, 0, 0, 0, 0, 2, 0, 0, 1, 1, 1, 1, 1, 1, 1, 3, 0, 0, 0, 0, 0, 0, 1, 1, 1, 0, 0, 1, 2, 2, 0, 1, 0, 1, 0, 0, 0, 5, 1, 0, 1, 1, 0, 0, 0, 0, 0, 1, 0, 1, 0, 1, 1, 1, 0, 1, 1, 0, 1, 0, 0, 0, 0, 0, 3, 2, 0, 1, 2, 1, 0, 0, 0, 0, 0, 0, 0, 2, 0, 0, 0, 0, 1, 0, 1, 0, 0, 1, 0, 0, 0, 0, 0, 0, 0, 0, 0, 1, 1, 1, 0, 0, 0, 1, 0, 0, 2, 0, 0, 1, 0, 1, 2, 1, 0, 0, 1, 0, 0, 1, 0, 0, 0, 0, 0, 0, 0, 0, 1, 0, 0, 1, 1, 0, 2, 0, 0, 0, 1, 0, 0, 1, 0, 0, 1, 0, 2, 1, 2, 1, 0, 1, 0, 1, 0, 0, 2, 2, 0, 0, 0, 0, 1, 1, 1, 1, 0, 1, 2, 1, 0, 0, 0, 2, 0, 4, 0, 0, 1, 0, 0, 0, 0, 0, 1, 0, 0, 0, 0, 0, 0, 1, 1, 0, 0, 1, 0, 1, 0, 1, 0, 0, 0, 0, 0, 1, 1, 0, 1, 1, 0, 1, 0, 0, 0, 0, 2, 1, 2, 1, 0, 0, 0, 1, 1, 1, 0, 0, 1, 0, 0, 0, 0, 1, 0, 0, 0, 0, 0, 0, 2, 0, 0, 0, 1, 0, 0, 2, 1, 0, 0]

Mean:0.474
Median:0.0
Mode:0
Seed:927


[0, 0, 0, 0, 0, 0, 0, 1, 0, 0, 0, 0, 0, 0, 0, 0, 0, 0, 0, 0, 0, 0, 0, 0, 0, 0, 0, 0, 1, 0, 0, 0, 0, 1, 0, 0, 0, 0, 0, 0, 0, 0, 0, 0, 0, 0, 0, 0, 0, 0, 1, 0, 0, 0, 0, 1, 0, 0, 0, 0, 0, 2, 0, 0, 0, 0, 0, 0, 1, 0, 0, 0, 0, 0, 0, 0, 1, 0, 0, 0, 0, 0, 0, 1, 0, 0, 1, 0, 0, 0, 1, 0, 0, 0, 0, 0, 0, 0, 1, 0, 0, 0, 0, 0, 0, 0, 1, 0, 2, 0, 0, 0, 0, 0, 0, 0, 0, 0, 1, 0, 0, 0, 0, 1, 0, 0, 1, 1, 0, 0, 0, 0, 0, 0, 0, 0, 0, 0, 0, 0, 0, 0, 0, 1, 0, 0, 0, 0, 1, 0, 0, 0, 0, 0, 0, 1, 0, 0, 0, 0, 0, 0, 0, 0, 0, 0, 0, 0, 0, 0, 0, 0, 0, 0, 0, 0, 0, 1, 0, 0, 1, 0, 0, 0, 0, 0, 1, 0, 2, 0, 0, 0, 0, 0, 0, 0, 0, 0, 0, 0, 1, 0, 1, 0, 0, 0, 0, 0, 0, 0, 1, 0, 1, 0, 0, 0, 1, 0, 0, 0, 0, 0, 1, 1, 3, 0, 0, 0, 0, 1, 0, 0, 1, 0, 0, 0, 0, 0, 0, 0, 1, 0, 0, 1, 0, 0, 0, 0, 0, 0, 0, 0, 0, 0, 0, 0, 0, 0, 0, 0, 0, 0, 2, 0, 0, 0, 0, 0, 0, 0, 0, 1, 0, 0, 0, 1, 0, 0, 0, 0, 0, 0, 0, 0, 0, 0, 0, 0, 0, 0, 0, 0, 0, 0, 0, 0, 0, 0, 0, 0, 0, 0, 0, 0, 0, 0, 0, 0, 0, 0, 1, 0, 0, 0, 0, 1, 0, 0, 0, 1, 0, 0, 0, 0, 0, 0, 0, 0, 0, 0, 0, 0, 2, 0, 1, 0, 0, 0, 0, 0, 0, 0, 0, 0, 0, 0, 0, 0, 0, 0, 2, 0, 0, 2, 0, 0, 0, 0, 0, 0, 0, 0, 0, 0, 0, 0, 0, 0, 0, 1, 0, 0, 1, 0, 0, 0, 2, 0, 0, 0, 1, 0, 0, 0, 0, 0, 0, 0, 0, 0, 0, 0, 0, 0, 0, 0, 0, 0, 1, 0, 0, 0, 0, 0, 0, 0, 1, 0, 0, 0, 0, 0, 0, 0, 1, 0, 0, 0, 0, 0, 0, 0, 0, 0, 0, 0, 0, 0, 0, 0, 0, 0, 0, 1, 0, 0, 0, 0, 0, 0, 0, 1, 0, 0, 1, 0, 0, 0, 0, 0, 0, 0, 0, 0, 0, 0, 0, 0, 0, 0, 0, 0, 0, 0, 0, 0, 0, 0, 0, 0, 0, 0, 0, 0, 0, 0, 0, 1, 0, 2, 0, 0, 0, 0, 0, 0, 0, 1, 0, 0, 0, 0, 0, 0, 0, 0, 0, 0, 1, 0]

Mean:0.144
Median:0.0
Mode:0
Seed:623


[0, 0, 3, 0, 0, 0, 0, 0, 0, 0, 2, 0, 1, 0, 1, 2, 4, 3, 1, 2, 3, 0, 0, 0, 0, 0, 0, 1, 0, 0, 1, 2, 0, 1, 0, 1, 4, 0, 0, 2, 0, 2, 0, 0, 0, 3, 3, 1, 2, 1, 0, 3, 0, 0, 0, 0, 0, 7, 0, 0, 1, 0, 0, 1, 0, 0, 3, 4, 1, 2, 1, 1, 2, 0, 0, 0, 0, 2, 0, 0, 0, 0, 0, 0, 0, 2, 0, 0, 0, 0, 0, 2, 0, 0, 0, 2, 3, 0, 0, 0, 0, 0, 2, 2, 0, 0, 0, 0, 1, 0, 0, 0, 0, 0, 1, 0, 1, 0, 0, 0, 3, 0, 0, 0, 0, 0, 0, 0, 0, 0, 0, 0, 0, 0, 0, 0, 0, 0, 3, 0, 0, 0, 1, 0, 1, 0, 0, 2, 6, 0, 0, 0, 0, 0, 2, 0, 5, 0, 1, 0, 2, 2, 0, 0, 0, 0, 0, 0, 4, 4, 0, 0, 0, 4, 8, 5, 2, 0, 0, 1, 2, 0, 2, 1, 0, 2, 0, 1, 0, 0, 0, 0, 0, 0, 0, 1, 0, 2, 0, 0, 0, 0, 0, 0, 0, 0, 0, 2, 6, 0, 0, 0, 0, 7, 0, 0, 0, 0, 4, 0, 2, 0, 0, 3, 0, 3, 0, 0, 1, 0, 0, 0, 5, 0, 0, 0, 1, 3, 1, 0, 6, 1, 0, 8, 1, 0, 0, 0, 1, 2, 0, 0, 0, 0, 1, 0, 2, 0, 0, 0, 0, 2, 0, 1, 0, 0, 0, 0, 0, 0, 0, 1, 4, 8, 0, 0, 2, 6, 0, 3, 0, 4, 4, 0, 0, 0, 0, 1, 1, 0, 0, 2, 0, 0, 0, 0, 0, 0, 1, 1, 2, 0, 0, 0, 2, 1, 1, 0, 0, 0, 0, 0, 0, 2, 3, 0, 0, 0, 0, 1, 1, 0, 1, 0, 0, 2, 1, 2, 0, 3, 4, 0, 2, 0, 0, 0, 0, 0, 0, 6, 0, 0, 0, 5, 0, 1, 3, 0, 0, 0, 8, 3, 3, 0, 1, 0, 2, 3, 1, 0, 0, 8, 0, 1, 1, 0, 0, 1, 0, 0, 0, 0, 0, 5, 0, 2, 0, 0, 3, 0, 2, 9, 0, 0, 5, 0, 0, 0, 1, 0, 0, 0, 9, 3, 0, 1, 0, 0, 0, 0, 0, 0, 0, 0, 0, 0, 4, 0, 1, 1, 0, 5, 0, 0, 0, 3, 1, 0, 0, 0, 3, 1, 0, 0, 0, 0, 0, 0, 4, 7, 0, 6, 0, 1, 1, 0, 0, 1, 0, 4, 0, 1, 2, 2, 0, 0, 2, 0, 0, 0, 0, 0, 0, 4, 0, 0, 0, 0, 0, 1, 2, 0, 0, 0, 0, 0, 0, 0, 0, 0, 2, 5, 1, 4, 1, 1, 5, 10, 0, 2, 3, 1, 0, 0, 3, 0, 0, 0, 1, 0, 2, 0, 1, 0, 0, 1, 0, 2, 0, 0]

Mean:0.95
Median:0.0
Mode:0
Seed:896


[0, 2, 1, 2, 0, 1, 2, 0, 0, 0, 1, 3, 1, 1, 1, 1, 1, 1, 2, 1, 0, 0, 0, 1, 0, 2, 2, 1, 1, 1, 0, 2, 0, 1, 1, 0, 1, 1, 0, 2, 0, 1, 0, 1, 1, 2, 1, 1, 2, 1, 0, 1, 0, 0, 2, 1, 0, 1, 3, 1, 1, 1, 0, 1, 0, 0, 2, 0, 3, 0, 0, 1, 1, 2, 2, 1, 0, 1, 2, 0, 1, 1, 0, 0, 2, 0, 0, 1, 3, 1, 1, 1, 1, 1, 2, 0, 1, 1, 1, 1, 1, 0, 1, 1, 0, 1, 2, 1, 1, 1, 1, 1, 2, 0, 2, 1, 0, 1, 1, 1, 0, 1, 0, 0, 1, 0, 2, 0, 1, 4, 2, 0, 0, 2, 0, 1, 2, 0, 1, 0, 2, 0, 1, 0, 0, 2, 0, 1, 2, 1, 1, 0, 2, 1, 2, 1, 0, 1, 0, 1, 1, 2, 2, 1, 0, 1, 1, 1, 0, 2, 0, 0, 1, 0, 1, 3, 0, 1, 2, 0, 1, 0, 1, 1, 1, 0, 0, 1, 1, 1, 2, 2, 1, 0, 2, 0, 1, 0, 0, 1, 4, 2, 2, 0, 0, 0, 1, 1, 0, 2, 0, 0, 1, 0, 1, 1, 1, 1, 0, 0, 1, 0, 1, 2, 2, 1, 3, 2, 1, 0, 1, 1, 1, 2, 1, 0, 2, 0, 3, 1, 2, 1, 3, 0, 1, 1, 2, 0, 0, 3, 1, 1, 2, 2, 1, 0, 0, 3, 1, 0, 0, 1, 2, 1, 1, 2, 1, 2, 1, 1, 0, 2, 2, 1, 1, 1, 1, 2, 2, 1, 1, 0, 2, 0, 1, 1, 0, 2, 1, 1, 2, 3, 1, 1, 3, 2, 0, 2, 1, 1, 0, 0, 0, 0, 2, 0, 1, 2, 0, 3, 0, 0, 1, 1, 1, 0, 0, 2, 1, 1, 3, 0, 1, 4, 1, 1, 0, 1, 1, 0, 1, 0, 1, 0, 0, 0, 3, 2, 1, 1, 1, 1, 1, 2, 2, 1, 1, 0, 0, 1, 1, 1, 3, 1, 2, 1, 1, 1, 1, 0, 0, 1, 2, 2, 0, 1, 0, 0, 1, 3, 1, 0, 0, 2, 2, 2, 1, 1, 0, 0, 2, 1, 1, 1, 1, 1, 1, 0, 1, 1, 1, 1, 0, 1, 1, 0, 0, 1, 1, 2, 0, 1, 2, 1, 2, 0, 3, 0, 1, 0, 0, 1, 1, 2, 1, 1, 0, 1, 0, 0, 1, 1, 1, 0, 1, 1, 2, 2, 1, 2, 1, 0, 1, 0, 1, 1, 1, 0, 2, 1, 3, 0, 1, 0, 1, 3, 0, 1, 1, 2, 0, 1, 0, 2, 1, 1, 0, 1, 2, 0, 1, 0, 0, 1, 2, 2, 1, 1, 1, 2, 3, 1, 0, 1, 1, 0, 0, 3, 1, 3, 2, 1, 0, 1, 0, 2, 1, 0, 2, 1, 1, 1, 1, 1, 0, 0, 1, 2, 0, 1]

Mean:0.984
Median:1.0
Mode:1
Seed:764


[13, 13, 13, 13, 14, 13, 13, 13, 15, 13, 16, 15, 13, 13, 13, 15, 13, 15, 13, 14, 13, 13, 13, 13, 13, 15, 13, 13, 13, 15, 13, 15, 14, 13, 14, 13, 14, 13, 13, 14, 13, 13, 14, 13, 13, 13, 14, 14, 13, 14, 14, 13, 13, 13, 13, 15, 14, 14, 13, 13, 14, 13, 13, 14, 14, 13, 14, 14, 13, 14, 14, 13, 13, 17, 14, 14, 13, 13, 13, 13, 13, 16, 13, 15, 15, 14, 14, 14, 14, 15, 13, 14, 13, 14, 13, 13, 14, 13, 13, 14, 14, 13, 14, 13, 13, 15, 14, 13, 13, 13, 14, 13, 13, 14, 13, 13, 13, 13, 14, 13, 14, 16, 13, 14, 14, 15, 13, 14, 13, 14, 14, 14, 14, 14, 14, 16, 13, 14, 14, 14, 15, 13, 14, 14, 14, 14, 13, 14, 14, 15, 13, 13, 15, 13, 14, 13, 13, 13, 14, 15, 16, 14, 15, 13, 13, 14, 13, 14, 15, 15, 13, 15, 13, 13, 13, 13, 13, 14, 13, 15, 13, 14, 13, 13, 14, 13, 14, 13, 15, 14, 13, 13, 13, 14, 13, 15, 13, 13, 13, 13, 14, 13, 13, 13, 13, 14, 13, 13, 13, 14, 15, 13, 14, 13, 13, 14, 16, 14, 13, 14, 13, 13, 14, 14, 13, 13, 13, 13, 13, 15, 13, 13, 13, 13, 13, 14, 14, 13, 13, 14, 13, 15, 14, 14, 15, 13, 15, 16, 13, 13, 14, 13, 13, 14, 13, 13, 13, 13, 13, 13, 15, 15, 13, 13, 15, 13, 13, 13, 13, 13, 14, 13, 14, 13, 14, 13, 13, 13, 14, 13, 13, 14, 14, 13, 13, 13, 14, 13, 14, 14, 13, 16, 14, 14, 15, 15, 13, 13, 15, 14, 13, 13, 13, 13, 13, 13, 13, 16, 14, 15, 13, 14, 14, 13, 13, 14, 13, 14, 14, 13, 13, 15, 15, 13, 13, 15, 13, 14, 13, 15, 13, 13, 13, 14, 13, 15, 13, 13, 14, 13, 14, 14, 14, 13, 13, 14, 13, 14, 13, 14, 14, 13, 14, 14, 13, 13, 13, 13, 13, 14, 13, 13, 13, 13, 13, 13, 13, 13, 13, 13, 15, 14, 14, 16, 13, 13, 14, 14, 14, 14, 15, 14, 16, 13, 14, 16, 13, 13, 13, 14, 13, 13, 13, 13, 13, 14, 13, 13, 15, 15, 15, 14, 15, 13, 13, 13, 14, 13, 14, 15, 13, 13, 14, 15, 13, 14, 13, 13, 13, 13, 13, 13, 14, 13, 13, 14, 14, 13, 13, 13, 15, 14, 14, 13, 14, 15, 14, 13, 13, 16, 13, 14, 15, 15, 14, 13, 14, 13, 13, 15, 13, 14, 13, 13, 13, 13, 13, 14, 15, 15, 13, 13, 14, 13, 13, 14, 14, 13, 13, 14, 15, 13, 13, 13, 14, 13, 15, 14, 13, 13, 13, 15, 13, 13, 14, 13, 13, 13, 13, 16, 14, 13, 13, 13, 13, 13, 14, 13, 13, 13]

Mean:13.626
Median:13.0
Mode:13
Seed:234


[1, 0, 0, 0, 0, 1, 1, 0, 0, 0, 0, 0, 1, 0, 0, 0, 0, 0, 0, 0, 0, 0, 0, 0, 0, 0, 0, 0, 0, 0, 0, 0, 0, 0, 0, 0, 1, 0, 0, 0, 0, 0, 0, 1, 0, 0, 0, 0, 0, 0, 0, 0, 0, 0, 0, 0, 0, 0, 0, 0, 0, 0, 0, 0, 0, 0, 1, 0, 0, 1, 0, 0, 0, 1, 1, 0, 2, 0, 0, 2, 0, 0, 0, 0, 0, 0, 0, 0, 0, 0, 1, 0, 0, 0, 0, 0, 0, 0, 0, 0, 0, 0, 2, 0, 0, 0, 0, 0, 1, 0, 0, 0, 0, 0, 0, 1, 0, 0, 0, 0, 0, 0, 0, 0, 0, 0, 0, 0, 0, 0, 0, 1, 0, 0, 0, 0, 0, 0, 0, 0, 0, 0, 1, 0, 0, 0, 0, 0, 0, 0, 1, 1, 1, 0, 0, 0, 0, 1, 0, 0, 0, 0, 0, 0, 0, 0, 0, 0, 0, 0, 1, 0, 1, 0, 0, 1, 1, 0, 1, 0, 0, 0, 0, 0, 0, 0, 0, 0, 0, 0, 0, 0, 0, 0, 1, 0, 0, 0, 0, 0, 0, 0, 1, 0, 0, 0, 1, 0, 0, 1, 0, 0, 1, 0, 0, 0, 0, 2, 0, 0, 0, 0, 1, 1, 1, 0, 0, 0, 0, 0, 0, 0, 0, 0, 0, 0, 0, 1, 0, 0, 0, 0, 1, 0, 0, 0, 0, 0, 0, 0, 0, 0, 1, 0, 0, 0, 0, 1, 0, 0, 0, 0, 0, 0, 0, 0, 0, 0, 1, 0, 0, 0, 0, 0, 0, 0, 1, 0, 0, 0, 0, 0, 0, 0, 0, 0, 1, 0, 0, 0, 0, 0, 0, 0, 0, 0, 0, 0, 2, 0, 0, 0, 1, 0, 1, 0, 0, 0, 0, 0, 0, 0, 0, 0, 0, 0, 0, 0, 0, 0, 0, 1, 0, 0, 0, 0, 0, 0, 0, 0, 0, 0, 1, 0, 1, 0, 0, 0, 0, 0, 0, 0, 0, 0, 0, 1, 0, 0, 1, 0, 1, 0, 0, 0, 0, 1, 2, 0, 0, 0, 0, 0, 1, 0, 0, 0, 0, 0, 0, 0, 0, 0, 0, 0, 0, 0, 0, 0, 0, 0, 1, 2, 0, 0, 0, 0, 0, 0, 0, 0, 0, 0, 1, 3, 0, 0, 0, 1, 0, 1, 0, 1, 0, 0, 0, 0, 0, 0, 0, 1, 0, 0, 0, 1, 1, 0, 0, 1, 0, 0, 0, 0, 0, 0, 0, 0, 0, 0, 0, 0, 0, 0, 0, 0, 0, 0, 0, 0, 0, 0, 0, 0, 1, 0, 0, 0, 0, 0, 0, 0, 0, 0, 0, 0, 0, 2, 0, 0, 0, 1, 0, 1, 0, 0, 0, 0, 0, 0, 0, 0, 0, 0, 0, 1, 0, 0, 1, 0, 0, 0, 0, 0, 0, 1, 0, 0, 0, 0, 0, 1, 1, 0, 0, 0, 0, 0, 0, 0, 0, 0]

Mean:0.17
Median:0.0
Mode:0
Seed:498


[0, 0, 0, 0, 0, 0, 0, 0, 0, 0, 0, 0, 0, 0, 0, 0, 0, 0, 1, 0, 1, 0, 0, 0, 1, 1, 0, 1, 0, 0, 0, 1, 0, 0, 0, 0, 1, 0, 0, 0, 0, 0, 2, 0, 1, 0, 0, 0, 0, 0, 0, 0, 0, 0, 0, 0, 0, 0, 0, 0, 0, 0, 0, 0, 2, 0, 0, 0, 0, 0, 0, 0, 1, 0, 1, 1, 0, 0, 0, 0, 1, 0, 0, 0, 1, 0, 0, 0, 0, 1, 0, 1, 2, 1, 2, 0, 0, 2, 2, 0, 0, 0, 1, 0, 0, 1, 1, 0, 0, 2, 0, 0, 0, 0, 0, 1, 0, 0, 0, 1, 0, 0, 0, 0, 0, 0, 1, 1, 1, 0, 0, 2, 0, 0, 0, 0, 0, 1, 0, 0, 0, 0, 0, 0, 0, 0, 1, 0, 0, 0, 0, 1, 0, 0, 0, 0, 0, 0, 0, 0, 0, 0, 0, 0, 0, 0, 1, 0, 0, 0, 1, 1, 0, 0, 0, 0, 2, 1, 0, 0, 0, 2, 0, 0, 2, 1, 1, 0, 0, 1, 0, 0, 0, 0, 0, 0, 1, 0, 0, 0, 0, 1, 0, 0, 1, 0, 1, 0, 0, 0, 0, 0, 0, 0, 0, 0, 0, 0, 0, 0, 1, 0, 1, 0, 0, 0, 0, 0, 2, 0, 0, 1, 1, 0, 0, 0, 1, 0, 0, 0, 0, 0, 1, 1, 1, 0, 0, 1, 0, 0, 1, 1, 1, 1, 1, 0, 0, 2, 1, 0, 0, 0, 0, 0, 1, 2, 1, 0, 1, 0, 1, 0, 0, 0, 0, 0, 1, 0, 0, 0, 1, 0, 0, 0, 0, 0, 0, 0, 1, 0, 0, 0, 0, 0, 0, 0, 0, 0, 1, 0, 0, 1, 0, 0, 0, 0, 0, 0, 0, 0, 1, 1, 1, 0, 0, 0, 0, 0, 2, 1, 0, 1, 0, 0, 0, 1, 0, 1, 0, 1, 0, 0, 0, 0, 0, 0, 0, 1, 0, 0, 1, 0, 0, 1, 0, 0, 0, 0, 0, 0, 0, 1, 0, 0, 0, 0, 0, 0, 0, 0, 0, 1, 0, 0, 0, 0, 0, 0, 0, 0, 0, 1, 0, 0, 0, 0, 0, 2, 0, 0, 0, 1, 0, 1, 1, 0, 1, 0, 0, 0, 0, 0, 2, 0, 0, 0, 1, 0, 1, 0, 1, 0, 0, 0, 0, 1, 0, 0, 1, 0, 0, 1, 0, 0, 0, 0, 0, 0, 0, 1, 1, 0, 0, 1, 0, 1, 0, 0, 1, 0, 0, 0, 0, 0, 0, 0, 0, 0, 1, 0, 0, 1, 1, 0, 0, 0, 0, 0, 0, 0, 0, 1, 0, 0, 0, 0, 0, 0, 1, 0, 1, 1, 1, 1, 0, 0, 0, 0, 0, 0, 0, 0, 0, 0, 0, 0, 0, 0, 0, 0, 0, 1, 0, 1, 1, 0, 1, 0, 0, 0, 0, 1, 0, 0, 0, 1, 0, 0, 0, 0]

Mean:0.28
Median:0.0
Mode:0
Seed:707


[0, 1, 0, 1, 1, 1, 0, 0, 1, 0, 0, 1, 0, 0, 2, 2, 1, 1, 0, 0, 2, 0, 2, 0, 1, 0, 3, 1, 0, 1, 1, 1, 2, 2, 0, 0, 1, 1, 1, 3, 1, 2, 4, 2, 10, 0, 0, 1, 0, 1, 1, 5, 2, 3, 1, 2, 2, 0, 0, 1, 0, 0, 0, 2, 1, 0, 0, 1, 0, 0, 2, 3, 1, 2, 0, 1, 1, 1, 1, 3, 2, 1, 1, 0, 0, 1, 3, 3, 0, 0, 0, 0, 0, 1, 2, 0, 1, 0, 2, 1, 1, 2, 4, 3, 3, 1, 2, 3, 0, 1, 2, 2, 2, 0, 2, 1, 0, 0, 1, 1, 3, 1, 0, 0, 0, 0, 4, 1, 1, 0, 0, 0, 2, 2, 1, 0, 0, 0, 3, 1, 0, 2, 2, 1, 2, 2, 3, 0, 0, 0, 0, 0, 2, 0, 1, 1, 1, 1, 1, 0, 1, 2, 3, 2, 0, 3, 3, 2, 2, 1, 0, 1, 1, 0, 2, 1, 1, 1, 2, 1, 0, 1, 1, 2, 1, 1, 1, 1, 1, 1, 0, 1, 1, 1, 2, 2, 0, 1, 1, 2, 1, 2, 1, 1, 0, 0, 0, 1, 0, 3, 0, 0, 1, 3, 2, 3, 5, 0, 0, 2, 0, 1, 2, 0, 0, 1, 1, 1, 0, 1, 2, 3, 1, 1, 2, 2, 2, 1, 1, 0, 0, 2, 2, 1, 2, 2, 0, 0, 2, 1, 1, 0, 2, 0, 1, 2, 2, 1, 2, 1, 2, 0, 0, 0, 3, 0, 2, 0, 0, 1, 2, 2, 0, 2, 2, 2, 3, 2, 0, 1, 1, 0, 0, 1, 0, 1, 1, 2, 0, 1, 0, 1, 1, 1, 0, 1, 2, 1, 2, 1, 0, 0, 1, 0, 3, 1, 1, 2, 0, 2, 1, 0, 0, 0, 1, 2, 3, 0, 1, 0, 1, 1, 1, 2, 6, 0, 1, 0, 0, 0, 2, 1, 1, 1, 2, 1, 1, 0, 2, 0, 0, 0, 1, 2, 2, 2, 0, 1, 0, 0, 0, 0, 1, 2, 0, 1, 1, 2, 2, 1, 3, 0, 1, 1, 0, 2, 3, 0, 1, 1, 2, 1, 1, 1, 2, 1, 1, 2, 3, 0, 1, 1, 1, 4, 0, 1, 1, 1, 1, 0, 1, 0, 2, 0, 1, 1, 3, 1, 1, 3, 1, 0, 0, 0, 1, 1, 1, 1, 1, 3, 1, 2, 0, 1, 0, 1, 0, 1, 2, 0, 0, 1, 0, 0, 1, 1, 0, 1, 0, 1, 2, 2, 0, 1, 2, 0, 0, 2, 3, 0, 1, 1, 1, 1, 1, 2, 0, 0, 1, 1, 1, 0, 4, 1, 0, 3, 1, 0, 2, 0, 0, 1, 1, 0, 1, 1, 2, 2, 2, 3, 0, 2, 1, 0, 0, 0, 1, 0, 0, 0, 0, 0, 2, 1, 0, 2, 1, 1, 1, 1, 3, 3, 1, 0, 5, 1, 0, 2, 0, 1]

Mean:1.092
Median:1.0
Mode:1
Seed:734


[1, 0, 0, 0, 0, 0, 0, 0, 0, 0, 0, 0, 1, 0, 0, 0, 0, 1, 0, 0, 1, 1, 0, 1, 0, 0, 0, 0, 0, 0, 1, 0, 0, 0, 2, 0, 0, 0, 1, 0, 0, 0, 0, 0, 1, 0, 0, 0, 0, 0, 1, 0, 0, 1, 0, 0, 0, 0, 0, 0, 1, 2, 0, 0, 1, 0, 0, 0, 0, 0, 0, 0, 0, 0, 0, 1, 1, 0, 0, 0, 0, 0, 1, 0, 2, 0, 0, 0, 0, 0, 1, 0, 0, 0, 0, 0, 1, 0, 0, 1, 0, 0, 0, 0, 0, 1, 1, 0, 0, 0, 0, 0, 0, 0, 0, 1, 0, 0, 1, 0, 0, 0, 0, 0, 0, 1, 0, 1, 1, 0, 0, 1, 0, 0, 0, 1, 0, 1, 1, 0, 0, 1, 0, 0, 0, 0, 0, 0, 0, 2, 0, 0, 0, 0, 1, 1, 0, 0, 0, 0, 0, 0, 0, 0, 0, 0, 0, 0, 0, 0, 0, 0, 0, 1, 0, 0, 0, 0, 2, 0, 0, 0, 0, 1, 0, 1, 0, 0, 0, 0, 0, 0, 0, 1, 0, 3, 1, 2, 0, 0, 0, 0, 0, 0, 0, 2, 0, 0, 0, 0, 0, 0, 0, 1, 0, 1, 0, 1, 0, 2, 1, 1, 0, 0, 0, 0, 0, 0, 0, 0, 0, 0, 0, 0, 0, 0, 1, 0, 0, 0, 0, 0, 0, 0, 0, 0, 0, 0, 0, 1, 2, 0, 1, 0, 0, 0, 2, 0, 0, 2, 0, 1, 0, 0, 0, 0, 0, 0, 0, 0, 1, 0, 0, 1, 0, 0, 0, 0, 0, 0, 1, 0, 0, 0, 0, 0, 0, 1, 0, 2, 0, 0, 0, 0, 1, 0, 0, 0, 0, 0, 0, 0, 0, 0, 0, 0, 0, 1, 0, 0, 0, 0, 0, 0, 0, 0, 1, 1, 0, 0, 0, 0, 1, 0, 0, 0, 0, 0, 0, 0, 0, 1, 0, 0, 0, 0, 0, 1, 1, 0, 0, 0, 1, 1, 0, 0, 0, 0, 0, 0, 1, 0, 0, 0, 0, 0, 0, 0, 0, 0, 1, 0, 1, 0, 0, 1, 0, 0, 1, 0, 0, 0, 0, 0, 0, 0, 0, 0, 0, 0, 0, 0, 0, 0, 1, 0, 1, 0, 0, 0, 0, 0, 0, 1, 0, 0, 0, 0, 0, 0, 0, 0, 0, 0, 0, 1, 0, 0, 0, 0, 0, 0, 0, 0, 0, 0, 0, 1, 1, 1, 0, 0, 1, 0, 0, 0, 0, 0, 1, 1, 0, 0, 0, 0, 0, 0, 0, 0, 0, 0, 1, 0, 0, 0, 0, 0, 1, 0, 0, 0, 0, 0, 0, 1, 0, 0, 0, 0, 0, 0, 0, 0, 0, 0, 1, 1, 0, 0, 0, 0, 0, 0, 0, 0, 1, 0, 0, 0, 0, 0, 0, 0, 0, 0, 0, 1, 0, 0, 0, 0, 0, 0, 0, 1, 0, 1, 1, 0, 1, 0]

Mean:0.228
Median:0.0
Mode:0
Seed:173


[1, 0, 0, 0, 1, 0, 0, 1, 0, 0, 0, 0, 0, 0, 0, 0, 0, 0, 0, 0, 0, 0, 0, 0, 0, 0, 0, 0, 0, 0, 0, 0, 0, 0, 0, 0, 0, 0, 0, 0, 0, 0, 0, 0, 0, 0, 0, 0, 0, 0, 0, 0, 0, 0, 0, 0, 0, 1, 0, 0, 0, 0, 0, 0, 0, 0, 0, 0, 0, 0, 0, 0, 0, 0, 0, 0, 0, 0, 0, 0, 0, 0, 0, 0, 0, 0, 0, 1, 0, 0, 0, 0, 0, 0, 0, 0, 0, 1, 0, 0, 0, 0, 0, 1, 0, 0, 0, 1, 1, 0, 0, 0, 0, 0, 0, 0, 0, 0, 0, 0, 0, 0, 0, 0, 1, 0, 0, 0, 0, 0, 0, 0, 1, 0, 0, 0, 0, 0, 0, 0, 0, 1, 0, 0, 0, 0, 0, 0, 0, 0, 0, 0, 0, 0, 0, 0, 0, 0, 0, 0, 0, 0, 0, 0, 0, 0, 1, 0, 0, 0, 0, 0, 0, 0, 0, 0, 0, 1, 0, 0, 0, 0, 0, 0, 0, 1, 0, 0, 0, 0, 0, 0, 0, 0, 0, 0, 0, 0, 0, 0, 0, 0, 0, 0, 0, 0, 0, 0, 0, 0, 0, 0, 0, 0, 0, 0, 0, 0, 0, 1, 1, 0, 0, 0, 0, 1, 0, 1, 0, 0, 1, 0, 0, 0, 0, 0, 0, 0, 0, 0, 0, 0, 0, 0, 0, 0, 0, 0, 0, 0, 0, 0, 0, 0, 0, 0, 0, 0, 0, 0, 0, 0, 0, 0, 1, 1, 1, 0, 0, 0, 0, 0, 0, 0, 0, 0, 0, 0, 0, 0, 0, 0, 0, 0, 0, 0, 0, 0, 0, 0, 0, 0, 0, 0, 0, 0, 0, 0, 0, 0, 0, 0, 0, 0, 0, 0, 0, 1, 0, 0, 0, 0, 0, 0, 0, 0, 1, 1, 1, 0, 0, 0, 0, 0, 1, 0, 0, 0, 0, 0, 0, 0, 0, 0, 0, 0, 0, 0, 0, 0, 0, 0, 1, 0, 0, 0, 0, 0, 0, 0, 0, 0, 0, 0, 0, 0, 0, 0, 0, 0, 0, 0, 0, 1, 0, 0, 0, 1, 1, 0, 0, 1, 0, 0, 0, 0, 0, 0, 0, 0, 0, 0, 0, 0, 0, 0, 0, 0, 1, 0, 0, 1, 0, 0, 1, 0, 0, 0, 0, 0, 0, 0, 0, 0, 0, 0, 0, 1, 0, 0, 1, 0, 0, 0, 0, 0, 0, 0, 0, 0, 0, 0, 0, 0, 0, 0, 0, 0, 0, 0, 0, 0, 0, 0, 1, 0, 0, 0, 0, 0, 0, 0, 1, 0, 0, 0, 0, 0, 0, 0, 1, 0, 1, 0, 0, 0, 0, 0, 0, 1, 1, 1, 0, 0, 0, 0, 0, 1, 0, 0, 0, 0, 0, 0, 0, 0, 0, 0, 0, 0, 0, 0, 0, 0, 0, 0, 0, 0, 0, 0, 0, 0, 0, 0, 0, 0, 0, 0, 0, 0]

Mean:0.092
Median:0.0
Mode:0
Seed:537


[3, 4, 6, 3, 8, 1, 1, 4, 6, 0, 6, 1, 2, 10, 1, 4, 6, 7, 0, 0, 0, 3, 0, 9, 9, 1, 3, 0, 10, 10, 3, 10, 2, 3, 5, 7, 1, 0, 6, 0, 9, 3, 2, 10, 1, 8, 2, 5, 2, 9, 4, 2, 5, 10, 9, 6, 2, 1, 2, 1, 1, 9, 8, 5, 0, 2, 6, 1, 10, 1, 1, 0, 4, 0, 6, 1, 1, 5, 2, 3, 9, 8, 2, 6, 4, 5, 2, 8, 5, 8, 7, 5, 2, 2, 10, 1, 3, 0, 1, 3, 2, 3, 0, 1, 1, 10, 2, 1, 2, 6, 9, 2, 0, 10, 1, 5, 9, 0, 0, 6, 10, 4, 0, 9, 4, 4, 11, 5, 3, 5, 0, 12, 1, 2, 5, 2, 6, 10, 0, 1, 3, 1, 3, 3, 3, 1, 10, 0, 10, 0, 10, 1, 7, 9, 2, 3, 8, 2, 4, 7, 3, 9, 4, 0, 1, 7, 6, 7, 4, 3, 7, 8, 3, 1, 4, 10, 10, 0, 5, 10, 3, 7, 0, 0, 6, 0, 2, 8, 9, 0, 0, 10, 4, 10, 4, 1, 0, 7, 11, 2, 2, 0, 9, 2, 7, 0, 3, 0, 0, 9, 8, 3, 7, 8, 9, 2, 0, 3, 3, 10, 4, 0, 6, 10, 3, 3, 3, 4, 3, 2, 1, 0, 0, 1, 6, 9, 9, 0, 8, 9, 1, 3, 0, 2, 10, 6, 2, 0, 2, 1, 4, 4, 0, 9, 0, 7, 10, 0, 1, 2, 7, 10, 5, 8, 10, 4, 5, 4, 3, 9, 3, 3, 5, 1, 3, 10, 0, 1, 0, 0, 7, 1, 7, 10, 1, 4, 4, 4, 3, 0, 9, 1, 1, 5, 0, 3, 3, 0, 1, 1, 7, 9, 8, 0, 0, 0, 6, 7, 0, 7, 9, 4, 4, 3, 6, 1, 4, 3, 0, 6, 6, 2, 0, 0, 1, 10, 4, 3, 0, 1, 9, 9, 7, 8, 8, 0, 0, 3, 4, 6, 0, 0, 9, 2, 2, 2, 1, 2, 4, 6, 7, 1, 1, 10, 0, 7, 4, 0, 0, 3, 5, 2, 5, 6, 1, 0, 6, 1, 1, 3, 3, 11, 4, 3, 1, 7, 4, 1, 6, 9, 0, 2, 3, 1, 10, 3, 4, 2, 0, 4, 2, 10, 3, 0, 4, 1, 0, 0, 3, 7, 3, 10, 6, 10, 2, 3, 4, 5, 2, 0, 8, 2, 9, 2, 10, 8, 4, 2, 0, 0, 4, 3, 3, 12, 7, 1, 0, 11, 7, 2, 0, 2, 0, 4, 1, 3, 0, 0, 1, 9, 0, 11, 10, 6, 1, 4, 8, 3, 5, 0, 8, 0, 1, 2, 6, 1, 7, 0, 1, 0, 4, 0, 5, 6, 10, 1, 4, 0, 4, 1, 9, 9, 4, 0, 0, 0, 9, 1, 1, 2, 7, 3, 4, 8, 0, 8, 6, 0, 1, 2, 1, 1, 10, 10, 2, 3, 0, 8, 3, 1]

Mean:3.948
Median:3.0
Mode:0
Seed:840


[0, 16, 16, 16, 14, 0, 15, 14, 14, 14, 14, 1, 14, 15, 14, 15, 0, 0, 14, 14, 15, 0, 15, 14, 14, 15, 14, 14, 14, 16, 14, 14, 14, 15, 14, 14, 0, 14, 14, 15, 14, 14, 14, 14, 14, 15, 14, 15, 14, 14, 15, 0, 14, 14, 14, 17, 14, 15, 14, 14, 15, 14, 14, 14, 0, 16, 14, 14, 15, 15, 0, 14, 0, 14, 14, 14, 14, 14, 15, 14, 15, 14, 14, 14, 14, 14, 14, 14, 14, 14, 14, 15, 14, 14, 14, 14, 0, 14, 14, 14, 14, 15, 15, 14, 0, 1, 15, 14, 14, 14, 14, 16, 0, 0, 14, 16, 14, 14, 14, 14, 15, 15, 14, 14, 15, 15, 17, 15, 15, 0, 14, 15, 14, 14, 14, 16, 14, 14, 14, 14, 14, 17, 14, 1, 15, 14, 15, 14, 14, 14, 14, 14, 15, 14, 17, 14, 14, 15, 14, 14, 15, 14, 16, 16, 15, 14, 14, 16, 14, 14, 14, 15, 14, 15, 14, 15, 14, 14, 1, 15, 14, 15, 14, 14, 15, 14, 14, 14, 14, 14, 16, 0, 15, 14, 15, 14, 14, 17, 0, 0, 14, 14, 14, 14, 15, 15, 15, 15, 14, 15, 14, 0, 15, 15, 15, 15, 14, 17, 14, 14, 0, 14, 14, 16, 14, 16, 15, 1, 15, 1, 1, 0, 14, 15, 0, 16, 14, 14, 15, 14, 15, 14, 14, 14, 14, 0, 14, 14, 14, 14, 14, 15, 14, 15, 14, 15, 14, 0, 14, 14, 14, 14, 0, 14, 14, 14, 14, 14, 0, 14, 14, 15, 14, 14, 14, 14, 0, 0, 14, 0, 14, 15, 14, 14, 16, 16, 14, 16, 14, 15, 14, 14, 15, 15, 14, 15, 15, 14, 14, 14, 16, 15, 15, 1, 0, 17, 14, 16, 14, 14, 14, 14, 14, 14, 14, 17, 14, 0, 14, 15, 15, 16, 14, 14, 14, 15, 16, 14, 14, 14, 0, 0, 14, 14, 15, 0, 14, 1, 14, 0, 14, 14, 0, 15, 14, 14, 14, 14, 14, 15, 15, 14, 14, 14, 14, 14, 15, 14, 16, 14, 14, 14, 15, 0, 15, 14, 14, 14, 0, 14, 15, 14, 14, 0, 15, 16, 14, 1, 14, 16, 14, 15, 14, 15, 15, 0, 14, 14, 15, 14, 16, 14, 15, 14, 14, 15, 14, 14, 14, 14, 14, 14, 14, 14, 0, 14, 15, 15, 16, 14, 16, 14, 15, 15, 14, 14, 14, 14, 14, 14, 14, 0, 14, 14, 14, 14, 14, 14, 14, 14, 14, 14, 14, 14, 14, 15, 15, 15, 0, 14, 14, 14, 0, 0, 0, 16, 14, 14, 14, 14, 14, 14, 14, 0, 16, 14, 14, 14, 14, 1, 1, 14, 15, 15, 0, 14, 0, 15, 14, 0, 15, 14, 15, 14, 0, 14, 14, 14, 15, 16, 1, 15, 14, 15, 14, 14, 15, 14, 14, 16, 0, 15, 16, 14, 14, 14, 14, 16, 16, 15]

Mean:12.602
Median:14.0
Mode:14
Seed:97


[3, 6, 0, 6, 0, 2, 6, 8, 3, 2, 1, 0, 0, 0, 3, 1, 2, 15, 1, 1, 2, 0, 0, 3, 4, 0, 0, 2, 1, 6, 6, 1, 1, 4, 0, 12, 5, 0, 5, 8, 2, 4, 2, 1, 3, 1, 2, 5, 0, 6, 0, 2, 6, 1, 0, 1, 4, 2, 8, 0, 1, 3, 1, 0, 0, 0, 1, 1, 0, 7, 0, 2, 2, 5, 4, 2, 3, 3, 1, 0, 2, 3, 9, 4, 1, 1, 2, 0, 1, 1, 5, 4, 0, 1, 1, 3, 9, 1, 5, 1, 4, 0, 1, 6, 5, 9, 2, 0, 4, 3, 8, 2, 6, 4, 1, 0, 8, 0, 1, 0, 1, 1, 2, 5, 4, 0, 0, 8, 1, 3, 2, 11, 0, 0, 2, 11, 5, 1, 1, 6, 5, 2, 5, 2, 0, 1, 0, 1, 1, 3, 0, 1, 3, 0, 2, 0, 0, 1, 4, 3, 1, 0, 1, 9, 9, 0, 2, 4, 1, 1, 2, 2, 2, 1, 1, 1, 5, 5, 1, 1, 2, 4, 1, 0, 2, 0, 1, 0, 4, 0, 1, 1, 1, 1, 0, 2, 2, 1, 4, 2, 0, 0, 2, 3, 1, 6, 1, 0, 1, 7, 0, 0, 1, 2, 1, 6, 0, 3, 0, 1, 0, 1, 5, 1, 15, 2, 3, 4, 2, 1, 2, 0, 2, 0, 0, 5, 14, 2, 6, 3, 0, 0, 2, 2, 0, 0, 0, 0, 3, 0, 1, 2, 6, 13, 6, 1, 0, 0, 3, 0, 4, 1, 2, 1, 1, 2, 0, 3, 6, 3, 3, 3, 2, 3, 3, 6, 0, 0, 2, 0, 2, 1, 5, 6, 4, 3, 0, 4, 7, 3, 0, 0, 0, 4, 4, 1, 2, 1, 0, 1, 0, 1, 4, 0, 7, 11, 5, 1, 0, 2, 1, 5, 5, 0, 0, 3, 3, 1, 3, 4, 0, 6, 0, 3, 3, 2, 17, 1, 1, 1, 5, 1, 0, 1, 3, 4, 2, 2, 7, 4, 4, 4, 1, 1, 0, 1, 1, 1, 1, 3, 4, 1, 4, 2, 7, 3, 6, 0, 2, 2, 0, 1, 1, 11, 4, 3, 0, 5, 4, 0, 1, 2, 5, 9, 2, 3, 8, 2, 3, 6, 4, 2, 2, 3, 0, 0, 1, 4, 2, 2, 0, 2, 3, 3, 2, 10, 0, 1, 0, 0, 0, 7, 1, 2, 0, 5, 5, 13, 3, 1, 5, 1, 1, 3, 2, 6, 1, 1, 5, 0, 4, 2, 1, 11, 1, 13, 1, 2, 1, 7, 0, 2, 1, 3, 5, 0, 2, 1, 1, 0, 2, 3, 1, 2, 1, 4, 2, 6, 0, 2, 1, 5, 4, 3, 1, 3, 6, 2, 1, 0, 5, 1, 3, 6, 3, 5, 0, 0, 7, 4, 6, 0, 2, 0, 3, 1, 3, 4, 2, 0, 1, 3, 1, 0, 2, 4, 6, 4, 1, 0, 6, 6, 2, 3, 1, 3, 2, 0, 5, 6]

Mean:2.586
Median:2.0
Mode:1
Seed:767


[1, 0, 1, 0, 0, 1, 0, 0, 0, 0, 0, 2, 0, 3, 2, 0, 0, 2, 0, 0, 0, 0, 0, 1, 2, 0, 0, 0, 1, 0, 1, 1, 0, 0, 2, 3, 0, 2, 2, 1, 1, 1, 0, 1, 0, 0, 0, 1, 0, 0, 2, 1, 0, 1, 0, 0, 1, 0, 2, 0, 2, 0, 1, 0, 0, 3, 1, 0, 2, 0, 1, 0, 0, 0, 0, 1, 0, 1, 0, 0, 1, 0, 0, 0, 3, 1, 0, 0, 1, 0, 0, 0, 0, 0, 1, 0, 0, 0, 0, 0, 2, 0, 0, 1, 0, 0, 1, 0, 0, 1, 0, 1, 0, 1, 0, 0, 0, 1, 0, 1, 0, 0, 3, 1, 1, 0, 0, 1, 0, 0, 1, 0, 1, 1, 0, 0, 0, 0, 0, 2, 0, 0, 0, 0, 0, 0, 0, 1, 1, 2, 2, 2, 0, 0, 0, 4, 0, 1, 1, 2, 2, 0, 0, 0, 0, 1, 1, 3, 2, 2, 0, 0, 1, 0, 0, 0, 0, 0, 3, 0, 1, 1, 0, 0, 1, 0, 0, 1, 1, 2, 1, 1, 0, 0, 0, 0, 0, 0, 0, 0, 0, 0, 0, 1, 0, 0, 0, 0, 0, 2, 0, 0, 1, 4, 1, 0, 0, 0, 0, 0, 4, 2, 1, 0, 0, 0, 1, 1, 0, 1, 0, 2, 1, 1, 0, 0, 2, 0, 1, 1, 0, 0, 2, 0, 0, 1, 2, 1, 1, 0, 0, 0, 1, 0, 0, 1, 1, 0, 1, 1, 0, 1, 0, 0, 2, 2, 0, 0, 0, 0, 1, 1, 0, 1, 0, 0, 0, 0, 1, 1, 0, 0, 0, 1, 0, 0, 2, 0, 4, 0, 0, 0, 1, 1, 2, 2, 1, 2, 0, 0, 0, 0, 2, 0, 0, 0, 0, 0, 1, 0, 0, 1, 0, 0, 1, 0, 0, 0, 0, 0, 1, 0, 0, 2, 1, 1, 0, 3, 1, 2, 0, 1, 0, 0, 0, 0, 2, 0, 0, 0, 0, 0, 0, 0, 0, 0, 1, 0, 0, 0, 0, 1, 0, 0, 0, 1, 1, 2, 3, 1, 0, 3, 0, 0, 3, 0, 3, 1, 0, 2, 2, 3, 0, 0, 0, 1, 0, 3, 0, 0, 0, 0, 1, 1, 0, 0, 0, 0, 1, 0, 0, 0, 0, 0, 1, 0, 0, 0, 1, 1, 0, 3, 0, 0, 1, 0, 0, 1, 0, 1, 0, 0, 0, 0, 0, 1, 0, 0, 0, 0, 0, 0, 2, 0, 2, 0, 0, 0, 2, 0, 0, 0, 0, 3, 0, 0, 1, 0, 0, 0, 0, 0, 0, 1, 1, 0, 0, 1, 1, 0, 0, 0, 0, 1, 2, 1, 0, 2, 0, 0, 1, 2, 0, 2, 1, 0, 0, 2, 0, 0, 0, 0, 0, 0, 1, 0, 0, 1, 0, 0, 2, 0, 0, 1, 1, 1, 0, 0, 4, 1, 0, 0, 0, 0, 1, 0, 3, 0, 0, 2]

Mean:0.584
Median:0.0
Mode:0
Seed:905


Seeds:
[399, 85, 587, 172, 678, 545, 376, 473, 765, 521, 750, 1, 562, 337, 895, 298, 927, 623, 896, 764, 234, 498, 707, 734, 173, 537, 840, 97, 767, 905]

Means:
[2.338, 0.242, 1.002, 12.834, 0.79, 0.396, 0.122, 0.63, 0.562, 0.7, 7.33, 3.794, 0.326, 0.988, 1.608, 0.268, 0.474, 0.144, 0.95, 0.984, 13.626, 0.17, 0.28, 1.092, 0.228, 0.092, 3.948, 12.602, 2.586, 0.584]

Medians:
[2.0, 0.0, 1.0, 14.0, 1.0, 0.0, 0.0, 0.0, 0.0, 0.0, 6.0, 3.0, 0.0, 1.0, 1.0, 0.0, 0.0, 0.0, 0.0, 1.0, 13.0, 0.0, 0.0, 1.0, 0.0, 0.0, 3.0, 14.0, 2.0, 0.0]

Modes:
[1, 0, 1, 14, 0, 0, 0, 0, 0, 0, 1, 0, 0, 1, 1, 0, 0, 0, 0, 1, 13, 0, 0, 1, 0, 0, 0, 14, 1, 0]


Top Level Results:
Mean:2.389666666666667
Median:1.0
Mode:0



