[4, 8, 2, 6, 2, 1, 2, 0, 8, 10, 3, 12, 3, 6, 0, 0, 0, 1, 4, 7, 8, 10, 2, 7, 2, 0, 8, 8, 3, 4, 5, 2, 10, 2, 10, 6, 0, 6, 0, 8, 7, 10, 7, 1, 1, 0, 6, 6, 11, 2, 5, 10, 3, 0, 0, 2, 1, 0, 4, 5, 8, 2, 7, 4, 10, 3, 10, 11, 4, 2, 2, 10, 2, 0, 8, 10, 0, 5, 5, 10, 7, 5, 1, 0, 1, 9, 1, 4, 10, 4, 2, 2, 1, 6, 4, 1, 0, 6, 2, 3, 1, 0, 3, 4, 9, 0, 1, 4, 10, 8, 2, 9, 2, 1, 1, 10, 2, 11, 10, 3, 10, 8, 4, 8, 0, 7, 10, 10, 3, 1, 3, 0, 0, 4, 0, 0, 2, 1, 1, 2, 0, 1, 0, 1, 2, 7, 9, 0, 2, 10, 0, 1, 1, 0, 2, 10, 2, 0, 1, 3, 1, 1, 8, 4, 10, 8, 6, 4, 3, 0, 0, 3, 0, 8, 7, 0, 9, 10, 6, 9, 0, 3, 1, 0, 7, 4, 6, 6, 10, 7, 2, 10, 0, 3, 8, 3, 0, 6, 5, 6, 5, 9, 1, 8, 0, 0, 5, 0, 1, 5, 7, 1, 4, 3, 2, 10, 1, 5, 2, 5, 2, 1, 6, 10, 8, 2, 7, 4, 2, 7, 3, 1, 0, 2, 8, 3, 1, 10, 1, 0, 0, 2, 7, 4, 0, 10, 2, 7, 1, 4, 2, 7, 3, 2, 0, 6, 1, 1, 9, 2, 0, 10, 6, 1, 1, 4, 2, 7, 1, 0, 4, 3, 0, 5, 0, 6, 2, 1, 10, 5, 0, 3, 1, 0, 1, 5, 1, 3, 2, 1, 5, 1, 7, 10, 2, 1, 8, 3, 3, 2, 2, 8, 3, 1, 10, 1, 8, 0, 0, 8, 0, 2, 10, 0, 0, 5, 0, 0, 7, 2, 1, 1, 6, 2, 0, 6, 2, 5, 2, 1, 1, 7, 1, 8, 1, 6, 0, 1, 0, 2, 0, 2, 3, 8, 0, 6, 2, 8, 10, 3, 0, 2, 0, 2, 8, 1, 8, 11, 7, 8, 7, 11, 2, 9, 0, 3, 4, 6, 3, 6, 0, 3, 6, 0, 1, 10, 6, 0, 0, 2, 4, 0, 10, 3, 11, 3, 2, 5, 1, 1, 1, 8, 10, 0, 10, 2, 2, 1, 1, 1, 1, 0, 0, 6, 7, 10, 2, 0, 5, 1, 1, 7, 0, 5, 6, 5, 2, 6, 2, 2, 0, 4, 5, 3, 3, 0, 3, 3, 6, 6, 0, 4, 8, 0, 3, 4, 2, 1, 8, 1, 0, 0, 0, 6, 4, 2, 0, 0, 5, 2, 0, 4, 10, 0, 2, 3, 7, 0, 0, 5, 7, 1, 10, 0, 1, 3, 11, 7, 3, 1, 0, 2, 0, 5, 3, 10, 2, 3, 3, 6, 1, 1, 1, 3, 0, 5, 3, 2, 9, 2, 0, 2, 4, 0, 2, 5, 2, 1, 7, 4]

Mean:3.742
Median:3.0
Mode:0
Seed:679


[1, 2, 6, 5, 5, 5, 1, 6, 3, 1, 13, 12, 0, 4, 0, 3, 2, 15, 2, 1, 10, 5, 13, 2, 6, 0, 0, 1, 0, 0, 0, 8, 5, 6, 3, 5, 0, 0, 2, 0, 1, 9, 5, 2, 3, 1, 3, 0, 2, 1, 10, 1, 0, 0, 0, 4, 1, 10, 13, 1, 0, 1, 3, 0, 0, 0, 4, 2, 10, 3, 2, 0, 0, 2, 2, 0, 4, 11, 6, 0, 0, 4, 3, 0, 5, 3, 2, 4, 3, 1, 1, 4, 11, 0, 0, 6, 0, 1, 0, 14, 1, 2, 0, 0, 8, 0, 3, 1, 1, 2, 3, 9, 0, 0, 4, 1, 2, 1, 5, 0, 0, 1, 8, 2, 0, 1, 6, 9, 2, 0, 2, 1, 1, 2, 1, 4, 1, 4, 5, 0, 14, 11, 1, 7, 0, 7, 5, 0, 4, 3, 2, 1, 0, 5, 2, 2, 0, 6, 2, 6, 0, 5, 1, 7, 2, 0, 12, 1, 0, 0, 4, 2, 0, 15, 3, 0, 2, 0, 4, 5, 11, 1, 4, 5, 1, 1, 2, 6, 1, 3, 5, 0, 10, 1, 4, 4, 4, 1, 1, 13, 12, 4, 2, 11, 5, 1, 13, 0, 2, 3, 1, 2, 4, 0, 4, 0, 9, 0, 0, 13, 0, 6, 3, 2, 7, 0, 2, 12, 0, 2, 6, 4, 10, 2, 4, 0, 0, 3, 2, 0, 1, 1, 1, 2, 0, 1, 4, 1, 0, 2, 1, 1, 6, 0, 0, 2, 2, 3, 0, 0, 0, 2, 1, 0, 2, 0, 3, 0, 1, 11, 0, 3, 0, 4, 2, 0, 3, 0, 0, 11, 7, 3, 1, 1, 0, 7, 2, 0, 15, 2, 1, 4, 1, 1, 2, 1, 14, 1, 0, 0, 4, 1, 4, 2, 1, 0, 0, 4, 2, 6, 10, 1, 0, 1, 1, 2, 7, 1, 6, 0, 1, 1, 1, 0, 6, 3, 3, 0, 1, 4, 6, 2, 3, 13, 0, 4, 0, 2, 0, 3, 8, 2, 3, 3, 0, 6, 2, 5, 6, 7, 7, 2, 1, 0, 0, 4, 1, 2, 0, 1, 3, 0, 0, 0, 0, 6, 1, 20, 5, 1, 4, 0, 2, 1, 2, 3, 14, 0, 0, 0, 5, 6, 4, 9, 1, 4, 3, 9, 7, 0, 7, 5, 0, 0, 2, 7, 1, 1, 0, 0, 10, 9, 0, 2, 0, 0, 1, 1, 2, 6, 1, 2, 0, 6, 1, 2, 9, 0, 4, 0, 1, 0, 1, 3, 0, 8, 1, 3, 3, 7, 5, 4, 6, 2, 0, 0, 2, 0, 0, 1, 2, 2, 11, 3, 5, 3, 0, 2, 0, 14, 3, 14, 13, 2, 0, 3, 0, 14, 0, 0, 1, 9, 2, 11, 4, 10, 2, 0, 3, 1, 6, 5, 2, 3, 2, 3, 12, 14, 4, 6, 7, 7, 11, 6, 0, 3, 1, 2, 1, 2, 2, 0, 0, 8, 0, 0, 2, 2, 0, 10]

Mean:3.172
Median:2.0
Mode:0
Seed:426


[0, 0, 0, 0, 0, 0, 0, 0, 0, 0, 0, 0, 0, 0, 0, 0, 1, 1, 0, 0, 1, 0, 0, 0, 0, 0, 0, 1, 0, 1, 0, 0, 0, 0, 0, 0, 0, 0, 0, 0, 1, 1, 0, 0, 0, 0, 0, 0, 0, 0, 0, 0, 0, 1, 0, 0, 0, 0, 0, 0, 0, 0, 0, 0, 0, 0, 0, 0, 0, 0, 0, 0, 0, 0, 0, 0, 0, 0, 0, 0, 0, 0, 0, 0, 0, 0, 0, 0, 0, 0, 0, 0, 0, 0, 0, 0, 0, 0, 1, 0, 1, 0, 0, 0, 0, 0, 0, 0, 1, 0, 0, 0, 1, 1, 0, 0, 0, 0, 0, 0, 0, 0, 0, 0, 0, 0, 1, 0, 1, 0, 1, 0, 0, 0, 0, 1, 0, 0, 0, 0, 0, 0, 0, 0, 0, 0, 0, 0, 0, 0, 2, 0, 0, 0, 1, 0, 0, 0, 0, 0, 0, 0, 0, 0, 0, 0, 0, 0, 0, 1, 0, 0, 0, 0, 1, 0, 0, 0, 0, 0, 0, 0, 0, 0, 0, 0, 0, 0, 0, 1, 0, 0, 1, 0, 0, 0, 3, 0, 0, 1, 0, 0, 0, 0, 0, 0, 1, 0, 0, 0, 0, 1, 0, 0, 0, 0, 0, 0, 0, 0, 0, 0, 1, 0, 0, 1, 0, 0, 0, 0, 0, 0, 0, 0, 0, 0, 0, 0, 0, 0, 1, 0, 0, 0, 0, 0, 0, 0, 0, 0, 0, 0, 0, 0, 0, 0, 0, 0, 0, 0, 0, 0, 0, 0, 0, 0, 0, 0, 0, 0, 0, 0, 0, 0, 0, 0, 0, 0, 0, 0, 0, 0, 1, 0, 0, 0, 0, 0, 0, 0, 0, 0, 0, 0, 0, 1, 0, 0, 0, 0, 1, 0, 0, 1, 0, 0, 0, 0, 0, 0, 0, 0, 1, 0, 0, 1, 0, 0, 2, 0, 1, 0, 0, 0, 0, 0, 0, 0, 1, 0, 0, 0, 0, 0, 0, 0, 0, 0, 0, 0, 0, 0, 0, 1, 0, 0, 0, 0, 1, 0, 0, 2, 0, 0, 1, 0, 0, 0, 0, 0, 0, 0, 0, 0, 0, 0, 0, 0, 0, 0, 0, 0, 0, 0, 0, 0, 0, 0, 0, 0, 0, 0, 1, 0, 0, 0, 1, 0, 0, 0, 0, 0, 0, 0, 0, 0, 0, 0, 0, 0, 1, 1, 0, 0, 0, 0, 0, 0, 0, 0, 1, 1, 0, 0, 0, 1, 0, 0, 0, 0, 0, 0, 0, 0, 0, 0, 0, 0, 0, 0, 0, 1, 0, 0, 0, 0, 0, 0, 0, 1, 0, 0, 0, 0, 0, 0, 0, 0, 0, 0, 0, 2, 0, 0, 1, 0, 0, 0, 0, 0, 0, 0, 1, 0, 0, 1, 0, 0, 0, 0, 1, 1, 0, 0, 0, 0, 0, 0, 0, 0, 0, 0, 0, 1, 1, 0, 0, 0, 0, 0, 0, 0, 1, 1, 0, 1, 0, 0, 0, 0]

Mean:0.138
Median:0.0
Mode:0
Seed:106


[3, 8, 0, 2, 3, 0, 3, 1, 0, 4, 10, 4, 5, 5, 2, 0, 4, 10, 5, 1, 6, 4, 0, 3, 9, 5, 0, 1, 2, 0, 6, 0, 7, 1, 9, 7, 7, 2, 5, 9, 1, 5, 1, 0, 0, 2, 0, 2, 1, 0, 10, 2, 0, 0, 0, 2, 3, 9, 2, 2, 7, 4, 3, 6, 6, 1, 3, 0, 1, 7, 2, 9, 0, 6, 7, 11, 1, 3, 9, 9, 0, 1, 4, 7, 1, 10, 1, 6, 7, 3, 6, 2, 3, 4, 0, 10, 2, 0, 0, 7, 4, 1, 3, 3, 9, 1, 1, 3, 1, 2, 1, 1, 0, 3, 0, 7, 1, 1, 3, 6, 0, 1, 5, 1, 0, 0, 6, 8, 0, 1, 9, 2, 10, 0, 9, 1, 9, 0, 1, 0, 0, 1, 4, 7, 4, 1, 8, 0, 3, 4, 0, 2, 0, 10, 2, 4, 1, 2, 0, 0, 7, 10, 3, 9, 4, 0, 1, 3, 3, 5, 1, 2, 0, 1, 4, 0, 2, 9, 9, 0, 1, 0, 2, 7, 4, 9, 7, 0, 2, 4, 0, 3, 0, 7, 9, 0, 9, 5, 1, 7, 2, 1, 9, 1, 0, 0, 4, 9, 1, 5, 4, 9, 1, 0, 2, 9, 0, 3, 1, 9, 3, 4, 0, 5, 4, 3, 0, 6, 2, 9, 8, 2, 5, 1, 9, 6, 7, 3, 9, 6, 1, 5, 9, 4, 1, 5, 8, 0, 2, 0, 0, 7, 5, 3, 4, 2, 1, 8, 7, 0, 0, 1, 1, 1, 2, 4, 4, 0, 4, 0, 4, 3, 4, 6, 0, 6, 10, 0, 10, 0, 2, 7, 6, 7, 2, 0, 0, 1, 9, 5, 0, 7, 1, 0, 4, 1, 2, 9, 0, 2, 8, 4, 0, 0, 1, 7, 5, 0, 3, 2, 9, 6, 0, 3, 1, 5, 0, 0, 1, 1, 4, 7, 6, 3, 1, 2, 0, 2, 9, 3, 1, 3, 1, 3, 1, 0, 0, 9, 6, 9, 4, 0, 1, 6, 2, 8, 1, 5, 0, 5, 1, 1, 1, 2, 2, 4, 1, 7, 1, 9, 8, 2, 2, 2, 1, 7, 3, 10, 4, 9, 4, 3, 2, 1, 5, 1, 3, 4, 1, 9, 9, 4, 10, 2, 4, 1, 7, 7, 6, 0, 3, 3, 3, 9, 2, 8, 0, 0, 1, 0, 6, 9, 6, 1, 0, 0, 0, 3, 1, 1, 5, 6, 2, 4, 3, 3, 5, 1, 1, 5, 4, 5, 1, 1, 0, 8, 1, 2, 7, 2, 5, 6, 0, 10, 3, 0, 1, 1, 10, 2, 0, 1, 3, 0, 5, 0, 0, 0, 3, 0, 7, 3, 0, 2, 7, 2, 10, 3, 1, 1, 0, 3, 0, 0, 0, 10, 1, 2, 3, 10, 1, 3, 9, 8, 0, 10, 2, 0, 5, 4, 1, 5, 2, 1, 9, 1, 1, 9, 1, 6, 1, 6, 1, 1, 3, 4, 4, 0, 8, 0]

Mean:3.402
Median:3.0
Mode:0
Seed:305


[0, 0, 0, 0, 0, 0, 5, 0, 0, 2, 1, 0, 0, 0, 0, 0, 0, 0, 1, 2, 0, 1, 1, 0, 0, 0, 0, 1, 0, 3, 0, 1, 0, 0, 0, 2, 0, 1, 0, 4, 2, 0, 1, 2, 4, 0, 0, 0, 0, 0, 5, 0, 1, 1, 1, 0, 1, 1, 4, 2, 0, 2, 0, 1, 0, 0, 1, 0, 1, 1, 0, 0, 0, 1, 0, 0, 1, 0, 1, 1, 2, 0, 1, 1, 1, 0, 2, 1, 0, 0, 0, 1, 1, 2, 1, 2, 0, 0, 0, 0, 0, 0, 0, 2, 1, 2, 0, 0, 0, 2, 2, 1, 1, 0, 1, 1, 1, 0, 2, 1, 0, 1, 1, 0, 0, 0, 0, 3, 0, 1, 0, 2, 0, 1, 0, 2, 0, 0, 0, 0, 2, 0, 0, 1, 1, 0, 1, 0, 0, 3, 0, 1, 0, 1, 0, 3, 0, 0, 0, 3, 1, 0, 0, 0, 0, 0, 0, 0, 0, 1, 0, 0, 2, 2, 0, 1, 0, 0, 2, 1, 0, 0, 3, 4, 1, 0, 0, 1, 0, 0, 5, 1, 0, 8, 1, 1, 2, 1, 0, 0, 1, 1, 2, 1, 0, 0, 1, 3, 1, 1, 0, 0, 0, 0, 0, 0, 0, 0, 0, 1, 0, 0, 0, 2, 1, 1, 0, 0, 0, 0, 0, 0, 3, 0, 1, 0, 2, 2, 0, 1, 2, 1, 5, 1, 0, 0, 3, 1, 0, 4, 3, 0, 0, 0, 0, 0, 2, 3, 0, 1, 1, 2, 0, 0, 1, 0, 1, 1, 2, 0, 0, 1, 7, 0, 0, 0, 3, 0, 4, 0, 0, 0, 0, 0, 1, 1, 0, 0, 0, 0, 8, 3, 1, 0, 1, 0, 0, 0, 3, 2, 1, 0, 0, 0, 0, 0, 0, 0, 1, 0, 0, 0, 0, 2, 1, 4, 1, 0, 0, 2, 1, 0, 0, 2, 0, 1, 0, 1, 0, 0, 4, 0, 0, 1, 0, 0, 3, 0, 0, 3, 0, 0, 0, 0, 0, 1, 1, 0, 0, 2, 0, 0, 0, 1, 0, 0, 0, 1, 0, 0, 1, 0, 1, 0, 3, 0, 0, 2, 0, 1, 1, 0, 0, 0, 1, 0, 0, 1, 0, 0, 0, 0, 1, 3, 0, 0, 1, 1, 0, 0, 2, 0, 0, 0, 3, 0, 1, 0, 0, 1, 2, 0, 2, 0, 2, 0, 1, 0, 2, 0, 0, 0, 0, 0, 2, 1, 0, 0, 0, 0, 0, 5, 0, 0, 0, 0, 0, 0, 1, 0, 2, 1, 0, 1, 0, 1, 3, 2, 0, 0, 0, 0, 0, 0, 0, 0, 0, 0, 0, 0, 2, 0, 0, 1, 4, 0, 0, 0, 2, 0, 1, 1, 0, 0, 1, 1, 1, 6, 0, 0, 0, 0, 3, 0, 0, 0, 0, 1, 0, 0, 2, 0, 0, 2, 0, 1, 0, 0, 1, 1, 1, 2, 0, 2, 0, 0, 0, 2, 0, 1]

Mean:0.752
Median:0.0
Mode:0
Seed:215


[10, 3, 8, 10, 6, 0, 6, 1, 16, 1, 12, 0, 1, 14, 18, 1, 4, 6, 0, 3, 2, 3, 5, 0, 23, 3, 7, 9, 11, 1, 8, 5, 4, 18, 21, 12, 1, 9, 6, 19, 12, 8, 15, 2, 15, 8, 1, 1, 4, 3, 0, 5, 16, 2, 1, 1, 0, 2, 15, 8, 5, 0, 14, 3, 8, 2, 6, 0, 1, 1, 1, 23, 1, 7, 1, 1, 0, 6, 6, 7, 1, 1, 0, 0, 9, 3, 4, 10, 0, 1, 0, 4, 1, 14, 10, 6, 0, 17, 7, 1, 6, 14, 12, 3, 4, 7, 10, 0, 0, 1, 0, 2, 19, 1, 0, 0, 1, 1, 5, 11, 4, 0, 2, 6, 11, 0, 22, 2, 1, 6, 1, 3, 3, 1, 2, 10, 15, 14, 30, 14, 14, 19, 0, 0, 3, 8, 1, 1, 1, 7, 0, 1, 2, 12, 1, 3, 3, 6, 8, 18, 1, 1, 11, 7, 1, 13, 2, 8, 11, 0, 8, 5, 0, 3, 9, 4, 2, 1, 5, 8, 15, 3, 3, 4, 4, 19, 8, 25, 5, 5, 4, 6, 2, 4, 0, 2, 6, 3, 2, 10, 4, 6, 4, 15, 2, 2, 0, 14, 5, 5, 17, 2, 2, 13, 3, 1, 2, 3, 4, 1, 0, 11, 10, 12, 2, 3, 14, 0, 2, 2, 6, 9, 23, 0, 7, 0, 0, 1, 0, 18, 3, 7, 8, 5, 3, 9, 1, 6, 0, 5, 3, 0, 0, 2, 0, 9, 14, 5, 15, 2, 14, 3, 0, 15, 5, 20, 4, 25, 2, 6, 1, 0, 13, 6, 10, 8, 3, 3, 20, 1, 4, 0, 7, 19, 0, 3, 1, 0, 2, 2, 15, 2, 6, 16, 11, 14, 3, 29, 4, 2, 3, 6, 1, 2, 0, 6, 22, 3, 0, 21, 21, 20, 20, 0, 4, 11, 0, 6, 0, 6, 2, 1, 13, 1, 5, 0, 5, 1, 1, 1, 10, 14, 2, 9, 2, 7, 8, 10, 14, 2, 0, 14, 8, 4, 17, 5, 1, 15, 2, 4, 8, 1, 1, 1, 5, 12, 0, 2, 22, 6, 5, 2, 15, 19, 2, 3, 1, 2, 6, 0, 3, 5, 9, 17, 10, 19, 17, 1, 4, 3, 14, 22, 3, 2, 6, 1, 1, 4, 13, 7, 2, 3, 4, 1, 2, 1, 2, 1, 3, 5, 2, 0, 18, 3, 16, 12, 14, 2, 2, 4, 15, 6, 6, 5, 2, 15, 10, 4, 1, 0, 1, 10, 0, 16, 1, 1, 0, 8, 18, 8, 0, 5, 9, 0, 2, 3, 0, 1, 0, 4, 2, 1, 2, 1, 1, 4, 4, 25, 4, 2, 0, 6, 7, 9, 1, 3, 1, 0, 2, 2, 0, 1, 8, 39, 2, 12, 15, 17, 5, 1, 1, 3, 3, 9, 3, 14, 3, 0, 5, 0, 9, 25, 6, 17, 7, 4, 16, 17, 1, 4, 5, 0, 1, 16, 7, 7, 0, 0, 0, 3]

Mean:6.012
Median:4.0
Mode:1
Seed:177


[14, 14, 14, 14, 14, 15, 14, 14, 14, 14, 14, 16, 17, 14, 15, 14, 16, 14, 15, 17, 14, 14, 14, 14, 14, 15, 14, 14, 16, 15, 15, 15, 14, 15, 14, 16, 15, 14, 14, 14, 14, 14, 14, 15, 15, 14, 14, 14, 14, 14, 15, 14, 15, 14, 15, 14, 14, 14, 14, 15, 15, 14, 14, 14, 14, 14, 14, 15, 15, 14, 16, 16, 15, 15, 14, 14, 15, 14, 14, 14, 14, 14, 15, 14, 14, 14, 16, 14, 14, 14, 14, 16, 14, 14, 14, 14, 14, 14, 14, 16, 14, 15, 15, 15, 14, 17, 15, 16, 14, 15, 14, 15, 15, 16, 14, 15, 14, 16, 14, 14, 14, 14, 15, 14, 14, 14, 15, 16, 14, 14, 14, 14, 14, 14, 14, 14, 14, 14, 15, 18, 14, 14, 14, 15, 15, 14, 14, 16, 15, 15, 14, 14, 14, 14, 14, 15, 14, 14, 14, 14, 14, 14, 14, 14, 14, 14, 14, 15, 14, 14, 16, 14, 15, 14, 14, 14, 15, 16, 14, 15, 14, 14, 15, 14, 14, 15, 14, 14, 14, 14, 15, 14, 14, 15, 15, 14, 14, 15, 14, 14, 14, 18, 15, 14, 14, 14, 14, 14, 15, 14, 14, 14, 15, 15, 14, 17, 14, 14, 14, 14, 14, 14, 14, 14, 14, 14, 14, 15, 14, 16, 16, 14, 16, 15, 14, 14, 14, 14, 15, 14, 15, 14, 14, 14, 15, 14, 15, 14, 14, 14, 14, 14, 14, 15, 15, 14, 16, 15, 14, 14, 15, 15, 14, 16, 15, 15, 14, 14, 14, 14, 14, 15, 15, 17, 14, 14, 15, 14, 15, 14, 16, 14, 15, 15, 14, 15, 15, 15, 15, 14, 16, 14, 14, 15, 14, 15, 14, 14, 14, 15, 14, 14, 14, 15, 15, 14, 16, 15, 14, 14, 14, 15, 15, 14, 14, 14, 14, 15, 14, 14, 14, 14, 14, 14, 15, 15, 14, 14, 15, 14, 14, 15, 14, 14, 14, 15, 14, 14, 14, 14, 14, 14, 14, 14, 15, 16, 14, 14, 14, 14, 15, 14, 14, 14, 15, 15, 14, 14, 15, 15, 16, 14, 14, 15, 15, 14, 14, 14, 14, 15, 15, 14, 14, 14, 15, 14, 14, 14, 15, 14, 14, 15, 14, 14, 15, 14, 14, 15, 15, 14, 14, 14, 16, 14, 15, 14, 14, 14, 14, 15, 14, 14, 14, 14, 17, 14, 16, 15, 14, 14, 14, 16, 14, 14, 14, 14, 15, 14, 15, 14, 16, 15, 14, 14, 14, 14, 15, 15, 15, 14, 17, 14, 14, 15, 15, 15, 14, 15, 14, 15, 14, 14, 14, 14, 14, 14, 14, 14, 14, 14, 14, 14, 14, 16, 14, 15, 14, 14, 16, 14, 14, 15, 14, 15, 14, 14, 14, 14, 14, 15, 16, 15, 14, 14, 14, 14, 14, 14, 14, 14, 14, 14, 14, 15, 14, 14, 14, 14, 14, 15, 14, 14, 14, 14, 14, 14, 15, 14, 14, 14]

Mean:14.444
Median:14.0
Mode:14
Seed:868


[0, 0, 0, 1, 1, 0, 1, 1, 0, 0, 1, 1, 1, 0, 0, 0, 0, 0, 1, 1, 1, 0, 0, 0, 0, 0, 0, 2, 1, 0, 0, 2, 1, 0, 0, 1, 0, 1, 0, 1, 1, 1, 0, 1, 0, 0, 0, 1, 0, 0, 0, 2, 2, 0, 0, 2, 0, 0, 0, 0, 1, 2, 1, 1, 2, 0, 2, 1, 1, 1, 2, 0, 1, 1, 0, 1, 0, 0, 0, 0, 1, 0, 0, 1, 0, 0, 2, 0, 0, 0, 1, 0, 0, 1, 0, 3, 1, 1, 1, 1, 0, 0, 0, 1, 0, 0, 1, 1, 0, 1, 1, 2, 1, 0, 0, 0, 0, 0, 0, 0, 1, 2, 0, 0, 0, 0, 1, 0, 0, 1, 1, 0, 1, 0, 2, 1, 0, 0, 0, 0, 0, 0, 1, 1, 0, 0, 1, 0, 1, 2, 0, 2, 2, 0, 0, 1, 1, 1, 1, 0, 1, 0, 1, 1, 0, 1, 0, 1, 1, 1, 0, 1, 0, 1, 1, 1, 1, 0, 0, 0, 1, 1, 0, 0, 0, 0, 0, 0, 1, 1, 0, 0, 0, 0, 1, 1, 1, 1, 0, 0, 0, 1, 2, 0, 1, 0, 0, 2, 2, 1, 0, 1, 0, 1, 1, 2, 0, 0, 0, 0, 0, 0, 1, 1, 0, 0, 2, 1, 2, 1, 0, 0, 1, 1, 1, 1, 1, 0, 0, 1, 1, 1, 1, 1, 1, 0, 1, 2, 1, 1, 0, 1, 1, 1, 0, 0, 1, 0, 1, 0, 0, 0, 0, 1, 0, 0, 1, 1, 0, 1, 0, 1, 2, 0, 1, 1, 1, 1, 1, 1, 1, 1, 2, 0, 0, 0, 0, 0, 1, 2, 1, 0, 0, 1, 1, 0, 1, 0, 0, 0, 1, 1, 0, 0, 0, 0, 1, 2, 0, 0, 1, 1, 0, 1, 0, 0, 0, 0, 0, 1, 2, 0, 0, 1, 1, 0, 0, 1, 1, 0, 0, 1, 1, 0, 1, 1, 0, 1, 1, 1, 1, 0, 0, 2, 1, 0, 0, 0, 0, 1, 2, 0, 0, 0, 0, 1, 1, 2, 1, 0, 0, 1, 0, 1, 0, 1, 0, 0, 1, 1, 0, 0, 0, 0, 1, 0, 0, 1, 0, 0, 1, 0, 1, 0, 0, 1, 1, 0, 2, 0, 1, 0, 1, 0, 0, 1, 1, 1, 1, 0, 1, 1, 1, 1, 1, 0, 1, 1, 0, 0, 1, 1, 0, 1, 1, 1, 1, 0, 1, 0, 0, 0, 0, 1, 0, 1, 0, 1, 0, 0, 1, 0, 0, 1, 0, 1, 0, 1, 0, 2, 0, 1, 1, 1, 1, 1, 1, 0, 2, 1, 1, 0, 1, 1, 0, 0, 0, 0, 2, 1, 0, 0, 0, 0, 0, 0, 0, 1, 0, 0, 2, 0, 0, 1, 1, 0, 1, 0, 1, 1, 0, 0, 0, 0, 1, 0, 0, 0, 1, 0, 1, 3, 0, 2, 1, 0, 1, 2, 0, 0]

Mean:0.578
Median:0.0
Mode:0
Seed:378


[1, 8, 10, 0, 1, 2, 0, 0, 0, 4, 1, 7, 10, 10, 7, 0, 2, 2, 4, 0, 4, 0, 4, 4, 0, 2, 1, 4, 4, 5, 3, 2, 6, 3, 1, 1, 1, 11, 0, 3, 10, 0, 1, 0, 9, 2, 8, 0, 1, 3, 0, 4, 7, 4, 1, 3, 3, 9, 1, 6, 6, 3, 1, 0, 1, 0, 3, 10, 10, 0, 1, 1, 13, 1, 4, 1, 2, 1, 3, 7, 1, 2, 0, 0, 9, 8, 0, 0, 10, 4, 3, 10, 3, 1, 8, 10, 4, 6, 3, 0, 10, 2, 7, 4, 4, 2, 2, 10, 3, 10, 8, 10, 3, 0, 10, 2, 1, 1, 10, 2, 2, 7, 10, 10, 5, 4, 8, 1, 1, 7, 4, 10, 1, 3, 0, 0, 10, 1, 2, 2, 8, 0, 2, 9, 3, 10, 3, 3, 4, 2, 1, 0, 10, 0, 2, 0, 0, 1, 3, 5, 0, 1, 3, 3, 2, 11, 1, 0, 2, 2, 6, 1, 8, 4, 10, 3, 0, 2, 3, 0, 2, 3, 2, 4, 10, 1, 10, 10, 8, 0, 10, 1, 2, 3, 3, 5, 0, 8, 5, 2, 3, 10, 0, 0, 0, 4, 0, 1, 10, 2, 6, 2, 2, 2, 6, 2, 1, 0, 0, 5, 5, 3, 3, 0, 11, 3, 7, 10, 5, 2, 10, 2, 1, 10, 0, 10, 1, 10, 2, 2, 7, 3, 7, 0, 4, 1, 9, 10, 1, 0, 1, 10, 0, 2, 1, 0, 2, 3, 2, 10, 1, 3, 8, 11, 8, 8, 5, 0, 4, 0, 0, 2, 6, 2, 2, 4, 4, 2, 1, 1, 2, 0, 10, 1, 0, 0, 2, 9, 0, 0, 10, 0, 10, 0, 1, 0, 11, 6, 7, 7, 2, 0, 2, 3, 1, 1, 0, 0, 2, 0, 8, 1, 0, 5, 5, 2, 7, 10, 1, 2, 6, 1, 11, 3, 3, 10, 7, 9, 6, 4, 6, 10, 5, 3, 1, 7, 11, 1, 2, 3, 0, 0, 10, 3, 3, 0, 0, 2, 6, 2, 1, 4, 10, 3, 3, 3, 2, 9, 1, 8, 1, 10, 10, 1, 3, 1, 2, 6, 2, 0, 0, 2, 2, 0, 1, 0, 0, 0, 3, 1, 6, 1, 2, 9, 1, 0, 3, 6, 3, 0, 2, 2, 0, 5, 1, 0, 0, 0, 3, 2, 8, 1, 0, 1, 2, 11, 0, 1, 8, 1, 10, 6, 3, 3, 1, 7, 1, 7, 2, 2, 1, 0, 3, 8, 11, 2, 1, 3, 9, 4, 7, 0, 10, 5, 2, 9, 10, 3, 2, 0, 10, 10, 3, 0, 3, 11, 1, 5, 10, 10, 1, 3, 1, 1, 2, 2, 1, 4, 0, 3, 11, 2, 1, 10, 1, 2, 0, 1, 1, 10, 6, 1, 11, 5, 2, 1, 4, 0, 2, 5, 5, 1, 7, 5, 0, 5, 0, 2, 6, 11, 1, 4, 6, 5, 5, 3, 0, 0, 0, 3]

Mean:3.686
Median:2.0
Mode:0
Seed:889


[0, 3, 2, 1, 2, 1, 2, 2, 0, 0, 0, 1, 0, 0, 1, 2, 0, 0, 0, 0, 0, 3, 2, 1, 0, 0, 1, 0, 1, 1, 0, 1, 0, 1, 3, 1, 0, 1, 1, 1, 2, 0, 1, 0, 1, 1, 0, 2, 2, 1, 3, 2, 0, 2, 1, 1, 1, 1, 1, 1, 0, 1, 1, 0, 1, 1, 3, 2, 0, 0, 0, 1, 0, 0, 1, 2, 1, 3, 0, 3, 2, 4, 0, 1, 0, 0, 1, 0, 1, 0, 2, 1, 2, 1, 1, 1, 0, 1, 0, 1, 0, 1, 1, 0, 4, 2, 1, 1, 0, 1, 2, 1, 0, 2, 0, 3, 1, 0, 1, 0, 1, 1, 1, 0, 3, 1, 0, 1, 5, 0, 0, 0, 0, 1, 0, 2, 0, 0, 2, 0, 2, 3, 0, 1, 1, 1, 0, 1, 0, 1, 2, 0, 0, 0, 0, 0, 0, 0, 3, 1, 1, 3, 1, 0, 1, 0, 1, 0, 1, 0, 0, 0, 0, 0, 1, 0, 3, 2, 0, 2, 0, 0, 1, 1, 0, 0, 1, 0, 1, 1, 0, 1, 3, 4, 3, 2, 1, 2, 0, 1, 0, 2, 1, 0, 0, 1, 1, 2, 0, 1, 0, 3, 0, 0, 2, 1, 3, 0, 0, 3, 1, 2, 1, 0, 1, 0, 1, 2, 0, 3, 0, 0, 2, 1, 0, 1, 1, 2, 1, 1, 0, 0, 0, 1, 2, 4, 0, 0, 2, 1, 1, 1, 2, 0, 1, 3, 0, 2, 1, 2, 0, 2, 1, 1, 0, 0, 0, 2, 1, 4, 1, 1, 1, 2, 0, 2, 0, 1, 2, 1, 0, 1, 1, 3, 2, 0, 2, 1, 2, 1, 0, 1, 2, 2, 1, 0, 1, 1, 4, 2, 0, 2, 1, 2, 0, 1, 1, 1, 1, 1, 1, 1, 1, 0, 1, 0, 2, 1, 2, 0, 1, 2, 0, 3, 1, 1, 1, 1, 0, 0, 1, 0, 1, 1, 4, 1, 4, 1, 0, 0, 1, 2, 0, 0, 1, 1, 1, 2, 0, 0, 3, 0, 2, 3, 1, 2, 2, 1, 0, 2, 0, 1, 0, 0, 0, 2, 0, 1, 1, 0, 3, 0, 3, 2, 1, 1, 2, 0, 1, 1, 3, 0, 1, 0, 0, 1, 0, 4, 0, 1, 2, 1, 1, 1, 0, 0, 1, 2, 2, 1, 2, 1, 0, 0, 2, 0, 0, 2, 1, 1, 1, 0, 1, 1, 0, 2, 2, 5, 1, 2, 0, 0, 4, 1, 0, 0, 0, 0, 0, 0, 0, 0, 0, 1, 1, 1, 0, 3, 1, 1, 0, 2, 2, 2, 0, 1, 2, 3, 2, 1, 3, 1, 4, 4, 0, 2, 1, 0, 4, 2, 3, 0, 1, 2, 1, 2, 2, 0, 0, 1, 1, 0, 2, 1, 2, 0, 3, 2, 1, 1, 1, 1, 1, 2, 0, 2, 1, 1, 0, 2, 5, 1, 1, 1, 1, 0, 0, 1, 1, 0]

Mean:1.056
Median:1.0
Mode:1
Seed:900


[1, 1, 0, 1, 0, 0, 0, 1, 0, 0, 0, 0, 1, 0, 0, 1, 0, 2, 2, 0, 0, 1, 0, 0, 0, 0, 0, 1, 2, 0, 0, 1, 0, 0, 0, 0, 0, 0, 0, 0, 0, 0, 1, 0, 1, 0, 0, 0, 0, 0, 0, 0, 0, 0, 0, 1, 1, 0, 0, 1, 0, 0, 0, 0, 0, 0, 0, 0, 0, 1, 0, 0, 1, 0, 0, 0, 0, 0, 1, 1, 2, 1, 1, 1, 0, 0, 1, 0, 0, 0, 1, 0, 1, 0, 0, 0, 0, 0, 1, 0, 1, 1, 0, 1, 0, 0, 0, 0, 0, 0, 0, 0, 0, 0, 1, 0, 0, 1, 0, 0, 1, 0, 1, 0, 0, 1, 0, 1, 2, 0, 0, 1, 0, 0, 0, 1, 0, 1, 0, 0, 0, 0, 1, 1, 0, 0, 0, 0, 0, 0, 1, 0, 0, 0, 0, 0, 0, 0, 0, 0, 0, 1, 0, 0, 0, 0, 0, 0, 1, 0, 0, 0, 0, 1, 2, 0, 1, 0, 0, 0, 0, 1, 1, 1, 0, 0, 0, 2, 0, 0, 0, 0, 1, 0, 0, 0, 0, 0, 1, 0, 0, 0, 1, 0, 0, 0, 0, 1, 0, 0, 0, 0, 0, 0, 0, 0, 0, 0, 0, 0, 0, 0, 0, 0, 1, 0, 2, 0, 0, 0, 0, 0, 0, 0, 1, 0, 1, 0, 1, 1, 0, 2, 1, 0, 0, 0, 0, 0, 0, 0, 0, 0, 0, 1, 0, 0, 0, 0, 0, 0, 1, 0, 0, 3, 0, 0, 1, 0, 0, 0, 0, 0, 0, 0, 0, 0, 0, 0, 0, 0, 0, 0, 0, 0, 0, 1, 0, 0, 0, 0, 0, 1, 1, 1, 0, 0, 1, 0, 0, 0, 1, 1, 0, 0, 0, 0, 0, 1, 0, 0, 0, 0, 0, 0, 1, 0, 0, 0, 0, 0, 0, 0, 0, 0, 0, 0, 0, 1, 1, 0, 1, 1, 1, 0, 0, 0, 0, 0, 1, 0, 1, 0, 1, 1, 0, 0, 0, 0, 0, 1, 0, 0, 0, 2, 0, 0, 1, 1, 0, 0, 0, 0, 0, 0, 0, 0, 0, 0, 0, 0, 0, 0, 0, 0, 3, 0, 0, 2, 0, 0, 1, 0, 1, 0, 1, 0, 1, 1, 0, 0, 0, 0, 0, 0, 1, 0, 0, 1, 1, 0, 1, 0, 0, 1, 0, 0, 0, 0, 0, 0, 0, 0, 0, 0, 3, 0, 0, 1, 1, 1, 0, 0, 0, 0, 0, 0, 1, 0, 0, 0, 0, 1, 0, 0, 0, 0, 0, 0, 0, 0, 0, 0, 0, 0, 0, 2, 0, 0, 0, 0, 1, 0, 0, 0, 0, 0, 0, 0, 2, 1, 1, 1, 1, 2, 0, 1, 0, 0, 0, 0, 0, 0, 0, 0, 0, 1, 0, 1, 0, 0, 0, 0, 1, 0, 0, 0, 0, 0, 1, 0, 0, 0, 0, 1, 0, 1, 0, 0, 0, 0]

Mean:0.29
Median:0.0
Mode:0
Seed:748


[2, 2, 1, 1, 1, 1, 0, 1, 1, 2, 1, 1, 1, 1, 0, 1, 1, 1, 1, 0, 0, 1, 2, 1, 0, 1, 1, 1, 0, 1, 0, 0, 1, 2, 1, 1, 2, 1, 0, 1, 0, 1, 0, 0, 3, 0, 1, 0, 2, 1, 1, 2, 1, 1, 0, 0, 1, 1, 1, 2, 0, 0, 1, 0, 2, 0, 1, 1, 1, 1, 1, 1, 1, 0, 1, 2, 0, 1, 1, 0, 1, 1, 1, 0, 0, 0, 0, 1, 0, 1, 0, 1, 0, 2, 2, 1, 2, 1, 1, 0, 2, 1, 2, 1, 1, 1, 0, 1, 2, 3, 1, 0, 1, 1, 2, 1, 2, 0, 1, 0, 1, 0, 1, 2, 1, 1, 0, 1, 3, 1, 1, 1, 2, 0, 2, 1, 2, 4, 1, 0, 1, 1, 1, 1, 1, 1, 3, 1, 1, 1, 0, 0, 1, 1, 1, 1, 0, 1, 1, 1, 0, 1, 1, 0, 2, 0, 1, 2, 0, 0, 1, 0, 1, 1, 1, 1, 1, 0, 0, 0, 1, 2, 1, 1, 1, 0, 0, 0, 1, 1, 1, 2, 1, 1, 2, 3, 0, 1, 3, 1, 1, 2, 1, 1, 0, 2, 2, 2, 2, 1, 1, 1, 0, 1, 0, 0, 0, 0, 2, 2, 2, 1, 0, 0, 1, 3, 0, 0, 0, 2, 1, 2, 4, 1, 0, 1, 0, 1, 0, 0, 2, 1, 0, 1, 1, 1, 2, 0, 0, 0, 0, 1, 1, 3, 0, 1, 0, 0, 2, 1, 1, 2, 1, 1, 0, 2, 0, 1, 1, 1, 1, 0, 1, 1, 0, 0, 1, 1, 0, 2, 2, 1, 0, 2, 2, 0, 1, 1, 0, 1, 1, 0, 0, 0, 1, 2, 1, 0, 1, 2, 0, 0, 2, 0, 0, 1, 1, 0, 1, 1, 1, 1, 2, 1, 1, 0, 0, 1, 1, 0, 0, 1, 2, 1, 1, 1, 1, 3, 1, 2, 1, 1, 1, 0, 0, 0, 2, 1, 2, 0, 2, 1, 0, 0, 1, 3, 1, 1, 0, 1, 0, 0, 1, 1, 1, 1, 1, 0, 0, 1, 1, 0, 1, 1, 1, 1, 0, 1, 0, 0, 2, 1, 3, 2, 0, 1, 1, 1, 1, 1, 1, 1, 1, 0, 2, 1, 2, 0, 1, 0, 0, 0, 2, 2, 0, 1, 2, 3, 0, 1, 2, 0, 2, 1, 1, 2, 0, 2, 3, 1, 1, 1, 1, 2, 0, 1, 2, 1, 1, 1, 1, 0, 3, 1, 1, 1, 1, 2, 1, 0, 2, 1, 1, 2, 1, 0, 1, 1, 3, 0, 0, 0, 1, 0, 0, 1, 1, 0, 0, 0, 2, 1, 1, 2, 0, 2, 1, 2, 2, 1, 0, 2, 1, 1, 0, 0, 1, 0, 2, 0, 1, 3, 2, 0, 1, 1, 1, 2, 0, 0, 0, 3, 1, 2, 0, 1, 0, 0, 1, 1, 0, 2, 2, 1, 0, 0, 0, 1, 0, 0]

Mean:0.936
Median:1.0
Mode:1
Seed:983


[15, 13, 14, 15, 14, 13, 14, 15, 14, 14, 14, 15, 13, 13, 14, 14, 16, 15, 14, 13, 13, 13, 14, 14, 13, 15, 14, 13, 14, 15, 13, 13, 15, 14, 14, 15, 13, 15, 14, 14, 13, 13, 14, 14, 13, 14, 16, 15, 14, 15, 14, 13, 13, 13, 14, 14, 13, 14, 13, 13, 14, 13, 16, 14, 14, 13, 13, 13, 13, 14, 17, 16, 15, 14, 13, 18, 13, 14, 13, 16, 14, 14, 14, 13, 13, 13, 14, 13, 13, 14, 14, 14, 13, 14, 17, 14, 13, 13, 14, 16, 14, 14, 14, 13, 14, 14, 16, 14, 13, 13, 13, 15, 13, 16, 13, 14, 16, 14, 14, 13, 13, 13, 13, 13, 13, 14, 14, 14, 17, 14, 14, 14, 13, 13, 16, 14, 14, 14, 13, 14, 13, 13, 14, 14, 14, 13, 16, 14, 14, 16, 14, 14, 16, 13, 15, 13, 13, 13, 14, 14, 14, 14, 14, 14, 14, 14, 13, 15, 13, 13, 14, 13, 14, 14, 13, 13, 15, 13, 13, 15, 14, 15, 14, 15, 14, 13, 14, 13, 14, 14, 15, 16, 14, 14, 15, 15, 14, 14, 14, 14, 14, 14, 14, 13, 13, 13, 15, 14, 14, 13, 15, 13, 14, 15, 15, 13, 18, 14, 14, 14, 13, 14, 17, 15, 14, 14, 14, 13, 15, 14, 14, 15, 13, 13, 13, 13, 15, 13, 14, 13, 14, 14, 15, 14, 14, 13, 13, 15, 15, 14, 14, 17, 15, 14, 13, 13, 13, 14, 14, 16, 15, 15, 13, 14, 14, 13, 15, 15, 13, 15, 14, 15, 14, 14, 14, 15, 14, 13, 15, 13, 13, 14, 16, 15, 14, 13, 13, 16, 15, 13, 14, 13, 14, 15, 15, 14, 13, 13, 15, 16, 14, 14, 15, 14, 14, 13, 15, 15, 13, 14, 14, 13, 14, 14, 14, 14, 14, 13, 14, 14, 15, 14, 14, 14, 15, 15, 14, 13, 13, 15, 13, 14, 14, 16, 15, 13, 13, 13, 15, 13, 13, 14, 14, 13, 13, 14, 14, 13, 15, 14, 14, 15, 13, 13, 14, 15, 14, 15, 14, 14, 15, 14, 14, 13, 14, 13, 13, 14, 13, 14, 15, 14, 14, 13, 14, 14, 14, 13, 13, 15, 13, 13, 16, 13, 13, 13, 13, 15, 13, 14, 15, 13, 16, 16, 13, 17, 14, 13, 15, 15, 14, 13, 14, 13, 13, 13, 15, 14, 16, 13, 13, 14, 14, 14, 14, 14, 14, 13, 15, 14, 13, 13, 13, 14, 13, 14, 16, 15, 13, 15, 15, 14, 14, 14, 14, 13, 13, 14, 14, 14, 14, 14, 13, 14, 14, 14, 15, 13, 14, 13, 13, 14, 14, 14, 13, 14, 14, 15, 14, 13, 13, 16, 13, 15, 15, 14, 16, 14, 14, 14, 14, 14, 14, 15, 13, 14, 14, 15, 14, 14, 15, 13, 14, 13, 14, 14, 15, 13, 14, 13, 14, 14, 14, 14, 14, 14, 14, 13, 14, 14]

Mean:13.994
Median:14.0
Mode:14
Seed:624


[6, 6, 3, 1, 3, 1, 4, 4, 1, 0, 0, 1, 2, 0, 5, 0, 1, 0, 3, 0, 0, 2, 4, 0, 1, 4, 1, 0, 4, 1, 0, 2, 1, 1, 6, 1, 0, 1, 0, 0, 0, 1, 3, 0, 0, 1, 0, 3, 5, 1, 1, 3, 2, 2, 3, 1, 1, 0, 0, 2, 9, 0, 0, 2, 0, 2, 0, 0, 0, 1, 1, 2, 1, 1, 0, 7, 0, 0, 6, 0, 2, 0, 0, 0, 2, 0, 0, 0, 6, 3, 1, 1, 0, 1, 1, 0, 1, 1, 4, 2, 0, 1, 0, 0, 0, 5, 0, 0, 3, 2, 0, 0, 0, 1, 1, 0, 1, 1, 2, 0, 7, 8, 1, 3, 0, 0, 5, 0, 3, 1, 0, 4, 4, 1, 1, 2, 3, 3, 0, 0, 1, 1, 0, 3, 1, 1, 0, 1, 0, 2, 0, 3, 1, 0, 4, 3, 3, 0, 0, 0, 1, 0, 0, 4, 0, 1, 5, 3, 1, 1, 5, 0, 1, 2, 0, 1, 4, 2, 0, 0, 0, 0, 1, 0, 1, 0, 0, 1, 1, 3, 1, 2, 0, 1, 1, 3, 0, 1, 2, 0, 0, 1, 1, 7, 2, 1, 1, 0, 2, 1, 5, 2, 0, 1, 0, 2, 3, 0, 6, 3, 4, 0, 3, 3, 0, 8, 1, 0, 0, 0, 1, 1, 0, 0, 0, 0, 0, 1, 5, 0, 0, 0, 0, 1, 1, 4, 1, 0, 3, 1, 1, 3, 3, 0, 1, 0, 3, 1, 0, 3, 0, 2, 3, 1, 2, 2, 2, 2, 1, 2, 0, 1, 3, 4, 3, 2, 5, 2, 1, 0, 2, 0, 0, 1, 1, 1, 3, 4, 0, 2, 0, 0, 8, 3, 1, 0, 1, 2, 0, 1, 1, 0, 0, 1, 1, 2, 0, 3, 3, 0, 1, 0, 0, 1, 0, 0, 0, 3, 0, 0, 4, 1, 1, 3, 0, 2, 0, 7, 0, 0, 3, 1, 2, 1, 2, 1, 4, 5, 1, 1, 0, 0, 1, 3, 1, 0, 0, 4, 2, 2, 2, 2, 0, 3, 5, 5, 0, 2, 2, 0, 3, 0, 0, 3, 2, 0, 1, 3, 0, 6, 1, 0, 0, 0, 3, 0, 5, 0, 2, 2, 2, 0, 7, 0, 1, 1, 0, 0, 0, 2, 0, 3, 1, 1, 1, 0, 2, 4, 0, 3, 5, 0, 1, 0, 4, 7, 5, 6, 0, 2, 0, 2, 3, 0, 0, 4, 2, 1, 1, 2, 1, 0, 3, 3, 7, 2, 1, 0, 2, 5, 2, 1, 0, 3, 3, 4, 0, 1, 0, 0, 3, 0, 4, 2, 2, 1, 0, 3, 3, 3, 1, 5, 0, 0, 3, 0, 0, 5, 1, 3, 0, 2, 0, 5, 0, 8, 0, 2, 0, 0, 1, 0, 0, 0, 2, 1, 1, 4, 0, 2, 0, 1, 6, 3, 3, 4, 0, 0, 2, 1, 0, 1, 4, 2, 0, 0, 7, 0, 0, 0]

Mean:1.566
Median:1.0
Mode:0
Seed:596


[16, 16, 15, 14, 15, 14, 14, 15, 14, 14, 14, 16, 14, 14, 14, 14, 14, 14, 14, 14, 15, 16, 17, 15, 14, 14, 14, 14, 14, 14, 16, 15, 15, 16, 15, 14, 15, 15, 14, 14, 14, 15, 14, 14, 14, 14, 15, 14, 15, 15, 15, 15, 17, 15, 14, 15, 14, 14, 16, 14, 14, 14, 14, 14, 14, 14, 14, 14, 14, 14, 14, 14, 15, 14, 15, 15, 14, 14, 14, 15, 15, 14, 15, 14, 14, 14, 14, 14, 14, 14, 14, 18, 14, 15, 14, 15, 14, 15, 16, 14, 14, 14, 17, 16, 14, 14, 14, 15, 15, 14, 16, 14, 14, 15, 15, 15, 14, 16, 16, 14, 14, 14, 14, 14, 14, 16, 15, 15, 14, 14, 16, 14, 14, 15, 14, 14, 15, 15, 14, 14, 15, 14, 18, 14, 14, 14, 14, 14, 15, 14, 14, 16, 16, 14, 14, 14, 14, 14, 14, 14, 16, 14, 14, 14, 14, 14, 14, 16, 15, 15, 14, 14, 14, 14, 14, 14, 16, 14, 15, 14, 14, 15, 15, 14, 15, 15, 15, 15, 15, 14, 14, 15, 14, 15, 14, 16, 15, 14, 14, 15, 14, 14, 16, 14, 14, 15, 14, 15, 14, 15, 14, 14, 14, 15, 14, 14, 14, 14, 15, 14, 14, 14, 14, 15, 15, 14, 15, 14, 14, 14, 17, 15, 15, 14, 14, 15, 14, 14, 14, 14, 14, 14, 14, 14, 16, 14, 16, 14, 14, 14, 16, 14, 14, 15, 14, 14, 16, 15, 14, 14, 15, 16, 14, 14, 16, 14, 15, 14, 14, 14, 14, 14, 15, 15, 15, 14, 14, 16, 14, 14, 14, 14, 14, 14, 14, 14, 14, 14, 14, 15, 15, 14, 14, 14, 15, 14, 15, 15, 15, 14, 15, 16, 14, 14, 14, 17, 14, 14, 15, 14, 15, 15, 15, 14, 16, 14, 14, 15, 15, 14, 14, 16, 16, 14, 15, 14, 14, 14, 17, 15, 15, 14, 14, 15, 14, 14, 14, 14, 14, 14, 14, 14, 14, 14, 14, 15, 16, 15, 15, 16, 14, 15, 14, 14, 15, 14, 16, 14, 15, 15, 16, 14, 15, 14, 15, 14, 15, 14, 14, 14, 14, 14, 14, 14, 15, 14, 15, 15, 14, 14, 15, 14, 14, 14, 16, 15, 14, 17, 14, 14, 14, 14, 15, 14, 16, 15, 16, 14, 14, 15, 14, 14, 15, 15, 15, 15, 14, 15, 15, 17, 14, 15, 15, 14, 14, 14, 14, 14, 14, 14, 14, 15, 14, 16, 15, 17, 14, 14, 15, 15, 14, 15, 14, 15, 14, 16, 14, 14, 14, 15, 14, 14, 14, 15, 15, 15, 14, 14, 17, 14, 14, 14, 14, 15, 14, 14, 14, 15, 14, 15, 14, 15, 15, 16, 14, 15, 14, 14, 15, 15, 16, 14, 14, 14, 14, 14, 15, 16, 15, 14, 14, 14, 14, 14, 14, 16, 15, 14, 14, 14, 15, 14, 15, 14, 15, 15, 14, 14, 14, 14]

Mean:14.534
Median:14.0
Mode:14
Seed:117


[0, 0, 0, 0, 0, 0, 0, 0, 0, 0, 0, 0, 0, 0, 0, 0, 0, 0, 0, 0, 0, 0, 0, 0, 0, 0, 0, 0, 0, 0, 0, 0, 0, 0, 0, 0, 0, 1, 0, 0, 0, 0, 0, 0, 0, 0, 0, 0, 0, 0, 0, 0, 0, 0, 0, 0, 0, 0, 0, 0, 0, 0, 0, 0, 0, 0, 0, 0, 0, 0, 0, 0, 0, 0, 0, 0, 0, 0, 0, 0, 0, 0, 0, 0, 0, 0, 0, 0, 0, 0, 0, 0, 0, 0, 0, 0, 0, 0, 0, 0, 0, 0, 0, 0, 0, 0, 0, 0, 0, 0, 0, 0, 0, 0, 0, 0, 0, 0, 1, 0, 0, 0, 0, 0, 0, 0, 0, 1, 0, 0, 0, 0, 0, 0, 0, 0, 0, 0, 0, 0, 0, 0, 0, 0, 0, 0, 0, 0, 0, 0, 0, 0, 0, 0, 0, 0, 0, 0, 0, 0, 0, 0, 0, 0, 0, 0, 0, 0, 0, 0, 0, 0, 0, 0, 0, 0, 0, 1, 0, 0, 0, 0, 0, 0, 0, 0, 0, 0, 0, 0, 0, 0, 0, 1, 0, 0, 0, 0, 0, 0, 0, 0, 0, 0, 0, 0, 0, 0, 1, 0, 0, 0, 0, 0, 0, 0, 0, 0, 0, 0, 0, 0, 0, 0, 1, 0, 0, 0, 0, 0, 0, 0, 0, 0, 0, 0, 0, 0, 0, 0, 0, 0, 0, 1, 0, 0, 0, 0, 0, 0, 1, 0, 0, 0, 0, 0, 0, 0, 0, 0, 1, 0, 0, 0, 0, 0, 0, 0, 0, 0, 1, 0, 0, 0, 0, 0, 0, 0, 0, 0, 0, 0, 0, 0, 0, 1, 0, 1, 0, 0, 0, 0, 0, 0, 0, 0, 0, 0, 0, 0, 0, 0, 0, 0, 0, 0, 0, 0, 0, 0, 0, 0, 1, 0, 0, 0, 0, 0, 0, 0, 0, 0, 0, 0, 1, 1, 0, 0, 0, 0, 0, 0, 0, 0, 0, 0, 0, 0, 0, 0, 0, 0, 0, 0, 0, 0, 0, 0, 0, 0, 0, 0, 0, 0, 0, 0, 0, 0, 0, 0, 0, 0, 0, 0, 0, 0, 0, 0, 0, 0, 0, 0, 0, 0, 0, 1, 0, 0, 0, 0, 0, 0, 0, 0, 0, 0, 0, 0, 0, 0, 0, 0, 0, 0, 0, 0, 0, 0, 0, 1, 0, 1, 0, 0, 0, 0, 0, 1, 0, 0, 0, 1, 0, 0, 0, 0, 0, 0, 1, 0, 0, 0, 0, 0, 0, 0, 0, 0, 3, 0, 0, 1, 0, 0, 0, 0, 0, 1, 0, 0, 0, 0, 0, 0, 0, 0, 0, 0, 0, 0, 0, 0, 0, 0, 0, 0, 0, 0, 0, 0, 0, 1, 0, 0, 0, 0, 0, 1, 0, 0, 0, 0, 0, 0, 0, 0, 0, 0, 1, 0, 0, 0, 0, 0, 0, 0, 0, 0, 0, 0, 0, 1, 0, 0, 0, 0, 0, 0, 0, 0]

Mean:0.062
Median:0.0
Mode:0
Seed:680


[0, 0, 0, 0, 0, 0, 3, 0, 0, 1, 0, 1, 0, 1, 0, 0, 0, 0, 0, 0, 0, 2, 1, 1, 0, 1, 0, 0, 0, 0, 0, 0, 1, 0, 0, 0, 0, 2, 0, 0, 1, 1, 0, 0, 0, 0, 1, 0, 0, 2, 0, 0, 0, 1, 0, 2, 1, 0, 0, 0, 0, 0, 2, 1, 0, 0, 0, 0, 0, 0, 0, 0, 0, 0, 0, 0, 0, 0, 0, 0, 0, 0, 0, 0, 0, 0, 0, 0, 0, 0, 0, 0, 0, 0, 1, 0, 0, 0, 0, 0, 1, 0, 0, 0, 0, 0, 0, 1, 0, 0, 0, 0, 1, 0, 0, 1, 0, 0, 0, 1, 1, 0, 1, 0, 0, 0, 0, 2, 0, 0, 1, 1, 0, 0, 0, 0, 0, 1, 0, 0, 0, 1, 0, 0, 0, 0, 0, 0, 1, 0, 0, 0, 0, 0, 1, 0, 1, 0, 0, 0, 0, 0, 0, 0, 0, 0, 1, 0, 0, 0, 0, 0, 1, 0, 0, 2, 1, 1, 0, 0, 0, 0, 1, 0, 0, 0, 0, 0, 0, 1, 0, 0, 0, 0, 0, 1, 0, 0, 0, 0, 0, 0, 0, 0, 0, 0, 1, 0, 0, 0, 0, 0, 1, 2, 0, 0, 0, 0, 0, 0, 1, 0, 0, 0, 0, 1, 0, 0, 0, 0, 0, 0, 0, 0, 0, 0, 0, 0, 0, 1, 0, 0, 0, 4, 0, 1, 1, 0, 0, 0, 0, 0, 0, 0, 0, 0, 0, 0, 0, 1, 0, 0, 0, 0, 0, 1, 0, 1, 0, 0, 0, 1, 0, 2, 0, 0, 0, 0, 1, 2, 0, 0, 0, 0, 0, 0, 0, 0, 0, 0, 0, 0, 0, 0, 0, 0, 0, 0, 1, 0, 0, 0, 0, 0, 0, 0, 0, 0, 0, 0, 0, 0, 1, 0, 1, 0, 0, 0, 0, 0, 1, 0, 1, 0, 0, 0, 0, 0, 0, 0, 0, 1, 0, 0, 0, 1, 0, 0, 0, 1, 0, 1, 0, 0, 1, 0, 0, 1, 1, 0, 0, 0, 0, 0, 0, 0, 0, 0, 1, 0, 0, 0, 2, 0, 0, 1, 0, 0, 0, 0, 0, 0, 2, 1, 0, 0, 0, 0, 0, 1, 1, 0, 0, 0, 0, 0, 1, 0, 1, 1, 0, 0, 0, 0, 0, 0, 0, 0, 0, 0, 1, 1, 0, 1, 1, 0, 0, 0, 0, 0, 0, 1, 0, 0, 0, 1, 0, 1, 0, 0, 0, 0, 0, 0, 0, 0, 0, 0, 0, 0, 0, 1, 1, 0, 0, 0, 0, 1, 0, 0, 0, 0, 0, 0, 0, 0, 0, 0, 0, 2, 0, 0, 0, 0, 1, 0, 0, 0, 0, 0, 0, 0, 0, 1, 0, 0, 0, 0, 1, 0, 1, 0, 0, 0, 2, 0, 0, 0, 0, 0, 0, 0, 0, 1, 0, 0, 1, 0, 3, 1, 0, 0, 0, 0, 0, 0, 0, 1, 0, 1]

Mean:0.248
Median:0.0
Mode:0
Seed:68


[21, 18, 24, 19, 23, 19, 21, 28, 22, 29, 22, 15, 23, 26, 16, 16, 22, 23, 19, 16, 17, 21, 23, 23, 23, 19, 21, 14, 24, 16, 23, 19, 15, 22, 22, 15, 20, 17, 21, 17, 20, 21, 24, 17, 17, 21, 17, 21, 27, 23, 15, 17, 15, 6, 18, 17, 21, 17, 16, 15, 16, 21, 4, 19, 17, 25, 18, 16, 20, 18, 22, 21, 22, 16, 20, 21, 22, 24, 16, 11, 22, 25, 27, 8, 23, 23, 23, 17, 18, 16, 19, 15, 17, 17, 22, 17, 22, 21, 18, 24, 31, 17, 19, 22, 25, 18, 17, 19, 23, 17, 21, 18, 20, 21, 24, 3, 16, 21, 18, 22, 16, 20, 16, 17, 12, 15, 20, 23, 17, 19, 20, 21, 27, 20, 15, 21, 19, 21, 26, 21, 18, 19, 22, 22, 24, 17, 21, 15, 21, 16, 20, 12, 19, 18, 25, 15, 20, 20, 19, 16, 8, 19, 22, 16, 24, 18, 26, 15, 17, 16, 20, 18, 21, 17, 18, 22, 18, 23, 27, 19, 20, 18, 23, 23, 22, 17, 13, 23, 25, 20, 19, 19, 20, 18, 17, 19, 22, 19, 20, 23, 20, 19, 27, 19, 21, 19, 20, 21, 17, 21, 15, 17, 17, 18, 28, 20, 18, 16, 17, 23, 20, 19, 21, 15, 15, 25, 20, 18, 19, 19, 21, 25, 9, 20, 18, 26, 24, 23, 18, 16, 20, 25, 23, 17, 15, 18, 16, 21, 16, 15, 22, 17, 18, 24, 21, 17, 20, 22, 17, 20, 16, 21, 20, 17, 24, 20, 18, 18, 16, 17, 17, 21, 20, 21, 17, 19, 24, 19, 17, 29, 19, 21, 17, 19, 20, 23, 21, 18, 18, 19, 27, 19, 17, 18, 20, 15, 21, 18, 17, 16, 20, 20, 20, 17, 26, 17, 15, 7, 17, 23, 21, 18, 18, 19, 25, 17, 21, 22, 23, 24, 18, 18, 17, 19, 25, 16, 20, 16, 20, 18, 24, 19, 21, 22, 22, 15, 24, 24, 17, 15, 17, 19, 24, 19, 23, 17, 19, 21, 24, 18, 20, 23, 23, 20, 18, 23, 21, 19, 19, 17, 22, 22, 17, 17, 22, 15, 23, 17, 22, 20, 24, 25, 17, 15, 20, 16, 20, 24, 19, 23, 18, 19, 16, 15, 22, 18, 18, 21, 16, 23, 19, 15, 20, 27, 15, 17, 17, 25, 24, 20, 20, 22, 24, 17, 19, 24, 21, 20, 20, 17, 21, 15, 25, 20, 4, 23, 22, 22, 18, 23, 17, 15, 23, 19, 15, 24, 27, 17, 19, 21, 18, 22, 19, 21, 7, 18, 16, 17, 20, 17, 25, 18, 15, 18, 17, 19, 22, 16, 16, 16, 24, 23, 23, 15, 25, 20, 15, 15, 24, 25, 16, 22, 20, 21, 15, 19, 21, 26, 17, 23, 20, 17, 23, 19, 17, 22, 23, 24, 18, 24, 27, 21, 23, 18, 20, 21, 19, 17, 27, 21, 12, 23, 19, 17, 18, 22, 20, 18, 23, 19]

Mean:19.532
Median:19.0
Mode:17
Seed:110


[0, 0, 1, 0, 0, 1, 0, 0, 0, 0, 0, 0, 1, 1, 0, 0, 0, 1, 1, 2, 0, 1, 0, 0, 3, 1, 0, 2, 0, 0, 0, 0, 0, 1, 1, 3, 1, 0, 0, 1, 0, 2, 0, 0, 1, 1, 1, 1, 1, 0, 1, 0, 0, 0, 1, 1, 0, 1, 0, 1, 0, 0, 1, 0, 1, 0, 1, 0, 1, 0, 0, 1, 1, 1, 0, 1, 0, 1, 5, 0, 2, 1, 0, 1, 0, 0, 0, 0, 1, 1, 2, 0, 1, 0, 0, 0, 0, 1, 0, 0, 0, 0, 1, 1, 0, 0, 2, 1, 5, 2, 0, 2, 1, 0, 1, 0, 1, 0, 0, 0, 0, 0, 0, 1, 0, 0, 1, 0, 1, 1, 0, 2, 1, 0, 0, 1, 1, 1, 1, 0, 1, 1, 1, 0, 0, 0, 0, 0, 1, 1, 0, 0, 0, 0, 0, 0, 0, 2, 0, 1, 1, 0, 0, 0, 0, 0, 0, 0, 0, 1, 0, 0, 0, 1, 0, 0, 0, 0, 0, 1, 3, 0, 0, 0, 0, 2, 0, 4, 1, 0, 0, 1, 0, 0, 0, 0, 0, 0, 1, 0, 0, 3, 0, 0, 0, 3, 0, 0, 1, 0, 2, 0, 0, 3, 1, 0, 1, 0, 1, 0, 0, 0, 1, 2, 0, 2, 1, 1, 0, 0, 0, 2, 0, 1, 0, 1, 1, 0, 0, 0, 1, 0, 1, 0, 0, 0, 0, 0, 0, 0, 2, 2, 0, 3, 0, 0, 1, 1, 2, 0, 0, 1, 0, 1, 0, 0, 0, 0, 1, 1, 0, 3, 1, 0, 0, 1, 0, 1, 0, 1, 0, 1, 1, 0, 0, 0, 1, 2, 0, 0, 1, 0, 3, 0, 0, 0, 1, 0, 0, 0, 2, 0, 0, 0, 2, 0, 0, 0, 0, 1, 1, 0, 1, 0, 1, 0, 0, 1, 0, 1, 1, 1, 0, 3, 1, 0, 0, 0, 0, 0, 1, 2, 0, 0, 0, 0, 1, 0, 1, 2, 0, 0, 0, 0, 0, 0, 0, 1, 0, 0, 0, 0, 1, 0, 0, 0, 0, 1, 0, 0, 1, 1, 0, 1, 0, 0, 0, 0, 0, 1, 0, 0, 2, 1, 0, 2, 1, 2, 0, 0, 0, 0, 3, 0, 1, 1, 2, 0, 0, 0, 1, 0, 0, 1, 1, 1, 0, 1, 0, 1, 1, 0, 0, 0, 0, 3, 0, 0, 1, 0, 1, 2, 0, 0, 0, 0, 0, 0, 0, 0, 0, 1, 1, 1, 1, 0, 0, 1, 0, 0, 0, 0, 0, 0, 1, 0, 1, 0, 0, 0, 0, 0, 0, 1, 0, 0, 0, 0, 0, 1, 4, 0, 0, 1, 0, 0, 2, 2, 0, 0, 0, 0, 0, 0, 0, 0, 2, 0, 0, 0, 0, 0, 3, 1, 2, 0, 2, 0, 0, 0, 1, 0, 0, 1, 0, 0, 0, 2, 1, 0, 0, 0, 1, 0, 1, 0, 0, 0, 2, 1]

Mean:0.536
Median:0.0
Mode:0
Seed:292


[2, 0, 1, 1, 1, 1, 0, 1, 1, 0, 1, 0, 0, 0, 0, 0, 0, 0, 0, 0, 0, 0, 0, 2, 0, 0, 0, 1, 0, 0, 0, 0, 0, 1, 1, 1, 0, 0, 1, 0, 0, 0, 1, 0, 0, 1, 0, 0, 0, 0, 0, 0, 1, 0, 1, 1, 0, 0, 0, 1, 0, 0, 0, 0, 1, 0, 0, 1, 0, 1, 0, 0, 0, 0, 0, 1, 0, 1, 0, 1, 1, 0, 0, 0, 1, 1, 1, 0, 0, 0, 1, 0, 0, 0, 1, 0, 0, 0, 0, 1, 0, 1, 0, 0, 0, 0, 0, 1, 0, 1, 1, 0, 0, 0, 0, 0, 0, 1, 1, 0, 0, 0, 0, 0, 0, 0, 0, 1, 0, 0, 0, 0, 0, 0, 0, 0, 0, 0, 0, 0, 0, 1, 0, 0, 0, 0, 0, 1, 1, 0, 0, 0, 0, 1, 0, 0, 0, 0, 0, 0, 0, 0, 0, 0, 0, 1, 0, 0, 0, 0, 0, 0, 0, 0, 0, 1, 1, 1, 0, 0, 0, 1, 1, 0, 0, 1, 1, 0, 0, 0, 1, 1, 0, 0, 0, 1, 0, 0, 2, 1, 1, 0, 0, 0, 0, 1, 0, 0, 1, 0, 0, 1, 0, 1, 1, 0, 0, 0, 0, 0, 0, 1, 0, 2, 0, 0, 0, 0, 0, 0, 0, 1, 1, 0, 1, 0, 0, 0, 0, 0, 0, 0, 0, 0, 0, 1, 0, 0, 0, 0, 0, 2, 0, 0, 0, 1, 0, 0, 1, 0, 0, 0, 0, 1, 0, 0, 2, 0, 1, 0, 0, 0, 0, 1, 0, 1, 0, 0, 1, 0, 0, 0, 0, 1, 1, 1, 1, 1, 1, 0, 0, 1, 0, 0, 0, 0, 0, 0, 0, 1, 2, 1, 0, 2, 1, 1, 0, 2, 0, 0, 0, 0, 0, 1, 0, 0, 0, 0, 1, 0, 0, 0, 0, 0, 0, 0, 0, 0, 0, 0, 0, 0, 0, 0, 0, 0, 0, 0, 0, 0, 1, 0, 0, 0, 0, 0, 0, 0, 1, 1, 0, 0, 1, 0, 1, 0, 0, 1, 0, 0, 0, 1, 0, 0, 0, 0, 0, 1, 0, 0, 0, 0, 1, 0, 0, 0, 0, 0, 0, 0, 0, 0, 0, 0, 0, 0, 0, 0, 0, 0, 1, 0, 0, 0, 0, 0, 0, 0, 0, 0, 1, 0, 2, 0, 1, 0, 0, 0, 0, 1, 0, 0, 0, 0, 0, 0, 0, 0, 1, 0, 0, 0, 0, 0, 0, 0, 0, 1, 0, 1, 0, 1, 0, 1, 0, 0, 0, 1, 0, 0, 1, 1, 0, 0, 0, 1, 0, 0, 0, 1, 0, 0, 1, 0, 0, 1, 0, 0, 0, 0, 0, 0, 1, 0, 1, 1, 1, 0, 0, 0, 0, 1, 0, 1, 0, 0, 0, 0, 0, 0, 0, 0, 1, 0, 1, 1, 1, 0, 0, 0, 1, 0, 0, 1, 0, 0, 0, 0, 0, 1]

Mean:0.286
Median:0.0
Mode:0
Seed:109


[10, 12, 0, 7, 0, 2, 1, 4, 0, 1, 6, 1, 8, 7, 2, 0, 1, 2, 2, 1, 7, 6, 2, 6, 15, 2, 5, 5, 1, 3, 3, 2, 0, 7, 0, 2, 8, 3, 0, 8, 2, 8, 0, 8, 5, 8, 1, 9, 4, 1, 1, 1, 13, 0, 2, 1, 2, 4, 3, 1, 0, 0, 0, 15, 2, 0, 0, 1, 2, 4, 9, 4, 1, 0, 2, 5, 8, 2, 2, 4, 3, 2, 7, 2, 4, 2, 14, 8, 1, 1, 0, 1, 14, 2, 13, 0, 0, 1, 12, 3, 5, 2, 12, 14, 9, 6, 3, 5, 3, 1, 8, 3, 8, 1, 0, 3, 3, 7, 9, 0, 2, 1, 4, 4, 3, 0, 15, 3, 8, 14, 0, 3, 2, 0, 0, 2, 0, 3, 3, 0, 7, 14, 4, 7, 0, 7, 3, 5, 0, 3, 5, 5, 5, 2, 10, 2, 1, 0, 1, 1, 4, 2, 1, 0, 0, 4, 1, 7, 3, 1, 2, 2, 5, 6, 10, 2, 3, 7, 14, 0, 2, 2, 9, 9, 1, 5, 1, 11, 1, 14, 1, 0, 7, 9, 16, 3, 0, 2, 13, 3, 0, 3, 1, 3, 6, 3, 2, 0, 2, 7, 1, 1, 3, 7, 2, 2, 0, 1, 11, 4, 5, 14, 0, 0, 0, 0, 1, 0, 2, 1, 0, 6, 4, 0, 16, 0, 1, 10, 2, 0, 0, 3, 10, 2, 2, 1, 8, 7, 10, 4, 2, 7, 4, 2, 8, 0, 9, 1, 1, 0, 1, 15, 1, 2, 2, 0, 3, 8, 0, 10, 5, 7, 1, 14, 3, 7, 11, 2, 0, 5, 3, 1, 0, 3, 0, 2, 1, 0, 14, 14, 3, 15, 13, 10, 2, 1, 3, 8, 1, 1, 6, 4, 0, 3, 2, 3, 2, 0, 1, 3, 2, 0, 0, 3, 1, 5, 6, 4, 15, 3, 1, 5, 1, 8, 3, 4, 1, 0, 2, 0, 2, 4, 0, 2, 2, 2, 4, 7, 14, 1, 10, 1, 4, 2, 0, 1, 1, 5, 14, 0, 10, 6, 3, 0, 2, 10, 2, 4, 1, 2, 14, 8, 3, 10, 5, 3, 1, 0, 2, 5, 0, 0, 3, 6, 4, 0, 3, 13, 2, 1, 1, 0, 2, 1, 13, 3, 14, 3, 2, 6, 8, 10, 3, 2, 1, 14, 8, 2, 3, 1, 3, 1, 3, 0, 2, 7, 2, 0, 7, 2, 0, 2, 11, 12, 4, 10, 5, 2, 7, 5, 4, 0, 14, 0, 8, 4, 10, 3, 2, 1, 2, 0, 4, 0, 14, 7, 7, 3, 0, 1, 13, 1, 0, 3, 2, 2, 3, 6, 0, 0, 11, 3, 12, 1, 0, 6, 0, 1, 2, 2, 18, 1, 0, 14, 6, 3, 0, 3, 5, 7, 1, 4, 2, 3, 3, 1, 3, 14, 9, 3, 0, 3, 2, 2, 5, 0, 7, 4, 1, 4, 4, 3, 0, 1, 12, 1, 13, 10, 0, 2]

Mean:4
Median:3.0
Mode:0
Seed:603


[7, 0, 0, 8, 2, 9, 1, 1, 3, 7, 1, 3, 1, 8, 6, 1, 6, 10, 0, 10, 5, 6, 0, 5, 7, 9, 5, 0, 10, 1, 4, 2, 0, 5, 10, 5, 0, 4, 10, 9, 6, 2, 1, 4, 4, 7, 0, 4, 0, 1, 1, 0, 5, 3, 5, 10, 0, 0, 3, 2, 3, 4, 10, 4, 2, 7, 1, 11, 11, 1, 1, 12, 0, 10, 1, 9, 4, 4, 6, 2, 8, 2, 6, 0, 1, 0, 2, 3, 6, 3, 6, 10, 0, 5, 0, 2, 11, 5, 0, 1, 1, 7, 10, 3, 0, 3, 0, 1, 5, 7, 9, 2, 6, 1, 9, 1, 4, 8, 6, 4, 6, 10, 7, 0, 4, 0, 6, 9, 1, 10, 6, 0, 8, 4, 5, 3, 10, 12, 2, 0, 6, 0, 3, 2, 2, 8, 9, 0, 1, 2, 2, 2, 0, 2, 0, 1, 5, 2, 0, 4, 6, 4, 10, 0, 0, 0, 10, 0, 6, 0, 2, 8, 0, 0, 2, 3, 11, 5, 5, 3, 11, 6, 4, 3, 0, 5, 0, 3, 0, 3, 4, 1, 0, 6, 8, 0, 5, 1, 2, 6, 2, 0, 0, 2, 10, 6, 0, 8, 3, 5, 2, 2, 1, 11, 3, 1, 11, 0, 4, 9, 2, 5, 2, 1, 0, 2, 0, 9, 5, 10, 1, 2, 6, 11, 7, 3, 4, 0, 9, 5, 0, 7, 0, 9, 10, 1, 6, 7, 8, 1, 0, 7, 10, 0, 11, 7, 5, 1, 0, 7, 1, 11, 2, 2, 11, 3, 3, 7, 7, 1, 1, 4, 0, 0, 0, 1, 0, 2, 7, 9, 3, 2, 3, 5, 7, 0, 1, 3, 1, 9, 0, 3, 4, 10, 3, 1, 9, 5, 0, 2, 0, 0, 0, 1, 0, 8, 10, 0, 0, 2, 5, 10, 11, 4, 1, 3, 2, 6, 4, 3, 0, 0, 1, 0, 1, 10, 2, 2, 2, 0, 3, 9, 0, 1, 4, 11, 6, 3, 6, 2, 6, 2, 4, 1, 0, 11, 6, 10, 11, 1, 2, 6, 10, 1, 5, 2, 8, 9, 0, 2, 0, 3, 9, 6, 7, 1, 0, 7, 2, 10, 1, 1, 2, 1, 4, 3, 10, 5, 4, 5, 1, 1, 10, 1, 7, 4, 10, 0, 11, 0, 1, 1, 10, 2, 9, 5, 4, 10, 4, 0, 1, 0, 10, 10, 6, 3, 1, 11, 12, 0, 3, 7, 2, 0, 5, 1, 6, 4, 6, 10, 11, 0, 1, 3, 0, 2, 7, 10, 6, 0, 0, 9, 0, 3, 3, 4, 4, 3, 7, 3, 1, 3, 2, 3, 3, 4, 1, 1, 2, 2, 2, 5, 8, 2, 10, 7, 3, 10, 8, 8, 8, 5, 1, 0, 0, 3, 5, 1, 11, 1, 7, 7, 8, 10, 10, 1, 5, 3, 5, 4, 4, 11, 0, 3, 3, 1, 4, 9, 2, 8, 1, 0, 3, 10, 1, 0, 4, 1, 0, 5]

Mean:4.054
Median:3.0
Mode:0
Seed:457


[0, 0, 0, 1, 0, 0, 0, 0, 0, 0, 0, 0, 0, 0, 0, 0, 0, 0, 0, 0, 0, 1, 0, 0, 1, 0, 0, 0, 0, 0, 0, 0, 1, 0, 0, 0, 0, 0, 0, 0, 0, 0, 0, 0, 0, 1, 0, 0, 0, 0, 0, 0, 0, 0, 0, 0, 1, 1, 2, 0, 0, 1, 1, 1, 0, 0, 0, 0, 0, 0, 0, 0, 1, 0, 0, 1, 0, 0, 1, 2, 2, 0, 0, 2, 0, 0, 0, 0, 0, 0, 0, 0, 0, 0, 0, 0, 0, 0, 1, 0, 1, 0, 2, 0, 0, 0, 0, 0, 0, 0, 0, 0, 0, 0, 0, 1, 1, 2, 0, 0, 0, 0, 0, 0, 0, 0, 0, 1, 0, 0, 0, 1, 0, 0, 0, 0, 0, 0, 0, 0, 0, 0, 0, 0, 0, 0, 0, 0, 1, 0, 1, 0, 0, 0, 0, 0, 0, 0, 0, 0, 0, 0, 0, 0, 0, 0, 0, 0, 0, 0, 0, 0, 0, 0, 0, 0, 0, 0, 0, 0, 0, 0, 0, 0, 1, 0, 0, 0, 0, 0, 0, 0, 0, 0, 0, 0, 0, 0, 1, 0, 0, 0, 0, 0, 0, 0, 0, 1, 0, 1, 0, 0, 0, 1, 0, 0, 0, 0, 0, 0, 0, 0, 0, 0, 0, 0, 0, 0, 0, 0, 1, 0, 0, 1, 0, 2, 0, 0, 0, 0, 0, 0, 0, 0, 0, 0, 0, 0, 0, 0, 1, 1, 0, 0, 0, 0, 0, 0, 0, 0, 0, 0, 0, 0, 0, 2, 0, 0, 0, 0, 0, 0, 0, 0, 0, 0, 0, 0, 0, 0, 0, 0, 0, 0, 0, 0, 1, 0, 0, 0, 1, 0, 0, 0, 0, 0, 0, 0, 1, 2, 0, 0, 0, 0, 0, 0, 0, 0, 0, 0, 0, 0, 0, 0, 0, 0, 0, 0, 0, 0, 0, 0, 0, 0, 0, 0, 0, 1, 0, 0, 0, 0, 1, 0, 0, 0, 1, 1, 0, 0, 0, 0, 0, 0, 0, 0, 0, 0, 0, 0, 0, 0, 0, 0, 1, 0, 0, 0, 0, 0, 0, 0, 0, 0, 0, 0, 0, 0, 0, 1, 0, 0, 0, 0, 0, 0, 0, 1, 0, 0, 0, 0, 0, 0, 0, 0, 0, 0, 0, 1, 0, 0, 1, 0, 0, 0, 0, 0, 0, 0, 1, 0, 1, 0, 0, 0, 0, 0, 0, 0, 0, 0, 0, 0, 1, 0, 0, 0, 0, 0, 0, 0, 0, 0, 1, 0, 1, 0, 0, 0, 0, 1, 0, 0, 0, 0, 1, 0, 0, 0, 0, 0, 0, 0, 0, 0, 0, 0, 0, 0, 0, 0, 0, 0, 0, 0, 2, 1, 0, 0, 0, 0, 0, 0, 0, 1, 0, 0, 0, 1, 0, 0, 0, 0, 0, 0, 0, 0, 0, 0, 0, 0, 0, 1, 0, 0, 0, 0, 0, 0, 0, 0, 0, 0, 0, 0, 0, 0, 1, 0]

Mean:0.148
Median:0.0
Mode:0
Seed:306


[0, 0, 0, 0, 2, 0, 0, 1, 0, 1, 0, 0, 0, 0, 0, 0, 0, 0, 0, 0, 0, 0, 0, 0, 0, 0, 0, 0, 0, 0, 0, 0, 0, 0, 0, 0, 0, 1, 0, 0, 0, 0, 0, 0, 0, 0, 0, 0, 0, 0, 0, 0, 0, 0, 0, 0, 0, 0, 0, 0, 0, 0, 0, 0, 0, 0, 0, 0, 0, 0, 0, 0, 0, 0, 0, 0, 0, 0, 0, 1, 0, 0, 0, 0, 0, 0, 0, 0, 0, 0, 0, 0, 0, 1, 0, 1, 0, 0, 1, 0, 0, 0, 0, 0, 0, 1, 0, 0, 0, 0, 0, 0, 0, 0, 0, 0, 0, 0, 0, 0, 0, 1, 0, 1, 0, 0, 0, 0, 0, 0, 0, 0, 0, 0, 0, 0, 0, 0, 0, 0, 0, 0, 0, 1, 0, 0, 0, 0, 0, 0, 0, 0, 0, 1, 0, 0, 0, 0, 0, 0, 0, 0, 0, 0, 0, 0, 0, 0, 1, 2, 0, 0, 0, 1, 0, 0, 0, 0, 0, 0, 0, 0, 0, 0, 0, 0, 0, 0, 0, 0, 0, 0, 0, 0, 0, 0, 0, 0, 0, 0, 0, 0, 0, 0, 0, 0, 0, 0, 0, 0, 0, 1, 0, 0, 0, 0, 0, 1, 0, 0, 0, 0, 0, 0, 0, 0, 0, 0, 0, 1, 0, 0, 0, 0, 1, 0, 0, 0, 1, 0, 0, 0, 0, 0, 0, 0, 0, 0, 0, 0, 0, 0, 2, 1, 0, 0, 0, 0, 1, 1, 0, 0, 0, 0, 0, 0, 0, 0, 0, 0, 1, 0, 0, 0, 0, 0, 0, 1, 0, 0, 0, 1, 0, 0, 0, 0, 0, 1, 1, 0, 0, 0, 0, 0, 0, 0, 0, 0, 0, 1, 0, 0, 0, 0, 2, 0, 0, 0, 0, 0, 0, 0, 0, 0, 0, 0, 0, 0, 0, 0, 0, 0, 0, 0, 0, 0, 0, 0, 0, 0, 0, 0, 0, 1, 1, 0, 0, 0, 0, 0, 0, 0, 0, 0, 0, 1, 0, 1, 0, 0, 0, 0, 0, 0, 0, 1, 0, 0, 0, 1, 1, 0, 0, 0, 0, 0, 0, 2, 0, 0, 1, 0, 0, 0, 0, 0, 0, 0, 0, 0, 1, 0, 0, 0, 0, 1, 0, 0, 0, 0, 0, 0, 0, 0, 0, 0, 0, 0, 1, 0, 0, 0, 0, 1, 0, 0, 0, 0, 0, 0, 0, 1, 0, 0, 1, 0, 0, 0, 0, 0, 0, 0, 0, 0, 0, 0, 1, 0, 0, 0, 1, 0, 0, 0, 0, 0, 1, 0, 0, 1, 0, 0, 0, 0, 0, 0, 0, 1, 0, 0, 0, 0, 0, 0, 0, 1, 0, 0, 0, 0, 0, 0, 1, 0, 0, 0, 0, 0, 0, 0, 0, 0, 0, 0, 0, 2, 1, 0, 0, 0, 0, 0, 0, 0, 0, 0, 0, 1, 0, 0, 0, 0, 0, 0, 0, 0, 0, 0, 1, 0]

Mean:0.128
Median:0.0
Mode:0
Seed:436


[5, 2, 0, 5, 4, 1, 2, 10, 1, 2, 6, 5, 2, 2, 4, 6, 6, 6, 3, 7, 1, 0, 4, 0, 10, 0, 4, 0, 1, 2, 4, 5, 10, 0, 1, 2, 8, 2, 0, 0, 1, 6, 1, 8, 10, 1, 3, 10, 2, 1, 0, 1, 0, 3, 8, 6, 1, 1, 10, 0, 6, 11, 9, 1, 0, 12, 1, 10, 12, 7, 4, 4, 2, 7, 10, 6, 10, 6, 1, 4, 7, 0, 2, 5, 10, 5, 10, 3, 0, 5, 10, 2, 0, 4, 2, 0, 1, 7, 2, 0, 0, 2, 10, 9, 3, 9, 0, 2, 4, 4, 5, 1, 4, 6, 3, 5, 10, 9, 10, 1, 7, 2, 4, 0, 0, 2, 0, 10, 2, 7, 3, 2, 10, 4, 0, 0, 2, 0, 10, 6, 0, 4, 8, 10, 11, 10, 5, 10, 10, 10, 3, 0, 3, 10, 10, 3, 0, 5, 7, 9, 2, 3, 8, 6, 2, 0, 0, 2, 0, 5, 3, 1, 5, 4, 2, 4, 6, 6, 0, 5, 6, 3, 0, 10, 6, 4, 0, 2, 1, 0, 6, 6, 1, 5, 10, 4, 2, 1, 11, 2, 8, 1, 0, 4, 6, 8, 0, 4, 3, 10, 6, 1, 10, 2, 8, 1, 6, 10, 1, 2, 0, 3, 7, 2, 2, 4, 12, 0, 2, 1, 2, 5, 0, 0, 5, 11, 0, 1, 6, 9, 1, 1, 1, 8, 2, 7, 0, 9, 2, 9, 11, 10, 9, 11, 6, 5, 2, 5, 1, 10, 2, 1, 9, 2, 2, 0, 1, 7, 2, 1, 1, 1, 2, 1, 3, 4, 2, 2, 1, 7, 5, 6, 0, 8, 10, 3, 10, 0, 6, 7, 5, 2, 7, 6, 0, 7, 0, 1, 9, 6, 1, 3, 0, 8, 4, 6, 1, 3, 6, 5, 1, 0, 1, 0, 0, 0, 11, 12, 0, 2, 2, 3, 3, 6, 2, 1, 1, 11, 1, 10, 0, 4, 4, 9, 0, 0, 2, 8, 7, 7, 2, 6, 1, 9, 1, 6, 0, 1, 2, 2, 10, 2, 10, 3, 10, 2, 8, 7, 1, 10, 4, 2, 2, 1, 5, 1, 8, 1, 1, 7, 10, 1, 10, 5, 3, 0, 1, 0, 11, 2, 1, 7, 0, 9, 1, 0, 2, 0, 9, 1, 8, 10, 1, 5, 0, 2, 10, 12, 3, 12, 2, 10, 8, 7, 1, 2, 4, 3, 7, 0, 1, 9, 1, 10, 10, 5, 10, 2, 11, 1, 10, 2, 10, 4, 0, 1, 0, 3, 1, 3, 6, 7, 1, 1, 7, 8, 7, 1, 9, 6, 5, 8, 0, 2, 10, 10, 1, 6, 0, 5, 7, 1, 0, 0, 3, 0, 4, 7, 2, 7, 10, 3, 1, 7, 4, 2, 9, 4, 0, 9, 5, 2, 0, 2, 2, 9, 10, 3, 3, 1, 3, 8, 10, 0, 3, 0, 5, 0, 5, 5, 6, 5, 3, 3, 10, 1, 5, 3, 4, 7]

Mean:4.226
Median:3.0
Mode:0
Seed:370


[1, 1, 0, 0, 0, 2, 2, 1, 1, 0, 1, 0, 2, 0, 0, 1, 0, 1, 1, 0, 1, 0, 0, 0, 0, 0, 0, 0, 1, 0, 0, 0, 0, 0, 0, 1, 0, 0, 1, 1, 0, 0, 0, 2, 1, 1, 1, 0, 0, 0, 0, 0, 1, 2, 0, 0, 0, 2, 0, 1, 0, 0, 1, 0, 0, 0, 1, 0, 0, 0, 1, 0, 1, 0, 0, 1, 0, 1, 0, 1, 2, 0, 0, 0, 0, 0, 0, 0, 0, 0, 0, 0, 2, 0, 0, 0, 0, 0, 0, 0, 0, 1, 1, 0, 2, 0, 0, 0, 0, 0, 1, 0, 0, 0, 0, 0, 0, 1, 0, 0, 0, 0, 1, 1, 0, 0, 0, 0, 0, 0, 0, 0, 0, 0, 0, 0, 0, 0, 1, 0, 1, 0, 0, 0, 0, 2, 0, 0, 0, 1, 0, 0, 0, 0, 0, 0, 0, 0, 0, 0, 0, 1, 0, 0, 0, 0, 1, 1, 0, 0, 0, 0, 1, 0, 1, 0, 1, 1, 1, 1, 1, 1, 0, 1, 1, 1, 0, 0, 0, 0, 0, 1, 0, 2, 1, 1, 0, 0, 0, 1, 0, 0, 1, 1, 1, 0, 0, 0, 1, 0, 0, 1, 0, 0, 0, 0, 2, 0, 0, 0, 0, 0, 1, 2, 0, 0, 0, 1, 0, 1, 0, 0, 0, 1, 1, 1, 0, 1, 0, 0, 0, 0, 0, 1, 0, 1, 0, 0, 1, 0, 0, 1, 0, 0, 0, 0, 0, 0, 0, 0, 0, 0, 0, 0, 0, 1, 0, 0, 0, 0, 2, 0, 0, 0, 0, 1, 1, 2, 0, 0, 1, 0, 1, 0, 1, 0, 0, 1, 0, 0, 1, 0, 0, 0, 0, 0, 0, 2, 0, 1, 0, 0, 1, 1, 1, 2, 0, 0, 1, 0, 0, 0, 1, 1, 1, 0, 1, 0, 0, 0, 1, 0, 0, 0, 0, 0, 0, 0, 1, 0, 0, 2, 0, 0, 1, 0, 1, 0, 0, 0, 0, 2, 0, 0, 0, 2, 0, 0, 0, 1, 0, 0, 0, 1, 0, 2, 1, 0, 4, 0, 0, 0, 0, 0, 1, 1, 0, 1, 1, 1, 1, 0, 0, 1, 0, 2, 0, 0, 0, 0, 1, 1, 1, 0, 0, 1, 0, 1, 0, 0, 0, 0, 1, 1, 2, 0, 2, 0, 0, 1, 0, 1, 0, 1, 1, 1, 0, 0, 0, 0, 3, 0, 0, 1, 0, 0, 0, 1, 1, 0, 0, 0, 0, 0, 1, 0, 0, 0, 0, 1, 1, 0, 2, 1, 0, 0, 0, 1, 1, 1, 0, 0, 1, 0, 1, 0, 0, 1, 0, 0, 1, 0, 1, 0, 1, 0, 0, 0, 0, 0, 0, 0, 0, 0, 0, 0, 0, 1, 0, 0, 1, 0, 0, 0, 0, 0, 0, 1, 1, 0, 0, 3, 1, 0, 0, 0, 0, 0, 0, 1, 1, 0, 0, 0, 0, 0, 0, 0, 0, 0]

Mean:0.388
Median:0.0
Mode:0
Seed:327


[0, 2, 0, 0, 0, 0, 2, 2, 1, 1, 0, 1, 2, 0, 1, 0, 0, 0, 0, 0, 0, 1, 1, 0, 0, 0, 0, 0, 0, 1, 2, 1, 0, 1, 0, 0, 0, 0, 0, 0, 0, 0, 0, 0, 0, 0, 0, 1, 0, 0, 0, 1, 0, 1, 0, 1, 1, 0, 0, 0, 1, 0, 0, 0, 1, 1, 0, 1, 1, 0, 1, 0, 0, 0, 1, 0, 1, 0, 0, 0, 0, 0, 1, 1, 0, 1, 0, 1, 0, 0, 0, 0, 1, 0, 2, 0, 0, 0, 0, 3, 2, 0, 1, 1, 0, 0, 0, 1, 0, 0, 0, 0, 0, 0, 0, 2, 0, 1, 0, 0, 1, 0, 0, 0, 0, 1, 1, 0, 0, 0, 0, 0, 1, 0, 0, 0, 0, 2, 2, 0, 1, 0, 0, 1, 1, 0, 0, 1, 0, 0, 2, 1, 0, 0, 0, 0, 1, 1, 0, 1, 1, 0, 0, 0, 0, 0, 0, 1, 0, 1, 0, 1, 1, 0, 1, 0, 0, 1, 0, 0, 0, 0, 0, 0, 0, 0, 1, 1, 3, 0, 0, 0, 1, 0, 0, 0, 0, 0, 0, 0, 2, 0, 0, 0, 0, 0, 0, 2, 1, 1, 0, 0, 0, 1, 0, 0, 0, 0, 1, 0, 0, 2, 1, 0, 1, 2, 0, 1, 1, 0, 0, 0, 1, 0, 0, 0, 2, 0, 0, 0, 1, 0, 1, 0, 0, 1, 0, 2, 0, 0, 0, 1, 0, 1, 1, 0, 0, 0, 0, 0, 0, 1, 2, 0, 0, 0, 1, 0, 0, 0, 0, 0, 1, 2, 1, 1, 0, 0, 0, 0, 0, 0, 1, 0, 0, 1, 0, 0, 0, 0, 1, 0, 0, 0, 1, 1, 0, 2, 2, 0, 0, 0, 1, 1, 0, 1, 0, 1, 0, 0, 1, 0, 0, 0, 0, 0, 0, 0, 0, 1, 0, 0, 0, 2, 0, 1, 0, 0, 0, 0, 1, 1, 0, 0, 2, 0, 0, 0, 1, 1, 0, 1, 2, 0, 0, 0, 0, 1, 0, 3, 2, 0, 0, 0, 1, 1, 2, 2, 0, 1, 0, 0, 0, 1, 0, 1, 0, 1, 0, 0, 0, 1, 0, 0, 3, 0, 1, 0, 0, 2, 1, 0, 1, 1, 1, 0, 0, 0, 0, 0, 4, 1, 0, 1, 1, 0, 0, 0, 4, 0, 1, 1, 0, 0, 0, 0, 1, 1, 0, 0, 0, 0, 0, 0, 0, 2, 1, 0, 2, 0, 1, 0, 0, 1, 0, 0, 0, 3, 0, 0, 0, 1, 0, 0, 2, 0, 0, 1, 1, 0, 1, 1, 2, 1, 0, 0, 0, 0, 0, 0, 0, 1, 0, 2, 1, 0, 0, 0, 0, 1, 0, 1, 0, 3, 0, 0, 1, 0, 1, 1, 0, 0, 1, 1, 2, 0, 0, 0, 1, 1, 1, 0, 0, 0, 0, 1, 0, 1, 0, 0, 2, 2, 1, 0, 0, 0, 0, 0, 0, 0]

Mean:0.464
Median:0.0
Mode:0
Seed:124


[0, 0, 0, 0, 0, 0, 0, 0, 0, 0, 0, 0, 1, 0, 0, 0, 0, 0, 0, 0, 1, 0, 0, 0, 0, 0, 0, 0, 0, 0, 0, 0, 0, 0, 1, 0, 0, 0, 0, 0, 0, 0, 0, 0, 0, 0, 0, 0, 0, 0, 0, 0, 0, 0, 0, 0, 0, 0, 0, 0, 0, 0, 1, 0, 0, 0, 0, 0, 0, 0, 0, 0, 0, 0, 0, 0, 0, 0, 0, 0, 0, 0, 0, 0, 0, 0, 0, 0, 0, 0, 0, 0, 0, 0, 1, 0, 0, 0, 1, 0, 0, 1, 0, 0, 0, 1, 0, 0, 0, 0, 0, 0, 0, 0, 0, 0, 0, 0, 0, 0, 0, 0, 0, 0, 0, 0, 0, 0, 0, 0, 0, 0, 0, 0, 0, 0, 0, 0, 0, 0, 0, 0, 0, 0, 0, 0, 0, 0, 1, 0, 0, 0, 0, 0, 0, 0, 0, 0, 0, 0, 0, 0, 0, 0, 0, 0, 0, 0, 0, 0, 0, 1, 0, 0, 0, 0, 2, 0, 0, 0, 0, 0, 0, 1, 0, 0, 0, 0, 0, 0, 0, 0, 0, 0, 0, 0, 0, 0, 0, 0, 0, 0, 0, 0, 1, 0, 0, 1, 0, 0, 0, 0, 0, 0, 0, 0, 0, 0, 0, 0, 0, 0, 0, 0, 0, 0, 0, 0, 0, 0, 0, 0, 0, 0, 0, 0, 0, 0, 1, 1, 0, 1, 0, 0, 0, 0, 0, 0, 0, 0, 0, 0, 0, 0, 0, 0, 0, 0, 0, 0, 0, 0, 0, 0, 0, 0, 0, 0, 0, 0, 0, 0, 0, 0, 0, 0, 1, 1, 1, 0, 0, 0, 0, 0, 0, 0, 0, 0, 0, 0, 0, 0, 1, 0, 0, 0, 0, 0, 0, 0, 0, 0, 0, 0, 0, 0, 0, 0, 0, 0, 0, 0, 0, 0, 0, 0, 0, 0, 1, 0, 0, 0, 0, 0, 0, 0, 0, 0, 0, 0, 0, 0, 0, 0, 0, 0, 0, 0, 0, 0, 0, 0, 0, 0, 0, 1, 0, 0, 1, 0, 0, 0, 0, 0, 0, 0, 0, 0, 1, 0, 0, 0, 0, 0, 0, 0, 0, 0, 0, 0, 0, 0, 0, 1, 0, 0, 0, 0, 0, 0, 0, 0, 0, 0, 0, 0, 0, 0, 1, 0, 1, 0, 0, 0, 0, 0, 0, 2, 0, 0, 0, 0, 0, 0, 0, 0, 0, 0, 0, 0, 0, 0, 0, 0, 0, 1, 1, 0, 0, 0, 0, 0, 0, 0, 0, 0, 0, 0, 0, 0, 0, 0, 0, 1, 0, 0, 0, 0, 0, 0, 0, 0, 0, 0, 0, 1, 0, 0, 1, 0, 0, 0, 0, 0, 0, 0, 0, 0, 0, 1, 0, 0, 1, 0, 1, 0, 0, 0, 0, 0, 0, 0, 0, 0, 0, 0, 0, 0, 0, 0, 0, 0, 0, 0, 0, 0, 0, 1, 1, 0, 0, 1, 1, 0, 0, 0, 0, 0, 0, 0]

Mean:0.086
Median:0.0
Mode:0
Seed:988


[15, 15, 14, 14, 14, 14, 14, 14, 14, 15, 15, 14, 14, 15, 14, 14, 16, 17, 14, 16, 14, 14, 14, 14, 16, 14, 14, 14, 14, 15, 14, 14, 15, 15, 14, 16, 14, 14, 15, 14, 14, 14, 15, 14, 14, 15, 14, 14, 14, 14, 14, 14, 14, 14, 14, 14, 15, 15, 14, 14, 15, 15, 14, 16, 14, 14, 14, 14, 15, 14, 14, 14, 16, 15, 14, 15, 14, 14, 14, 14, 14, 14, 14, 14, 16, 14, 17, 15, 14, 14, 14, 15, 14, 14, 14, 16, 15, 14, 14, 14, 14, 15, 14, 14, 14, 14, 14, 14, 14, 14, 15, 14, 15, 15, 15, 15, 14, 16, 15, 16, 14, 14, 14, 15, 14, 14, 17, 15, 17, 15, 14, 14, 14, 16, 14, 15, 15, 15, 14, 14, 14, 14, 14, 14, 14, 14, 16, 14, 14, 16, 15, 15, 14, 14, 15, 14, 15, 15, 15, 14, 15, 15, 14, 16, 15, 15, 16, 14, 14, 14, 15, 15, 14, 14, 14, 14, 16, 15, 14, 14, 14, 16, 14, 15, 14, 14, 15, 14, 14, 15, 16, 14, 14, 14, 14, 16, 15, 14, 14, 14, 14, 15, 14, 14, 15, 14, 14, 14, 15, 14, 15, 14, 14, 14, 14, 14, 15, 14, 14, 15, 14, 14, 16, 15, 16, 16, 14, 14, 14, 14, 15, 14, 15, 14, 14, 14, 15, 15, 14, 15, 15, 14, 15, 14, 15, 14, 14, 15, 14, 15, 14, 14, 14, 15, 14, 16, 15, 14, 14, 14, 14, 14, 15, 14, 14, 15, 14, 14, 14, 14, 14, 14, 15, 14, 15, 14, 15, 15, 14, 14, 15, 14, 16, 14, 15, 15, 14, 14, 14, 15, 16, 15, 15, 15, 15, 14, 14, 15, 14, 14, 14, 14, 15, 14, 14, 15, 14, 14, 14, 16, 14, 16, 15, 14, 14, 15, 16, 17, 14, 14, 15, 14, 14, 14, 14, 14, 16, 14, 14, 14, 15, 15, 14, 14, 14, 14, 15, 14, 14, 14, 15, 14, 15, 15, 15, 14, 14, 16, 15, 14, 14, 14, 14, 14, 14, 14, 14, 15, 14, 15, 14, 14, 14, 14, 16, 15, 16, 14, 16, 14, 14, 14, 15, 15, 14, 15, 14, 14, 14, 15, 15, 14, 15, 15, 14, 14, 14, 14, 14, 14, 14, 15, 14, 14, 16, 15, 17, 14, 14, 14, 14, 15, 15, 14, 15, 15, 15, 14, 14, 14, 14, 14, 15, 14, 14, 14, 14, 14, 14, 15, 14, 15, 16, 14, 14, 14, 14, 14, 14, 14, 15, 14, 15, 14, 14, 14, 14, 15, 14, 14, 15, 14, 14, 14, 14, 14, 14, 14, 14, 14, 14, 15, 16, 15, 14, 14, 14, 14, 14, 14, 14, 14, 14, 14, 15, 14, 16, 14, 14, 15, 15, 16, 14, 14, 14, 14, 15, 14, 14, 14, 14, 14, 15, 15, 14, 15, 15, 16, 14, 14, 15, 16, 15, 14, 14, 15, 15, 14, 14, 15]

Mean:14.47
Median:14.0
Mode:14
Seed:904


[1, 1, 1, 1, 1, 0, 3, 2, 1, 2, 1, 0, 1, 1, 3, 2, 2, 2, 1, 2, 0, 1, 0, 1, 0, 4, 1, 2, 1, 3, 1, 2, 1, 1, 1, 2, 2, 1, 1, 0, 0, 1, 1, 0, 0, 2, 2, 3, 1, 1, 0, 2, 0, 2, 2, 1, 0, 2, 2, 1, 2, 1, 1, 1, 1, 1, 3, 2, 3, 0, 2, 2, 2, 0, 0, 1, 2, 1, 1, 0, 3, 4, 2, 0, 1, 0, 1, 1, 2, 1, 3, 2, 2, 2, 2, 1, 1, 2, 1, 2, 2, 2, 1, 2, 1, 3, 1, 0, 1, 0, 2, 0, 2, 5, 2, 1, 1, 1, 2, 2, 1, 1, 1, 3, 1, 1, 1, 1, 0, 2, 2, 2, 1, 5, 2, 1, 3, 2, 2, 1, 0, 1, 1, 2, 1, 2, 0, 1, 1, 3, 4, 1, 0, 0, 2, 1, 3, 2, 1, 0, 0, 1, 2, 3, 0, 1, 1, 1, 1, 1, 1, 1, 2, 1, 0, 2, 3, 0, 1, 1, 0, 0, 1, 0, 2, 2, 1, 2, 1, 3, 1, 3, 1, 2, 2, 0, 4, 1, 1, 1, 4, 2, 0, 1, 1, 4, 2, 1, 3, 2, 1, 2, 1, 2, 1, 0, 0, 1, 2, 3, 2, 2, 2, 1, 1, 2, 1, 1, 2, 2, 5, 0, 1, 1, 3, 1, 3, 0, 5, 1, 1, 3, 0, 2, 2, 3, 2, 0, 3, 4, 4, 3, 1, 2, 0, 4, 2, 1, 5, 1, 4, 0, 4, 1, 1, 1, 2, 1, 0, 3, 1, 0, 4, 1, 1, 1, 1, 1, 1, 1, 0, 2, 2, 0, 3, 2, 3, 0, 3, 0, 4, 1, 2, 2, 4, 1, 1, 0, 2, 1, 1, 3, 0, 2, 0, 1, 1, 0, 3, 3, 2, 2, 0, 1, 2, 2, 0, 1, 3, 0, 2, 4, 2, 3, 1, 1, 1, 0, 1, 0, 3, 1, 1, 1, 1, 2, 2, 0, 1, 2, 0, 1, 1, 0, 2, 1, 3, 2, 2, 0, 5, 1, 2, 1, 3, 1, 5, 2, 2, 1, 1, 0, 2, 0, 0, 0, 0, 0, 1, 1, 1, 2, 2, 0, 2, 0, 0, 1, 1, 1, 0, 1, 1, 2, 2, 0, 2, 2, 1, 2, 1, 2, 0, 0, 0, 1, 1, 1, 5, 1, 1, 1, 0, 1, 1, 3, 1, 0, 1, 1, 0, 2, 0, 2, 3, 3, 3, 3, 0, 0, 1, 1, 4, 3, 0, 2, 4, 0, 2, 0, 0, 0, 1, 2, 1, 1, 3, 0, 2, 2, 1, 3, 5, 1, 2, 1, 1, 2, 0, 0, 1, 2, 1, 1, 2, 0, 1, 3, 2, 1, 1, 0, 2, 1, 3, 0, 2, 3, 2, 1, 3, 2, 1, 2, 1, 0, 1, 0, 2, 1, 4, 5, 2, 1, 0, 0, 2, 0, 3, 2, 5, 2, 1, 1, 1, 1, 2, 2, 3, 1]

Mean:1.464
Median:1.0
Mode:1
Seed:785


Seeds:
[679, 426, 106, 305, 215, 177, 868, 378, 889, 900, 748, 983, 624, 596, 117, 680, 68, 110, 292, 109, 603, 457, 306, 436, 370, 327, 124, 988, 904, 785]

Means:
[3.742, 3.172, 0.138, 3.402, 0.752, 6.012, 14.444, 0.578, 3.686, 1.056, 0.29, 0.936, 13.994, 1.566, 14.534, 0.062, 0.248, 19.532, 0.536, 0.286, 4, 4.054, 0.148, 0.128, 4.226, 0.388, 0.464, 0.086, 14.47, 1.464]

Medians:
[3.0, 2.0, 0.0, 3.0, 0.0, 4.0, 14.0, 0.0, 2.0, 1.0, 0.0, 1.0, 14.0, 1.0, 14.0, 0.0, 0.0, 19.0, 0.0, 0.0, 3.0, 3.0, 0.0, 0.0, 3.0, 0.0, 0.0, 0.0, 14.0, 1.0]

Modes:
[0, 0, 0, 0, 0, 1, 14, 0, 0, 1, 0, 1, 14, 0, 14, 0, 0, 17, 0, 0, 0, 0, 0, 0, 0, 0, 0, 0, 14, 1]


Top Level Results:
Mean:3.946466666666667
Median:1.0
Mode:0



