[15, 14, 14, 16, 14, 14, 14, 15, 15, 15, 14, 15, 14, 14, 15, 14, 14, 14, 14, 14, 15, 15, 15, 15, 14, 15, 14, 14, 14, 15, 14, 14, 14, 16, 14, 14, 15, 15, 16, 15, 14, 14, 15, 15, 14, 16, 14, 15, 14, 14, 14, 14, 14, 14, 15, 14, 15, 14, 14, 14, 14, 14, 14, 15, 15, 14, 14, 14, 14, 14, 14, 14, 14, 15, 14, 15, 14, 14, 14, 15, 14, 14, 14, 16, 14, 14, 15, 14, 14, 15, 14, 14, 14, 14, 14, 14, 14, 15, 14, 14, 14, 14, 14, 14, 14, 14, 15, 14, 15, 14, 14, 14, 14, 14, 14, 14, 14, 14, 15, 15, 14, 14, 14, 15, 16, 14, 14, 14, 15, 15, 15, 16, 16, 15, 14, 15, 14, 14, 14, 14, 14, 16, 15, 15, 15, 15, 15, 14, 14, 14, 18, 17, 15, 14, 14, 14, 14, 15, 14, 16, 14, 14, 14, 15, 14, 14, 14, 14, 16, 15, 14, 14, 14, 14, 14, 15, 14, 14, 15, 15, 14, 14, 14, 15, 14, 14, 16, 14, 15, 16, 15, 15, 14, 14, 15, 14, 14, 15, 14, 14, 15, 14, 15, 14, 14, 14, 15, 15, 15, 16, 14, 14, 15, 14, 14, 14, 16, 14, 14, 16, 14, 14, 15, 15, 14, 14, 14, 15, 14, 14, 14, 14, 14, 14, 14, 16, 14, 14, 14, 16, 14, 15, 14, 14, 14, 14, 15, 14, 14, 14, 15, 14, 14, 14, 14, 16, 14, 14, 14, 14, 16, 14, 14, 14, 14, 16, 14, 16, 14, 14, 15, 14, 14, 15, 16, 15, 14, 14, 14, 16, 16, 14, 15, 14, 14, 14, 15, 16, 14, 14, 15, 14, 16, 14, 14, 14, 14, 15, 15, 16, 14, 14, 14, 14, 15, 14, 14, 14, 14, 14, 14, 15, 14, 14, 14, 14, 14, 14, 14, 14, 14, 14, 15, 14, 14, 15, 14, 15, 14, 14, 14, 14, 14, 15, 14, 15, 14, 14, 15, 15, 14, 15, 14, 15, 14, 14, 15, 14, 14, 15, 15, 16, 14, 15, 14, 14, 14, 14, 15, 14, 14, 15, 14, 14, 15, 14, 14, 15, 16, 14, 16, 15, 14, 16, 14, 14, 14, 14, 14, 15, 15, 14, 14, 14, 15, 14, 14, 14, 14, 14, 14, 15, 14, 14, 15, 14, 14, 14, 14, 14, 14, 14, 14, 14, 17, 14, 14, 14, 15, 14, 14, 14, 15, 14, 15, 15, 15, 15, 14, 14, 14, 15, 15, 15, 15, 14, 15, 14, 15, 14, 16, 15, 15, 15, 14, 15, 15, 14, 14, 14, 14, 16, 16, 15, 14, 14, 16, 14, 15, 14, 15, 14, 14, 14, 14, 15, 15, 14, 14, 14, 14, 15, 15, 15, 14, 15, 15, 16, 14, 14, 14, 16, 15, 14, 15, 15, 14, 15, 15, 15, 14, 15, 14, 14, 14, 14, 14, 15, 15, 14, 14, 15, 14, 16, 14, 14, 14, 15, 14, 14]

Mean:14.454
Median:14.0
Mode:14
Seed:46


[1, 0, 0, 0, 0, 0, 0, 0, 1, 0, 0, 0, 0, 1, 0, 1, 0, 0, 0, 0, 0, 0, 1, 0, 0, 0, 0, 1, 1, 0, 0, 0, 0, 3, 0, 0, 0, 0, 0, 1, 1, 0, 0, 3, 0, 0, 0, 0, 0, 0, 0, 0, 0, 0, 0, 0, 1, 0, 0, 0, 0, 0, 0, 0, 1, 1, 1, 0, 0, 1, 0, 0, 2, 0, 0, 1, 1, 0, 1, 0, 0, 0, 0, 2, 0, 2, 2, 0, 0, 0, 0, 0, 0, 0, 0, 0, 0, 1, 0, 0, 0, 0, 0, 0, 0, 1, 0, 0, 0, 1, 0, 0, 1, 0, 0, 0, 0, 4, 0, 1, 0, 0, 0, 0, 0, 0, 0, 0, 1, 0, 1, 0, 0, 0, 0, 0, 1, 0, 0, 0, 1, 0, 0, 1, 0, 1, 0, 1, 1, 0, 0, 0, 0, 0, 0, 0, 0, 0, 1, 0, 0, 0, 0, 0, 1, 0, 0, 0, 0, 1, 0, 0, 0, 0, 0, 0, 1, 0, 0, 0, 0, 0, 0, 0, 0, 1, 0, 1, 0, 0, 2, 0, 0, 0, 0, 0, 0, 0, 1, 0, 1, 0, 0, 0, 1, 0, 0, 0, 0, 0, 0, 0, 0, 0, 0, 2, 0, 0, 0, 1, 0, 2, 1, 1, 0, 0, 3, 0, 0, 2, 0, 0, 1, 2, 0, 0, 0, 1, 0, 0, 1, 2, 0, 0, 0, 1, 0, 1, 0, 0, 0, 1, 0, 0, 0, 0, 0, 0, 2, 0, 0, 0, 0, 0, 0, 3, 3, 0, 1, 0, 0, 1, 0, 0, 0, 1, 0, 2, 0, 0, 0, 0, 0, 0, 1, 1, 0, 0, 0, 0, 2, 0, 0, 0, 0, 0, 0, 0, 0, 0, 1, 0, 0, 0, 0, 1, 0, 0, 0, 1, 0, 0, 0, 0, 0, 0, 0, 0, 0, 0, 0, 0, 1, 0, 2, 0, 0, 0, 0, 0, 0, 0, 0, 0, 0, 1, 0, 1, 0, 0, 0, 0, 0, 0, 1, 0, 0, 0, 1, 0, 0, 0, 0, 0, 0, 0, 0, 0, 1, 0, 0, 1, 0, 1, 1, 0, 0, 1, 0, 0, 0, 0, 1, 1, 1, 0, 1, 0, 0, 0, 0, 2, 1, 3, 2, 0, 0, 0, 0, 0, 0, 1, 0, 0, 0, 0, 1, 0, 0, 1, 0, 0, 0, 0, 0, 1, 0, 0, 0, 0, 0, 0, 0, 0, 0, 0, 0, 0, 0, 0, 1, 0, 0, 1, 1, 1, 0, 0, 0, 0, 1, 0, 1, 1, 0, 0, 0, 0, 1, 0, 0, 1, 1, 0, 0, 0, 1, 0, 0, 2, 0, 0, 0, 0, 0, 1, 0, 0, 0, 0, 0, 1, 0, 0, 0, 0, 1, 0, 0, 0, 1, 2, 0, 1, 1, 0, 0, 0, 1, 0, 0, 0, 0, 1, 0, 1, 0, 0, 0, 0, 0, 0, 0, 0, 0, 1, 0, 1, 0, 0]

Mean:0.31
Median:0.0
Mode:0
Seed:140


[0, 1, 0, 1, 0, 2, 1, 0, 0, 0, 0, 1, 1, 0, 1, 0, 0, 1, 0, 0, 1, 1, 0, 2, 0, 1, 0, 0, 0, 1, 1, 1, 0, 0, 0, 0, 0, 0, 0, 0, 0, 1, 0, 1, 1, 1, 0, 1, 0, 0, 0, 0, 1, 0, 2, 0, 1, 0, 0, 0, 1, 0, 0, 0, 0, 0, 1, 1, 0, 1, 0, 0, 0, 0, 0, 1, 0, 0, 0, 1, 1, 0, 0, 1, 1, 1, 0, 1, 0, 1, 1, 0, 0, 3, 0, 1, 1, 1, 0, 0, 0, 0, 1, 1, 1, 1, 0, 0, 0, 3, 1, 1, 0, 0, 1, 0, 0, 0, 1, 0, 2, 0, 1, 0, 0, 0, 0, 0, 0, 0, 1, 0, 1, 0, 0, 2, 0, 0, 0, 2, 0, 0, 0, 0, 1, 2, 1, 0, 1, 1, 0, 0, 0, 0, 0, 0, 0, 0, 0, 1, 2, 1, 0, 0, 2, 0, 1, 0, 0, 1, 1, 1, 0, 0, 0, 0, 0, 1, 0, 0, 0, 0, 0, 1, 0, 0, 0, 1, 0, 0, 0, 1, 1, 2, 0, 0, 0, 1, 0, 0, 0, 1, 1, 0, 0, 1, 0, 1, 0, 0, 0, 1, 0, 0, 0, 0, 1, 0, 0, 0, 2, 1, 1, 0, 1, 0, 0, 1, 0, 0, 0, 0, 0, 0, 0, 0, 1, 0, 1, 2, 2, 0, 0, 1, 2, 1, 0, 0, 0, 1, 1, 0, 0, 1, 0, 2, 1, 0, 0, 1, 1, 0, 1, 1, 1, 1, 0, 0, 0, 2, 1, 0, 0, 1, 2, 1, 0, 0, 0, 0, 1, 0, 1, 0, 2, 0, 1, 1, 0, 1, 2, 0, 1, 0, 2, 1, 1, 0, 1, 1, 0, 0, 0, 0, 0, 0, 0, 1, 0, 0, 0, 0, 0, 1, 0, 0, 1, 0, 0, 0, 1, 0, 0, 2, 0, 0, 0, 0, 0, 1, 0, 0, 0, 0, 1, 0, 1, 1, 0, 1, 0, 1, 0, 0, 2, 0, 0, 1, 1, 0, 0, 1, 0, 0, 1, 2, 0, 0, 0, 0, 1, 0, 0, 0, 0, 1, 1, 0, 0, 0, 0, 0, 0, 0, 0, 0, 0, 1, 1, 1, 1, 2, 0, 0, 0, 0, 0, 0, 0, 0, 1, 1, 0, 1, 0, 1, 0, 0, 1, 0, 0, 0, 0, 0, 0, 0, 0, 0, 1, 0, 0, 2, 1, 2, 0, 0, 0, 0, 2, 0, 1, 1, 0, 1, 1, 0, 0, 0, 0, 0, 0, 0, 0, 0, 0, 2, 0, 0, 1, 0, 2, 2, 0, 1, 2, 1, 0, 0, 1, 1, 1, 1, 0, 1, 1, 1, 1, 0, 0, 0, 0, 0, 0, 0, 0, 0, 1, 0, 0, 0, 0, 1, 0, 0, 1, 1, 1, 1, 0, 1, 0, 1, 0, 0, 0, 0, 1, 0, 0, 0, 0, 0, 0, 0, 1, 0, 0, 2, 0, 0]

Mean:0.446
Median:0.0
Mode:0
Seed:131


[1, 2, 0, 1, 1, 2, 1, 1, 2, 1, 1, 1, 0, 2, 1, 0, 1, 1, 1, 1, 1, 1, 1, 0, 1, 0, 0, 0, 4, 4, 0, 3, 2, 2, 0, 1, 0, 1, 0, 1, 1, 2, 3, 0, 1, 2, 0, 1, 1, 0, 1, 1, 1, 0, 0, 2, 0, 1, 1, 1, 0, 0, 1, 2, 0, 0, 1, 2, 0, 0, 1, 0, 1, 1, 4, 2, 0, 1, 1, 1, 0, 1, 2, 1, 0, 1, 1, 0, 1, 1, 1, 2, 0, 1, 1, 0, 2, 1, 0, 1, 0, 0, 0, 1, 1, 0, 0, 0, 2, 2, 1, 1, 2, 1, 1, 2, 0, 1, 1, 1, 3, 1, 2, 1, 2, 0, 1, 2, 1, 1, 0, 2, 0, 1, 1, 1, 1, 0, 0, 2, 2, 0, 2, 1, 0, 0, 2, 1, 1, 2, 0, 1, 0, 2, 0, 0, 0, 0, 1, 0, 3, 2, 1, 1, 0, 1, 0, 0, 1, 2, 1, 1, 2, 1, 0, 0, 0, 1, 0, 1, 0, 2, 0, 1, 1, 0, 2, 2, 1, 0, 2, 0, 2, 0, 1, 3, 1, 0, 0, 1, 0, 1, 0, 0, 1, 1, 0, 1, 0, 0, 0, 0, 0, 0, 1, 0, 0, 1, 1, 1, 2, 1, 6, 1, 0, 3, 0, 3, 1, 1, 0, 2, 1, 0, 2, 0, 3, 2, 2, 0, 2, 2, 2, 1, 0, 0, 1, 0, 2, 1, 2, 1, 0, 1, 0, 3, 1, 3, 1, 1, 1, 3, 2, 2, 2, 2, 2, 1, 2, 0, 2, 0, 1, 1, 3, 1, 1, 0, 1, 1, 0, 2, 1, 2, 1, 1, 1, 0, 1, 1, 0, 2, 1, 1, 1, 0, 1, 1, 0, 0, 2, 0, 1, 1, 0, 1, 0, 3, 1, 3, 0, 0, 1, 2, 0, 1, 1, 1, 2, 1, 2, 2, 0, 1, 1, 2, 0, 1, 0, 1, 1, 1, 0, 1, 0, 2, 3, 3, 1, 1, 1, 1, 0, 0, 0, 0, 2, 0, 2, 0, 5, 2, 0, 2, 1, 0, 1, 2, 1, 0, 1, 0, 0, 1, 2, 2, 1, 3, 1, 0, 1, 3, 1, 1, 0, 1, 0, 4, 1, 1, 0, 1, 3, 2, 1, 1, 1, 0, 2, 1, 2, 3, 1, 0, 0, 2, 2, 2, 0, 0, 0, 1, 1, 3, 0, 1, 2, 1, 1, 2, 1, 0, 1, 0, 0, 1, 0, 1, 2, 1, 1, 1, 0, 1, 1, 1, 0, 0, 1, 1, 2, 1, 1, 1, 0, 1, 0, 0, 1, 2, 2, 1, 0, 0, 1, 0, 0, 2, 1, 1, 0, 1, 2, 0, 2, 1, 0, 1, 3, 2, 0, 3, 0, 0, 0, 0, 0, 2, 1, 0, 3, 1, 1, 1, 1, 1, 2, 2, 2, 1, 1, 1, 0, 1, 1, 0, 2, 0, 2, 0, 1, 3, 2, 0, 0, 1, 2, 0, 1, 1]

Mean:1.004
Median:1.0
Mode:1
Seed:537


[0, 0, 1, 0, 0, 1, 0, 1, 0, 1, 0, 1, 0, 0, 0, 0, 0, 0, 1, 0, 0, 1, 0, 0, 1, 1, 1, 1, 0, 0, 1, 1, 0, 0, 0, 1, 0, 0, 0, 0, 0, 1, 0, 0, 0, 0, 0, 0, 0, 1, 0, 0, 0, 0, 0, 0, 0, 0, 0, 0, 0, 0, 0, 0, 0, 1, 0, 0, 0, 0, 0, 0, 0, 0, 2, 0, 0, 0, 0, 0, 0, 0, 2, 0, 0, 0, 0, 0, 0, 1, 0, 1, 1, 0, 0, 0, 2, 1, 0, 0, 0, 1, 0, 0, 0, 0, 1, 1, 1, 0, 0, 0, 0, 0, 0, 0, 0, 0, 0, 0, 0, 0, 0, 0, 1, 0, 1, 0, 0, 0, 1, 0, 0, 0, 1, 0, 0, 0, 0, 0, 0, 0, 1, 0, 1, 0, 1, 0, 0, 0, 0, 0, 0, 0, 0, 0, 0, 0, 0, 0, 1, 0, 0, 0, 0, 0, 0, 0, 0, 0, 0, 0, 2, 1, 0, 0, 0, 0, 1, 0, 0, 0, 0, 0, 0, 0, 0, 0, 0, 0, 0, 0, 1, 0, 0, 0, 0, 0, 0, 1, 0, 0, 2, 0, 0, 0, 0, 0, 1, 2, 0, 0, 0, 0, 0, 0, 0, 1, 0, 0, 0, 0, 0, 0, 0, 1, 0, 0, 0, 0, 0, 0, 0, 2, 0, 0, 0, 0, 0, 1, 0, 0, 0, 0, 0, 0, 0, 0, 0, 1, 0, 0, 0, 0, 1, 0, 0, 0, 0, 0, 0, 0, 0, 0, 0, 1, 1, 0, 0, 0, 0, 0, 0, 1, 0, 2, 0, 0, 0, 0, 0, 0, 1, 0, 0, 2, 0, 0, 0, 0, 0, 0, 1, 0, 0, 0, 1, 2, 2, 0, 1, 0, 1, 1, 0, 0, 1, 0, 0, 0, 1, 0, 0, 0, 0, 1, 1, 0, 0, 0, 0, 0, 0, 0, 0, 0, 0, 0, 1, 0, 1, 0, 1, 0, 1, 0, 0, 0, 0, 0, 0, 0, 0, 0, 0, 0, 0, 0, 0, 1, 0, 1, 1, 0, 0, 0, 0, 0, 1, 0, 0, 0, 0, 0, 0, 0, 0, 0, 1, 1, 0, 0, 0, 0, 0, 0, 2, 0, 0, 0, 0, 0, 0, 0, 0, 0, 0, 0, 1, 0, 2, 0, 0, 0, 0, 1, 0, 3, 2, 1, 1, 0, 0, 1, 0, 0, 0, 0, 0, 0, 0, 0, 1, 0, 0, 0, 1, 0, 0, 0, 1, 0, 0, 0, 1, 0, 0, 0, 0, 0, 0, 1, 0, 0, 0, 0, 1, 0, 1, 0, 0, 0, 0, 1, 0, 0, 0, 0, 0, 0, 0, 1, 1, 0, 1, 0, 0, 0, 1, 0, 0, 0, 1, 0, 0, 1, 0, 2, 0, 0, 0, 0, 1, 0, 0, 0, 0, 0, 0, 0, 0, 0, 1, 0, 0, 0, 0, 0, 0, 0, 0, 0, 0, 0, 0, 0, 1, 0, 0, 0]

Mean:0.242
Median:0.0
Mode:0
Seed:485


[0, 0, 0, 0, 3, 0, 0, 0, 1, 0, 0, 0, 0, 1, 1, 1, 0, 0, 0, 0, 0, 1, 1, 0, 0, 0, 2, 0, 1, 0, 0, 0, 0, 0, 0, 0, 0, 1, 2, 0, 1, 0, 0, 0, 0, 1, 0, 0, 0, 0, 0, 1, 1, 0, 0, 1, 0, 1, 1, 0, 0, 0, 0, 0, 1, 1, 0, 0, 0, 1, 0, 0, 1, 0, 1, 0, 1, 0, 0, 0, 1, 0, 0, 0, 1, 1, 1, 2, 0, 0, 1, 0, 0, 0, 1, 1, 1, 0, 0, 0, 1, 2, 1, 0, 0, 0, 1, 0, 0, 1, 1, 0, 0, 0, 1, 1, 1, 1, 0, 1, 0, 0, 2, 0, 1, 0, 2, 1, 0, 0, 0, 1, 2, 1, 1, 0, 0, 0, 0, 1, 1, 0, 0, 0, 1, 0, 0, 0, 1, 0, 2, 1, 0, 0, 1, 0, 0, 0, 0, 1, 1, 0, 2, 0, 1, 0, 0, 1, 0, 1, 0, 1, 1, 0, 1, 0, 0, 1, 0, 1, 0, 1, 0, 0, 0, 0, 1, 0, 0, 1, 0, 1, 0, 0, 1, 0, 2, 1, 0, 0, 0, 0, 0, 1, 0, 1, 0, 0, 1, 0, 0, 0, 1, 2, 0, 0, 1, 1, 2, 0, 0, 2, 0, 1, 0, 0, 1, 1, 0, 1, 1, 1, 0, 0, 0, 0, 1, 0, 0, 1, 0, 2, 0, 0, 0, 1, 1, 2, 0, 0, 1, 0, 0, 0, 0, 1, 0, 0, 1, 0, 0, 1, 0, 0, 0, 0, 0, 0, 0, 0, 1, 0, 0, 1, 0, 0, 0, 0, 1, 0, 0, 2, 0, 0, 0, 1, 2, 0, 1, 0, 1, 0, 0, 0, 0, 2, 0, 0, 0, 0, 0, 2, 0, 0, 0, 0, 1, 0, 0, 0, 1, 0, 2, 0, 1, 1, 1, 1, 2, 0, 0, 0, 1, 0, 0, 1, 0, 0, 0, 0, 0, 0, 0, 0, 0, 0, 0, 0, 0, 0, 0, 0, 1, 0, 0, 0, 0, 1, 0, 0, 0, 1, 0, 1, 0, 0, 0, 1, 1, 0, 1, 0, 0, 2, 0, 0, 1, 0, 1, 0, 0, 0, 1, 0, 0, 0, 1, 1, 0, 0, 1, 1, 0, 1, 0, 0, 2, 0, 0, 1, 1, 0, 1, 0, 1, 0, 1, 0, 1, 1, 0, 1, 0, 0, 0, 0, 2, 0, 0, 0, 0, 0, 0, 0, 1, 0, 0, 0, 2, 0, 1, 1, 0, 0, 0, 1, 0, 1, 0, 0, 1, 1, 1, 2, 1, 0, 0, 0, 1, 0, 1, 0, 0, 0, 0, 1, 0, 1, 0, 0, 0, 1, 0, 0, 0, 0, 0, 0, 0, 0, 1, 0, 0, 0, 0, 0, 0, 2, 0, 0, 0, 1, 1, 0, 0, 0, 1, 0, 1, 0, 0, 0, 3, 1, 1, 0, 1, 0, 0, 1, 0, 0, 0, 1, 0, 0, 0, 1, 0, 1]

Mean:0.418
Median:0.0
Mode:0
Seed:125


[0, 0, 1, 1, 1, 2, 0, 2, 0, 2, 1, 1, 3, 1, 1, 3, 1, 1, 0, 0, 0, 0, 1, 0, 0, 1, 1, 1, 1, 1, 2, 2, 2, 5, 0, 0, 1, 1, 0, 1, 3, 0, 1, 1, 0, 1, 1, 4, 0, 1, 0, 0, 0, 1, 3, 3, 2, 0, 1, 1, 2, 0, 0, 0, 2, 1, 4, 1, 5, 1, 2, 0, 2, 1, 4, 3, 0, 2, 3, 1, 1, 7, 5, 0, 0, 10, 0, 4, 0, 4, 3, 1, 0, 1, 1, 0, 1, 1, 1, 2, 0, 0, 0, 1, 2, 3, 2, 1, 2, 1, 0, 0, 1, 2, 0, 2, 3, 1, 1, 3, 0, 0, 2, 0, 4, 0, 1, 5, 1, 1, 2, 5, 0, 7, 1, 2, 0, 0, 0, 0, 0, 7, 1, 4, 0, 2, 7, 0, 0, 0, 6, 0, 2, 3, 1, 1, 5, 1, 0, 1, 7, 1, 1, 0, 7, 5, 2, 2, 2, 1, 0, 0, 6, 4, 3, 2, 0, 3, 2, 1, 1, 5, 5, 0, 3, 0, 2, 0, 1, 4, 1, 1, 3, 0, 0, 2, 0, 1, 5, 1, 1, 3, 3, 0, 0, 0, 0, 2, 2, 0, 2, 0, 0, 8, 1, 0, 1, 1, 1, 3, 1, 0, 2, 7, 0, 0, 0, 0, 3, 4, 1, 1, 1, 2, 0, 0, 0, 2, 1, 1, 1, 0, 2, 3, 6, 1, 1, 0, 1, 2, 0, 0, 2, 6, 1, 2, 1, 2, 4, 1, 2, 1, 4, 2, 2, 1, 1, 0, 0, 4, 0, 1, 1, 0, 1, 0, 0, 0, 0, 0, 1, 2, 2, 2, 1, 0, 1, 3, 1, 1, 1, 2, 0, 0, 0, 0, 6, 1, 1, 1, 1, 1, 1, 1, 6, 0, 1, 0, 1, 10, 0, 1, 4, 1, 7, 0, 0, 2, 0, 1, 3, 3, 1, 5, 2, 0, 1, 1, 5, 3, 0, 3, 1, 4, 2, 0, 1, 1, 7, 3, 0, 0, 0, 12, 3, 0, 3, 0, 0, 6, 0, 1, 1, 1, 0, 2, 0, 2, 2, 0, 5, 3, 0, 1, 5, 5, 0, 3, 3, 0, 1, 2, 0, 3, 0, 1, 0, 2, 0, 11, 0, 0, 4, 6, 0, 4, 1, 0, 1, 0, 1, 0, 1, 4, 1, 9, 2, 0, 0, 0, 0, 0, 1, 1, 0, 1, 0, 0, 0, 0, 0, 0, 4, 0, 4, 0, 1, 1, 3, 1, 0, 4, 1, 2, 1, 0, 0, 2, 0, 9, 0, 3, 2, 0, 1, 0, 6, 0, 2, 0, 1, 1, 2, 1, 2, 1, 7, 1, 0, 4, 3, 2, 1, 0, 0, 0, 3, 1, 4, 0, 1, 1, 6, 0, 3, 0, 0, 2, 1, 1, 5, 1, 1, 6, 0, 0, 0, 2, 2, 1, 0, 0, 0, 3, 1, 0, 0, 2, 3, 2, 1, 8, 0, 3, 0, 4, 1, 2, 1, 1]

Mean:1.604
Median:1.0
Mode:0
Seed:126


[0, 0, 0, 0, 0, 0, 1, 1, 1, 0, 0, 0, 0, 0, 0, 0, 0, 0, 0, 0, 1, 0, 0, 0, 0, 0, 0, 0, 0, 0, 0, 0, 1, 1, 0, 1, 1, 0, 0, 0, 0, 0, 0, 0, 0, 0, 0, 1, 0, 0, 1, 0, 0, 2, 0, 1, 0, 0, 0, 0, 0, 1, 0, 0, 1, 0, 0, 0, 0, 1, 1, 0, 0, 0, 1, 1, 1, 0, 0, 0, 0, 0, 0, 0, 0, 0, 0, 1, 0, 1, 0, 0, 0, 0, 1, 0, 0, 1, 1, 0, 0, 0, 1, 0, 1, 0, 0, 0, 0, 0, 0, 0, 0, 1, 0, 0, 0, 1, 0, 0, 1, 0, 0, 0, 0, 0, 0, 0, 0, 0, 0, 0, 0, 0, 0, 0, 0, 1, 0, 1, 0, 0, 0, 0, 0, 1, 0, 0, 0, 0, 1, 2, 1, 0, 0, 0, 1, 2, 0, 0, 0, 0, 0, 0, 0, 0, 0, 0, 0, 1, 0, 0, 0, 0, 0, 0, 1, 0, 0, 1, 0, 0, 0, 0, 0, 0, 1, 2, 0, 0, 0, 1, 1, 1, 0, 0, 0, 1, 0, 0, 1, 1, 1, 1, 0, 0, 0, 0, 0, 0, 0, 0, 1, 0, 2, 1, 0, 0, 0, 0, 0, 0, 0, 1, 0, 0, 1, 0, 0, 0, 0, 0, 0, 0, 1, 0, 1, 0, 0, 0, 2, 0, 0, 0, 1, 0, 0, 0, 0, 0, 0, 0, 0, 1, 0, 2, 0, 1, 0, 0, 0, 0, 0, 0, 0, 0, 0, 0, 1, 0, 2, 1, 1, 0, 0, 0, 0, 1, 0, 1, 0, 3, 1, 0, 0, 1, 1, 0, 2, 0, 2, 1, 1, 0, 0, 0, 0, 0, 0, 0, 1, 0, 0, 0, 0, 0, 1, 0, 0, 0, 0, 1, 0, 0, 1, 1, 0, 0, 0, 0, 0, 0, 0, 0, 0, 0, 0, 0, 0, 0, 0, 0, 0, 0, 0, 1, 1, 0, 0, 3, 0, 0, 1, 0, 0, 0, 0, 0, 0, 0, 0, 0, 0, 0, 1, 0, 1, 1, 1, 0, 0, 1, 1, 0, 1, 1, 0, 0, 0, 0, 1, 0, 0, 0, 1, 0, 1, 0, 1, 0, 0, 1, 1, 0, 0, 0, 0, 0, 1, 0, 0, 0, 0, 2, 1, 1, 0, 1, 0, 0, 0, 0, 0, 0, 0, 0, 0, 0, 1, 0, 0, 0, 0, 0, 1, 1, 0, 0, 1, 0, 0, 0, 0, 0, 1, 0, 0, 0, 0, 2, 0, 0, 0, 0, 1, 2, 0, 0, 0, 0, 0, 1, 0, 0, 0, 0, 0, 1, 0, 0, 0, 0, 0, 0, 0, 0, 0, 1, 0, 0, 0, 0, 1, 0, 0, 0, 1, 0, 0, 0, 0, 0, 0, 0, 0, 0, 0, 0, 0, 0, 0, 0, 0, 0, 0, 0, 0, 0, 0, 1, 0, 0, 0, 0, 0, 0, 0, 1, 0, 0]

Mean:0.272
Median:0.0
Mode:0
Seed:308


[0, 0, 5, 0, 1, 1, 3, 0, 0, 1, 4, 0, 0, 0, 1, 0, 5, 2, 0, 2, 3, 1, 0, 3, 1, 5, 2, 1, 2, 1, 10, 9, 2, 9, 1, 1, 2, 0, 4, 0, 6, 4, 0, 1, 1, 1, 3, 2, 11, 0, 4, 3, 2, 0, 5, 1, 6, 0, 3, 0, 1, 3, 2, 9, 1, 7, 0, 1, 0, 3, 0, 2, 1, 2, 4, 0, 2, 0, 3, 9, 0, 6, 2, 0, 1, 0, 5, 0, 0, 2, 1, 0, 4, 1, 3, 6, 2, 1, 3, 0, 0, 1, 4, 4, 0, 1, 0, 2, 5, 2, 1, 0, 0, 1, 1, 0, 2, 1, 1, 4, 0, 3, 2, 2, 0, 5, 0, 6, 0, 2, 3, 2, 9, 6, 1, 0, 0, 1, 1, 4, 0, 1, 3, 2, 2, 2, 7, 7, 1, 7, 4, 0, 2, 1, 1, 0, 5, 1, 0, 4, 3, 2, 0, 0, 3, 0, 2, 5, 3, 5, 2, 3, 0, 2, 2, 6, 0, 0, 1, 3, 2, 2, 0, 0, 4, 3, 7, 1, 1, 0, 0, 3, 4, 0, 11, 1, 8, 1, 9, 1, 1, 1, 3, 1, 1, 0, 9, 1, 1, 0, 7, 4, 1, 0, 3, 2, 2, 0, 2, 1, 2, 1, 1, 3, 0, 5, 1, 5, 0, 2, 6, 2, 0, 3, 0, 0, 0, 0, 4, 9, 0, 1, 3, 0, 9, 5, 5, 1, 1, 4, 2, 3, 4, 0, 2, 0, 7, 0, 0, 9, 3, 2, 0, 0, 1, 4, 0, 1, 2, 4, 0, 2, 3, 0, 0, 2, 4, 1, 1, 1, 4, 6, 1, 3, 1, 2, 2, 7, 1, 1, 1, 5, 1, 4, 0, 3, 2, 5, 1, 5, 8, 0, 6, 2, 0, 6, 2, 0, 1, 0, 0, 1, 0, 0, 4, 0, 0, 5, 0, 2, 0, 3, 6, 2, 10, 0, 0, 1, 6, 9, 0, 0, 10, 4, 0, 1, 3, 0, 0, 0, 2, 0, 0, 0, 0, 0, 2, 2, 1, 2, 2, 3, 2, 0, 4, 2, 1, 4, 0, 0, 1, 1, 4, 3, 0, 0, 1, 1, 1, 1, 1, 1, 3, 0, 3, 7, 1, 0, 5, 1, 0, 2, 1, 0, 4, 2, 3, 2, 1, 1, 0, 2, 1, 1, 1, 5, 0, 0, 2, 0, 0, 1, 0, 4, 1, 0, 3, 2, 0, 3, 5, 3, 1, 8, 0, 1, 4, 0, 1, 6, 0, 1, 1, 0, 8, 3, 0, 2, 0, 0, 0, 0, 3, 0, 0, 5, 0, 2, 1, 0, 0, 6, 7, 2, 0, 2, 1, 1, 3, 0, 3, 9, 3, 5, 2, 0, 0, 3, 0, 0, 7, 2, 2, 0, 4, 4, 3, 0, 0, 11, 2, 4, 8, 4, 4, 3, 5, 11, 0, 2, 1, 1, 0, 1, 3, 4, 0, 3, 0, 3, 0, 9, 0, 4, 1, 0, 2, 4, 0, 6]

Mean:2.182
Median:1.0
Mode:0
Seed:686


[0, 1, 1, 0, 0, 1, 0, 0, 1, 0, 0, 0, 0, 0, 1, 0, 0, 2, 0, 0, 0, 0, 0, 0, 0, 1, 0, 1, 0, 1, 1, 0, 1, 1, 2, 1, 0, 3, 1, 0, 0, 1, 1, 0, 0, 0, 0, 0, 0, 2, 1, 1, 1, 0, 1, 0, 1, 0, 1, 1, 0, 0, 0, 0, 0, 0, 0, 0, 0, 0, 0, 1, 0, 0, 2, 1, 0, 0, 0, 0, 0, 0, 0, 0, 0, 0, 1, 0, 1, 0, 0, 0, 0, 0, 1, 0, 1, 1, 0, 0, 1, 0, 0, 2, 5, 0, 3, 0, 0, 1, 0, 0, 1, 1, 1, 0, 1, 0, 0, 0, 0, 0, 0, 0, 0, 1, 0, 1, 2, 1, 1, 0, 1, 0, 1, 1, 1, 0, 0, 0, 0, 0, 0, 0, 2, 0, 0, 0, 0, 0, 1, 0, 0, 0, 1, 1, 0, 0, 0, 0, 0, 0, 1, 0, 0, 1, 0, 0, 1, 0, 0, 0, 0, 3, 1, 0, 0, 0, 0, 0, 0, 0, 1, 0, 0, 0, 1, 0, 0, 0, 0, 0, 1, 0, 1, 0, 1, 0, 0, 0, 0, 0, 1, 1, 1, 1, 0, 0, 0, 0, 0, 0, 0, 0, 0, 1, 1, 1, 1, 0, 0, 1, 0, 1, 1, 1, 0, 2, 0, 0, 0, 0, 1, 0, 0, 0, 0, 0, 0, 0, 0, 0, 0, 0, 1, 0, 1, 1, 2, 0, 0, 1, 1, 1, 1, 0, 0, 0, 0, 2, 1, 0, 0, 0, 1, 1, 1, 0, 0, 0, 1, 0, 0, 0, 1, 0, 0, 0, 0, 0, 0, 0, 0, 2, 1, 0, 0, 1, 2, 0, 0, 0, 0, 0, 0, 1, 2, 2, 0, 0, 0, 1, 0, 0, 1, 1, 0, 0, 0, 0, 2, 1, 1, 0, 0, 0, 0, 0, 0, 0, 0, 2, 0, 0, 0, 0, 1, 0, 1, 0, 1, 1, 0, 0, 0, 1, 0, 0, 0, 0, 0, 0, 0, 0, 0, 0, 0, 0, 0, 2, 0, 1, 0, 0, 0, 0, 2, 1, 0, 0, 1, 0, 1, 0, 1, 1, 0, 1, 0, 1, 0, 0, 0, 0, 0, 1, 0, 0, 1, 0, 0, 0, 0, 0, 1, 1, 0, 2, 0, 0, 1, 0, 0, 0, 0, 0, 0, 0, 1, 0, 0, 0, 0, 0, 1, 0, 1, 1, 0, 0, 2, 1, 0, 1, 1, 1, 2, 0, 0, 0, 0, 0, 0, 0, 1, 0, 0, 0, 1, 1, 3, 0, 0, 1, 0, 0, 1, 1, 0, 0, 0, 2, 0, 1, 1, 0, 1, 0, 0, 0, 0, 0, 0, 0, 0, 0, 0, 0, 0, 0, 2, 0, 0, 1, 0, 1, 0, 2, 1, 2, 1, 0, 0, 0, 0, 0, 0, 2, 1, 3, 1, 0, 0, 0, 0, 0, 0, 0, 1, 0, 1, 1, 1, 1, 0, 0, 0, 0, 1, 0]

Mean:0.416
Median:0.0
Mode:0
Seed:260


[0, 0, 0, 0, 0, 0, 0, 0, 0, 0, 0, 0, 0, 1, 0, 0, 1, 0, 0, 1, 0, 0, 0, 0, 0, 0, 1, 0, 0, 0, 0, 0, 0, 0, 0, 0, 1, 0, 0, 0, 0, 0, 1, 0, 0, 0, 0, 0, 0, 0, 0, 0, 0, 0, 1, 0, 1, 3, 0, 0, 0, 0, 0, 0, 0, 0, 0, 0, 0, 0, 0, 1, 1, 0, 0, 0, 0, 0, 0, 1, 0, 0, 1, 0, 0, 0, 0, 1, 0, 0, 0, 0, 0, 0, 0, 0, 1, 0, 0, 0, 0, 0, 0, 0, 0, 0, 0, 0, 0, 1, 0, 0, 0, 0, 1, 1, 0, 0, 1, 0, 1, 1, 0, 0, 0, 0, 0, 0, 0, 0, 0, 0, 1, 1, 0, 1, 0, 1, 0, 0, 1, 0, 0, 1, 0, 0, 0, 1, 0, 1, 0, 0, 0, 1, 0, 1, 0, 0, 0, 0, 1, 0, 0, 0, 0, 1, 1, 0, 0, 1, 0, 0, 0, 0, 0, 1, 0, 0, 1, 0, 0, 0, 0, 2, 0, 0, 0, 0, 0, 0, 0, 1, 0, 0, 1, 1, 0, 0, 0, 0, 0, 1, 1, 0, 1, 0, 1, 1, 0, 0, 1, 0, 0, 0, 0, 1, 0, 0, 0, 0, 2, 0, 1, 0, 0, 0, 0, 0, 0, 0, 0, 0, 0, 1, 1, 0, 0, 1, 0, 0, 0, 0, 2, 1, 0, 0, 1, 0, 0, 2, 0, 1, 1, 1, 0, 0, 0, 0, 0, 0, 0, 0, 1, 1, 0, 1, 0, 1, 0, 1, 1, 1, 0, 0, 0, 0, 1, 0, 0, 0, 1, 1, 1, 0, 0, 0, 1, 0, 0, 0, 0, 1, 0, 0, 0, 0, 1, 0, 0, 0, 0, 0, 0, 0, 0, 0, 0, 1, 1, 1, 1, 1, 0, 0, 0, 1, 0, 1, 0, 2, 0, 0, 1, 0, 0, 0, 1, 1, 2, 1, 0, 0, 0, 0, 0, 0, 1, 0, 0, 0, 0, 0, 1, 0, 0, 0, 0, 1, 0, 0, 0, 0, 0, 0, 0, 0, 0, 0, 0, 0, 0, 0, 0, 0, 0, 0, 1, 0, 0, 0, 1, 0, 0, 0, 1, 0, 0, 0, 0, 0, 1, 0, 0, 0, 0, 0, 0, 0, 1, 2, 0, 1, 0, 1, 0, 0, 0, 0, 0, 0, 0, 1, 0, 0, 0, 1, 0, 0, 0, 0, 0, 1, 0, 0, 1, 0, 0, 1, 0, 0, 0, 1, 2, 0, 0, 0, 0, 0, 0, 0, 0, 0, 0, 0, 0, 0, 1, 0, 0, 0, 1, 0, 0, 2, 0, 0, 0, 0, 0, 0, 0, 0, 0, 0, 0, 1, 1, 0, 1, 0, 0, 0, 0, 1, 0, 0, 0, 0, 0, 2, 2, 1, 0, 0, 0, 1, 0, 0, 0, 0, 0, 0, 1, 0, 1, 0, 0, 1, 1, 1, 0, 0, 0, 0, 1, 0, 0, 0, 0, 0]

Mean:0.27
Median:0.0
Mode:0
Seed:661


[1, 6, 1, 1, 2, 7, 0, 2, 0, 1, 7, 10, 0, 6, 5, 5, 1, 4, 5, 2, 0, 8, 2, 1, 6, 1, 1, 4, 1, 1, 4, 0, 3, 6, 0, 10, 6, 8, 3, 1, 0, 1, 0, 5, 11, 0, 2, 2, 4, 10, 7, 8, 0, 4, 0, 3, 11, 4, 0, 2, 0, 4, 2, 8, 0, 0, 10, 1, 1, 2, 2, 0, 5, 6, 4, 8, 1, 0, 10, 2, 2, 10, 7, 4, 3, 5, 4, 9, 6, 8, 1, 10, 7, 2, 1, 10, 0, 2, 3, 1, 0, 1, 0, 3, 1, 0, 6, 0, 4, 10, 5, 1, 1, 8, 3, 4, 1, 3, 10, 10, 8, 2, 11, 0, 0, 2, 10, 8, 1, 2, 3, 10, 5, 3, 2, 3, 2, 8, 10, 1, 0, 1, 8, 2, 2, 8, 2, 0, 5, 8, 5, 0, 0, 10, 4, 10, 3, 1, 1, 5, 9, 7, 6, 4, 2, 6, 5, 3, 8, 7, 4, 9, 0, 10, 5, 7, 1, 0, 3, 0, 6, 3, 10, 2, 1, 9, 3, 0, 8, 6, 2, 5, 7, 7, 5, 0, 2, 9, 2, 2, 3, 2, 11, 3, 8, 4, 3, 6, 1, 2, 9, 11, 6, 10, 11, 10, 12, 8, 0, 0, 3, 7, 10, 3, 3, 0, 10, 0, 2, 10, 7, 4, 6, 0, 0, 1, 1, 0, 10, 10, 4, 10, 10, 0, 1, 1, 3, 7, 10, 0, 2, 4, 2, 8, 3, 1, 2, 0, 1, 6, 0, 1, 2, 1, 0, 3, 2, 3, 10, 9, 5, 5, 0, 0, 3, 3, 2, 11, 5, 8, 10, 4, 1, 5, 0, 1, 0, 9, 11, 7, 5, 0, 8, 5, 1, 7, 1, 2, 2, 0, 10, 2, 1, 11, 12, 11, 3, 4, 10, 2, 1, 11, 5, 5, 5, 10, 10, 0, 9, 4, 1, 3, 2, 11, 2, 8, 11, 2, 1, 0, 0, 4, 10, 5, 0, 0, 0, 2, 4, 4, 6, 3, 5, 11, 0, 2, 3, 2, 9, 2, 2, 7, 3, 11, 2, 0, 1, 0, 4, 3, 3, 2, 4, 0, 2, 9, 0, 10, 10, 4, 10, 1, 4, 7, 2, 5, 1, 1, 10, 10, 12, 1, 9, 12, 0, 5, 2, 4, 6, 10, 2, 11, 11, 6, 0, 0, 0, 5, 3, 10, 10, 6, 2, 10, 1, 0, 1, 3, 9, 0, 0, 1, 0, 2, 2, 5, 2, 10, 3, 1, 1, 1, 6, 2, 2, 10, 6, 1, 4, 2, 10, 3, 2, 5, 7, 5, 8, 7, 0, 6, 5, 10, 10, 10, 6, 0, 0, 1, 5, 4, 0, 7, 4, 1, 4, 0, 1, 3, 10, 7, 5, 2, 2, 4, 7, 5, 2, 10, 5, 4, 0, 1, 10, 0, 7, 7, 8, 10, 10, 2, 1, 3, 4, 1, 2, 1, 1, 3, 10, 2, 0, 10, 1, 2, 5, 6, 5, 3, 11, 4]

Mean:4.238
Median:3.0
Mode:0
Seed:980


[1, 5, 7, 0, 1, 6, 9, 4, 9, 11, 1, 0, 4, 9, 10, 2, 2, 5, 3, 4, 6, 7, 8, 5, 6, 4, 3, 2, 11, 2, 0, 1, 7, 1, 10, 0, 0, 2, 2, 1, 0, 2, 0, 9, 4, 2, 2, 11, 1, 5, 3, 6, 1, 10, 2, 3, 0, 1, 0, 2, 10, 2, 4, 10, 9, 10, 5, 0, 0, 5, 2, 1, 6, 7, 0, 5, 0, 3, 0, 5, 0, 1, 10, 3, 5, 12, 5, 2, 1, 7, 4, 0, 0, 10, 1, 2, 0, 5, 8, 4, 1, 3, 8, 5, 0, 1, 4, 1, 10, 6, 0, 0, 0, 5, 0, 2, 0, 1, 10, 3, 4, 4, 4, 3, 2, 4, 1, 8, 3, 11, 4, 6, 2, 10, 1, 6, 1, 4, 0, 0, 5, 0, 1, 0, 2, 1, 7, 0, 1, 10, 5, 0, 10, 6, 0, 1, 1, 6, 1, 2, 11, 12, 2, 0, 4, 10, 4, 1, 5, 5, 1, 4, 0, 1, 0, 5, 10, 7, 3, 10, 7, 2, 5, 3, 7, 6, 6, 7, 1, 2, 2, 0, 3, 9, 10, 1, 7, 8, 7, 9, 0, 4, 3, 6, 3, 10, 5, 3, 0, 3, 3, 4, 4, 1, 3, 1, 11, 1, 2, 2, 6, 0, 3, 3, 1, 10, 12, 11, 9, 1, 10, 0, 8, 4, 9, 3, 1, 2, 7, 7, 0, 10, 6, 11, 3, 0, 0, 9, 3, 2, 5, 2, 1, 0, 10, 10, 5, 0, 4, 10, 7, 11, 1, 3, 6, 2, 5, 8, 2, 7, 6, 5, 12, 10, 0, 1, 2, 5, 10, 4, 1, 3, 0, 2, 7, 0, 2, 1, 8, 2, 4, 4, 10, 1, 8, 3, 0, 0, 10, 1, 3, 4, 2, 1, 10, 6, 0, 0, 3, 4, 3, 9, 6, 2, 3, 10, 2, 0, 10, 4, 8, 4, 0, 3, 8, 10, 10, 2, 6, 8, 1, 1, 1, 5, 0, 0, 4, 0, 0, 0, 0, 1, 6, 1, 3, 8, 0, 4, 1, 2, 2, 9, 1, 3, 11, 3, 5, 7, 0, 1, 0, 3, 5, 1, 2, 2, 3, 5, 3, 10, 3, 10, 0, 5, 0, 5, 0, 4, 0, 2, 1, 4, 10, 3, 2, 2, 11, 5, 7, 6, 2, 1, 0, 5, 10, 2, 1, 3, 3, 8, 11, 5, 12, 6, 6, 1, 11, 10, 1, 7, 0, 4, 2, 10, 11, 7, 0, 5, 0, 5, 5, 8, 1, 0, 10, 9, 3, 4, 11, 4, 1, 5, 2, 4, 3, 5, 2, 5, 8, 2, 0, 11, 4, 4, 1, 4, 4, 5, 0, 2, 0, 1, 0, 0, 4, 11, 4, 3, 5, 4, 8, 1, 3, 7, 5, 0, 3, 4, 3, 0, 0, 11, 3, 6, 3, 3, 10, 11, 0, 3, 6, 10, 0, 4, 7, 3, 0, 9, 1, 7, 3, 5, 8, 0, 5, 1, 0, 9, 7, 10]

Mean:4.112
Median:3.0
Mode:0
Seed:947


[0, 0, 1, 1, 0, 1, 0, 0, 2, 1, 0, 1, 1, 1, 2, 1, 2, 1, 3, 0, 0, 2, 3, 0, 0, 1, 2, 0, 2, 0, 1, 0, 0, 0, 0, 3, 1, 3, 4, 3, 3, 1, 0, 0, 1, 2, 1, 0, 0, 4, 0, 0, 0, 0, 0, 1, 3, 0, 2, 2, 0, 1, 1, 1, 4, 0, 1, 0, 0, 1, 2, 1, 1, 1, 0, 4, 0, 0, 1, 0, 3, 0, 0, 0, 1, 1, 1, 1, 1, 3, 2, 2, 0, 1, 2, 1, 0, 0, 0, 0, 4, 0, 0, 0, 2, 0, 0, 0, 2, 0, 2, 0, 2, 2, 1, 1, 2, 1, 3, 0, 1, 0, 1, 1, 2, 2, 0, 0, 1, 1, 0, 1, 1, 0, 0, 1, 1, 1, 1, 1, 2, 1, 1, 1, 0, 0, 0, 1, 4, 1, 0, 2, 6, 0, 3, 3, 3, 1, 2, 0, 2, 0, 0, 1, 1, 0, 1, 0, 0, 1, 0, 3, 0, 3, 0, 2, 10, 2, 0, 0, 0, 3, 1, 1, 1, 0, 0, 2, 2, 0, 1, 3, 2, 0, 1, 1, 5, 1, 1, 7, 4, 0, 2, 3, 1, 2, 1, 2, 0, 3, 1, 0, 2, 2, 2, 1, 0, 0, 1, 0, 5, 1, 0, 2, 0, 3, 1, 1, 1, 1, 0, 0, 2, 3, 1, 2, 0, 2, 0, 0, 0, 1, 0, 0, 0, 0, 0, 1, 1, 2, 3, 0, 0, 0, 1, 1, 1, 7, 0, 0, 0, 0, 3, 2, 1, 0, 0, 0, 0, 4, 0, 0, 2, 3, 1, 0, 2, 0, 0, 5, 0, 3, 1, 0, 2, 1, 0, 1, 0, 1, 0, 0, 1, 1, 0, 4, 0, 1, 0, 0, 1, 0, 1, 1, 0, 0, 0, 1, 4, 0, 0, 1, 1, 1, 1, 1, 0, 1, 1, 0, 0, 6, 0, 0, 2, 1, 1, 0, 3, 3, 1, 2, 0, 0, 1, 2, 0, 2, 3, 1, 0, 1, 0, 0, 1, 0, 1, 1, 0, 0, 0, 0, 0, 0, 5, 0, 1, 0, 1, 1, 0, 0, 1, 2, 1, 0, 2, 1, 4, 0, 0, 0, 1, 0, 1, 1, 2, 1, 2, 0, 0, 0, 1, 1, 0, 3, 1, 1, 2, 1, 2, 1, 1, 0, 0, 0, 0, 0, 3, 1, 0, 3, 3, 0, 0, 0, 1, 2, 3, 3, 0, 2, 0, 2, 0, 8, 0, 4, 0, 1, 3, 1, 1, 0, 1, 0, 1, 0, 1, 2, 2, 1, 1, 1, 0, 2, 1, 1, 1, 2, 0, 1, 2, 0, 1, 0, 0, 2, 3, 1, 1, 1, 0, 0, 2, 0, 1, 0, 1, 1, 0, 1, 4, 1, 0, 2, 4, 2, 3, 0, 9, 2, 1, 0, 1, 2, 0, 0, 1, 2, 3, 0, 1, 3, 0, 1, 1, 0, 1, 0, 0, 1, 0, 0, 0, 1, 1, 0, 0, 0]

Mean:1.096
Median:1.0
Mode:0
Seed:723


[14, 14, 15, 14, 15, 14, 15, 14, 14, 17, 16, 14, 15, 14, 14, 14, 14, 14, 14, 15, 14, 15, 14, 14, 15, 15, 14, 14, 14, 14, 14, 14, 14, 15, 14, 14, 14, 14, 14, 15, 14, 16, 15, 14, 14, 15, 14, 14, 14, 14, 15, 14, 14, 14, 14, 14, 14, 14, 14, 14, 15, 15, 14, 16, 14, 14, 14, 14, 14, 14, 14, 15, 15, 15, 15, 14, 14, 15, 15, 14, 14, 15, 14, 14, 16, 14, 14, 14, 14, 14, 14, 14, 16, 14, 16, 14, 15, 14, 14, 14, 14, 15, 14, 15, 15, 15, 14, 14, 14, 14, 14, 16, 15, 16, 14, 15, 14, 15, 14, 15, 14, 14, 14, 16, 14, 16, 16, 14, 16, 14, 14, 15, 16, 16, 14, 14, 15, 16, 15, 14, 14, 14, 14, 14, 14, 14, 14, 16, 17, 14, 14, 14, 14, 14, 15, 14, 14, 14, 14, 15, 14, 14, 15, 15, 14, 15, 15, 15, 15, 14, 14, 14, 14, 14, 14, 14, 14, 15, 14, 14, 14, 15, 14, 14, 14, 15, 17, 14, 15, 14, 14, 14, 14, 14, 14, 14, 14, 14, 15, 14, 14, 15, 17, 14, 14, 14, 16, 17, 14, 15, 14, 14, 14, 14, 14, 16, 15, 15, 14, 14, 14, 14, 14, 14, 14, 15, 14, 15, 14, 14, 14, 15, 14, 14, 14, 14, 14, 14, 15, 14, 14, 14, 15, 15, 15, 14, 17, 16, 14, 16, 15, 15, 15, 14, 14, 14, 15, 14, 14, 14, 14, 14, 14, 15, 14, 15, 14, 14, 15, 14, 15, 14, 16, 15, 14, 14, 14, 15, 14, 14, 14, 14, 14, 14, 15, 14, 15, 16, 14, 14, 14, 15, 14, 14, 15, 15, 14, 14, 14, 15, 14, 14, 15, 15, 14, 15, 14, 16, 14, 14, 14, 17, 14, 14, 14, 14, 14, 17, 14, 14, 15, 14, 14, 14, 14, 14, 14, 15, 14, 14, 16, 14, 15, 15, 14, 14, 14, 16, 15, 14, 15, 14, 14, 14, 14, 14, 15, 15, 14, 14, 16, 14, 14, 14, 14, 17, 14, 15, 14, 16, 14, 16, 15, 16, 14, 15, 16, 17, 14, 17, 15, 15, 14, 15, 14, 14, 15, 15, 14, 14, 14, 14, 14, 14, 14, 14, 14, 15, 14, 14, 14, 14, 15, 14, 15, 14, 14, 14, 15, 14, 15, 15, 14, 14, 15, 15, 14, 14, 14, 15, 14, 14, 16, 14, 15, 15, 14, 14, 14, 16, 15, 14, 16, 14, 14, 15, 14, 14, 14, 14, 14, 14, 14, 14, 14, 14, 14, 15, 14, 14, 15, 15, 14, 14, 15, 14, 14, 14, 14, 14, 15, 14, 14, 15, 14, 15, 14, 15, 16, 14, 14, 14, 14, 14, 15, 14, 14, 14, 15, 15, 14, 15, 14, 14, 14, 15, 14, 14, 14, 14, 14, 14, 15, 14, 14, 14, 16, 14, 15, 15, 14, 14, 14, 14, 15, 16, 14, 15, 15, 14]

Mean:14.46
Median:14.0
Mode:14
Seed:429


[0, 0, 0, 0, 0, 0, 0, 0, 0, 0, 0, 0, 0, 1, 0, 0, 1, 0, 0, 1, 0, 0, 0, 0, 0, 0, 1, 0, 0, 0, 0, 0, 0, 0, 0, 0, 1, 0, 0, 0, 0, 0, 1, 0, 0, 0, 0, 0, 0, 0, 0, 0, 0, 0, 1, 0, 1, 3, 0, 0, 0, 0, 0, 0, 0, 0, 0, 0, 0, 0, 0, 1, 1, 0, 0, 0, 0, 0, 0, 1, 0, 0, 1, 0, 0, 0, 0, 1, 0, 0, 0, 0, 0, 0, 0, 0, 1, 0, 0, 0, 0, 0, 0, 0, 0, 0, 0, 0, 0, 1, 0, 0, 0, 0, 1, 1, 0, 0, 1, 0, 1, 1, 0, 0, 0, 0, 0, 0, 0, 0, 0, 0, 1, 1, 0, 1, 0, 1, 0, 0, 1, 0, 0, 1, 0, 0, 0, 1, 0, 1, 0, 0, 0, 1, 0, 1, 0, 0, 0, 0, 1, 0, 0, 0, 0, 1, 1, 0, 0, 1, 0, 0, 0, 0, 0, 1, 0, 0, 1, 0, 0, 0, 0, 2, 0, 0, 0, 0, 0, 0, 0, 1, 0, 0, 1, 1, 0, 0, 0, 0, 0, 1, 1, 0, 1, 0, 1, 1, 0, 0, 1, 0, 0, 0, 0, 1, 0, 0, 0, 0, 2, 0, 1, 0, 0, 0, 0, 0, 0, 0, 0, 0, 0, 1, 1, 0, 0, 1, 0, 0, 0, 0, 2, 1, 0, 0, 1, 0, 0, 2, 0, 1, 1, 1, 0, 0, 0, 0, 0, 0, 0, 0, 1, 1, 0, 1, 0, 1, 0, 1, 1, 1, 0, 0, 0, 0, 1, 0, 0, 0, 1, 1, 1, 0, 0, 0, 1, 0, 0, 0, 0, 1, 0, 0, 0, 0, 1, 0, 0, 0, 0, 0, 0, 0, 0, 0, 0, 1, 1, 1, 1, 1, 0, 0, 0, 1, 0, 1, 0, 2, 0, 0, 1, 0, 0, 0, 1, 1, 2, 1, 0, 0, 0, 0, 0, 0, 1, 0, 0, 0, 0, 0, 1, 0, 0, 0, 0, 1, 0, 0, 0, 0, 0, 0, 0, 0, 0, 0, 0, 0, 0, 0, 0, 0, 0, 0, 1, 0, 0, 0, 1, 0, 0, 0, 1, 0, 0, 0, 0, 0, 1, 0, 0, 0, 0, 0, 0, 0, 1, 2, 0, 1, 0, 1, 0, 0, 0, 0, 0, 0, 0, 1, 0, 0, 0, 1, 0, 0, 0, 0, 0, 1, 0, 0, 1, 0, 0, 1, 0, 0, 0, 1, 2, 0, 0, 0, 0, 0, 0, 0, 0, 0, 0, 0, 0, 0, 1, 0, 0, 0, 1, 0, 0, 2, 0, 0, 0, 0, 0, 0, 0, 0, 0, 0, 0, 1, 1, 0, 1, 0, 0, 0, 0, 1, 0, 0, 0, 0, 0, 2, 2, 1, 0, 0, 0, 1, 0, 0, 0, 0, 0, 0, 1, 0, 1, 0, 0, 1, 1, 1, 0, 0, 0, 0, 1, 0, 0, 0, 0, 0]

Mean:0.27
Median:0.0
Mode:0
Seed:661


[1, 4, 2, 0, 0, 1, 3, 1, 0, 0, 4, 0, 1, 0, 2, 2, 2, 0, 0, 0, 1, 0, 0, 0, 0, 2, 3, 0, 1, 3, 0, 0, 1, 4, 2, 0, 0, 2, 2, 0, 0, 3, 0, 0, 1, 0, 0, 0, 2, 1, 3, 4, 0, 0, 0, 0, 0, 4, 2, 4, 0, 1, 0, 0, 4, 0, 0, 0, 0, 3, 2, 0, 0, 0, 5, 0, 0, 3, 0, 1, 1, 0, 2, 0, 1, 0, 0, 1, 3, 3, 0, 0, 0, 0, 0, 0, 0, 0, 1, 1, 0, 0, 0, 3, 4, 0, 0, 1, 1, 0, 1, 2, 2, 3, 0, 1, 2, 2, 2, 2, 1, 0, 0, 0, 0, 3, 0, 0, 0, 1, 3, 0, 0, 0, 2, 0, 3, 4, 2, 4, 0, 0, 0, 0, 2, 0, 0, 0, 0, 0, 0, 0, 4, 1, 0, 0, 0, 0, 1, 0, 0, 0, 0, 1, 1, 0, 0, 2, 1, 2, 0, 0, 1, 1, 0, 0, 2, 3, 0, 1, 3, 4, 6, 2, 0, 1, 0, 2, 4, 2, 0, 0, 1, 2, 0, 0, 2, 0, 0, 1, 3, 3, 2, 2, 0, 0, 2, 0, 2, 1, 2, 0, 0, 0, 2, 4, 0, 3, 0, 0, 2, 1, 0, 0, 0, 0, 0, 0, 2, 2, 4, 6, 0, 2, 5, 0, 1, 3, 2, 3, 0, 2, 4, 3, 0, 0, 1, 2, 0, 0, 4, 1, 0, 0, 2, 4, 0, 1, 3, 2, 2, 0, 0, 0, 0, 1, 0, 0, 0, 0, 1, 2, 0, 0, 0, 2, 0, 0, 1, 1, 0, 3, 0, 0, 1, 0, 0, 0, 2, 0, 0, 2, 0, 0, 2, 0, 5, 0, 1, 0, 1, 0, 0, 0, 1, 1, 1, 0, 0, 2, 0, 3, 1, 0, 4, 0, 0, 1, 0, 6, 0, 2, 0, 0, 1, 2, 0, 1, 4, 0, 1, 0, 0, 0, 0, 0, 2, 3, 0, 0, 1, 1, 0, 1, 0, 2, 0, 0, 0, 0, 0, 3, 0, 1, 2, 0, 1, 0, 1, 4, 0, 1, 3, 1, 0, 6, 0, 1, 0, 0, 0, 1, 2, 0, 0, 0, 0, 2, 2, 4, 2, 3, 0, 0, 0, 3, 0, 0, 1, 3, 0, 2, 2, 1, 0, 0, 1, 0, 1, 0, 1, 1, 1, 1, 0, 1, 3, 1, 0, 2, 0, 2, 0, 0, 0, 1, 0, 0, 5, 0, 0, 1, 0, 0, 2, 2, 0, 0, 3, 6, 0, 2, 0, 0, 4, 0, 2, 0, 4, 2, 4, 4, 0, 3, 2, 0, 0, 0, 0, 0, 0, 2, 0, 0, 1, 2, 3, 1, 0, 0, 0, 0, 0, 0, 0, 0, 3, 1, 0, 1, 2, 2, 0, 0, 0, 4, 0, 2, 0, 0, 0, 3, 0, 0, 2, 4, 0, 0, 1, 2, 6, 1, 1, 0, 0, 0, 0, 0, 5, 0]

Mean:1.042
Median:0.0
Mode:0
Seed:115


[9, 11, 10, 1, 1, 7, 12, 14, 3, 3, 8, 12, 14, 10, 12, 14, 14, 10, 15, 0, 2, 10, 13, 2, 12, 10, 0, 3, 1, 10, 0, 11, 5, 6, 0, 4, 0, 12, 7, 8, 7, 1, 0, 12, 0, 2, 11, 11, 4, 3, 6, 13, 9, 0, 7, 10, 11, 11, 10, 10, 6, 10, 2, 11, 7, 4, 7, 10, 5, 10, 12, 10, 10, 15, 6, 1, 7, 14, 11, 12, 2, 6, 12, 5, 11, 10, 10, 11, 10, 0, 7, 15, 1, 2, 3, 10, 10, 10, 10, 10, 0, 12, 0, 10, 10, 11, 0, 12, 3, 1, 6, 11, 1, 2, 13, 10, 6, 14, 3, 11, 7, 3, 9, 2, 0, 10, 1, 10, 3, 10, 7, 10, 4, 10, 3, 14, 10, 1, 10, 14, 11, 8, 10, 4, 0, 4, 11, 10, 13, 0, 10, 3, 0, 9, 6, 11, 2, 3, 0, 2, 7, 14, 0, 5, 3, 14, 14, 4, 1, 10, 9, 11, 2, 12, 11, 10, 2, 4, 10, 11, 1, 11, 11, 0, 11, 14, 4, 8, 1, 2, 0, 13, 5, 0, 13, 12, 4, 12, 4, 9, 10, 1, 0, 11, 9, 10, 3, 15, 5, 0, 14, 1, 0, 12, 7, 1, 2, 6, 3, 0, 1, 8, 11, 12, 7, 4, 10, 10, 5, 2, 16, 2, 9, 10, 2, 12, 11, 6, 6, 7, 10, 4, 11, 4, 10, 7, 7, 4, 10, 1, 15, 1, 10, 4, 12, 3, 7, 3, 0, 12, 0, 0, 11, 10, 6, 0, 1, 10, 0, 3, 10, 10, 10, 13, 2, 10, 5, 9, 11, 7, 10, 0, 2, 10, 11, 1, 1, 1, 0, 1, 2, 10, 4, 4, 10, 9, 10, 11, 1, 12, 7, 8, 0, 0, 0, 11, 14, 5, 4, 2, 2, 0, 1, 12, 5, 14, 13, 4, 8, 2, 10, 12, 2, 1, 3, 1, 1, 2, 10, 0, 3, 4, 4, 7, 0, 12, 8, 12, 3, 14, 7, 7, 8, 2, 2, 14, 2, 13, 10, 8, 8, 1, 2, 10, 10, 12, 8, 4, 7, 3, 7, 1, 6, 1, 7, 11, 7, 4, 14, 4, 5, 8, 12, 0, 5, 16, 0, 10, 11, 15, 7, 6, 1, 12, 10, 0, 13, 10, 12, 1, 9, 11, 6, 5, 15, 10, 0, 0, 12, 5, 1, 7, 10, 10, 0, 10, 4, 10, 14, 10, 12, 1, 4, 14, 0, 14, 7, 3, 10, 6, 13, 1, 1, 12, 4, 9, 7, 3, 12, 3, 11, 0, 15, 4, 0, 13, 10, 10, 9, 12, 3, 10, 11, 11, 7, 5, 14, 11, 10, 5, 10, 0, 10, 14, 10, 1, 9, 0, 11, 9, 6, 11, 8, 10, 1, 1, 10, 2, 11, 10, 1, 0, 4, 11, 0, 11, 0, 0, 8, 3, 1, 12, 1, 2, 10, 10, 1, 16, 6, 10, 4, 14, 11, 10, 6, 11, 11, 10, 9, 12]

Mean:6.906
Median:7.0
Mode:10
Seed:881


[7, 3, 0, 8, 4, 4, 1, 3, 5, 2, 11, 0, 1, 8, 1, 9, 0, 3, 6, 7, 7, 5, 4, 3, 1, 0, 2, 1, 3, 0, 12, 0, 0, 4, 5, 1, 3, 4, 1, 1, 0, 10, 7, 7, 1, 2, 11, 5, 10, 0, 2, 10, 1, 1, 1, 2, 3, 2, 3, 5, 2, 2, 1, 10, 2, 10, 10, 0, 10, 6, 11, 1, 7, 7, 1, 1, 8, 8, 9, 10, 1, 3, 1, 2, 1, 2, 9, 4, 9, 10, 2, 2, 1, 6, 3, 10, 2, 4, 1, 1, 1, 7, 1, 0, 1, 2, 0, 3, 10, 10, 2, 6, 2, 10, 2, 4, 0, 0, 10, 1, 4, 10, 3, 0, 10, 3, 4, 2, 4, 0, 5, 1, 11, 0, 2, 4, 6, 0, 1, 2, 10, 5, 0, 1, 4, 2, 2, 0, 4, 6, 10, 2, 5, 0, 2, 3, 8, 9, 5, 4, 3, 3, 1, 1, 0, 2, 0, 1, 1, 0, 2, 7, 6, 5, 2, 6, 6, 3, 11, 1, 10, 0, 9, 1, 11, 0, 1, 6, 7, 1, 0, 0, 0, 0, 5, 4, 8, 0, 1, 2, 9, 10, 3, 1, 0, 4, 4, 0, 1, 3, 0, 11, 2, 1, 8, 0, 3, 1, 1, 6, 1, 2, 5, 8, 4, 7, 0, 3, 0, 1, 10, 1, 4, 3, 2, 7, 2, 8, 12, 5, 0, 1, 3, 0, 1, 1, 6, 2, 0, 6, 7, 5, 2, 8, 11, 4, 10, 0, 0, 2, 3, 10, 10, 0, 6, 1, 3, 0, 2, 9, 3, 12, 1, 3, 3, 0, 0, 9, 0, 0, 0, 1, 0, 3, 3, 2, 0, 0, 3, 6, 5, 0, 4, 4, 3, 8, 5, 3, 0, 2, 1, 10, 2, 2, 4, 0, 6, 10, 6, 2, 7, 0, 5, 1, 10, 0, 1, 13, 5, 1, 2, 10, 0, 6, 1, 4, 10, 5, 10, 4, 1, 6, 2, 2, 0, 12, 4, 0, 1, 2, 7, 0, 7, 4, 1, 0, 3, 0, 4, 6, 3, 6, 1, 1, 0, 0, 0, 0, 10, 0, 2, 4, 1, 1, 1, 1, 1, 6, 0, 1, 6, 10, 10, 1, 1, 0, 6, 9, 9, 8, 0, 3, 1, 3, 10, 1, 2, 0, 5, 1, 1, 6, 2, 0, 5, 0, 4, 2, 0, 10, 1, 1, 1, 1, 0, 9, 11, 10, 0, 5, 0, 2, 0, 2, 0, 2, 0, 7, 0, 0, 0, 4, 1, 6, 3, 2, 0, 2, 0, 5, 10, 2, 7, 0, 3, 7, 0, 5, 7, 2, 4, 1, 2, 10, 7, 4, 4, 1, 4, 0, 0, 8, 4, 8, 5, 8, 1, 1, 0, 0, 0, 10, 2, 0, 1, 1, 5, 6, 7, 0, 1, 1, 7, 2, 1, 0, 0, 0, 5, 3, 2, 10, 7, 0, 5, 3, 1, 1, 1, 0, 1, 10, 5, 3, 4, 10, 0, 10, 3, 0]

Mean:3.576
Median:2.0
Mode:0
Seed:869


[1, 0, 0, 3, 0, 3, 0, 0, 1, 1, 0, 0, 0, 0, 0, 4, 0, 0, 2, 0, 2, 0, 3, 0, 0, 4, 1, 0, 3, 0, 6, 1, 0, 1, 3, 0, 0, 6, 3, 0, 3, 3, 0, 0, 0, 0, 2, 2, 1, 0, 1, 1, 1, 0, 1, 0, 2, 1, 6, 0, 0, 1, 0, 0, 2, 1, 0, 0, 1, 4, 0, 2, 1, 0, 4, 0, 1, 1, 0, 1, 0, 0, 1, 0, 1, 2, 2, 4, 0, 4, 0, 1, 1, 0, 3, 0, 3, 0, 1, 3, 0, 2, 0, 0, 2, 0, 7, 0, 1, 2, 3, 2, 1, 2, 0, 0, 1, 1, 1, 0, 2, 0, 2, 0, 2, 1, 0, 2, 1, 0, 1, 0, 2, 2, 0, 3, 0, 0, 1, 2, 0, 0, 0, 1, 0, 1, 0, 0, 1, 1, 0, 5, 1, 0, 9, 3, 0, 0, 2, 0, 1, 1, 2, 1, 1, 1, 0, 0, 0, 0, 1, 4, 0, 2, 1, 1, 0, 0, 0, 1, 0, 1, 3, 1, 1, 3, 3, 1, 4, 2, 2, 0, 0, 3, 0, 0, 1, 0, 0, 0, 1, 5, 3, 0, 1, 1, 0, 0, 0, 2, 0, 3, 3, 3, 4, 0, 0, 0, 0, 1, 3, 0, 3, 1, 2, 0, 2, 0, 2, 0, 3, 3, 0, 0, 3, 0, 4, 1, 0, 2, 0, 2, 4, 3, 0, 0, 0, 0, 1, 0, 2, 0, 2, 1, 0, 1, 1, 2, 1, 3, 5, 3, 4, 2, 0, 1, 3, 2, 0, 1, 1, 2, 0, 0, 4, 1, 2, 0, 1, 6, 0, 0, 3, 1, 0, 2, 0, 1, 3, 6, 3, 0, 1, 0, 1, 0, 0, 0, 2, 0, 1, 3, 2, 4, 1, 0, 0, 0, 2, 4, 0, 1, 2, 1, 0, 2, 0, 1, 1, 0, 1, 2, 2, 0, 3, 1, 2, 1, 0, 0, 0, 0, 2, 0, 0, 1, 3, 1, 3, 2, 2, 1, 0, 0, 1, 1, 1, 4, 0, 3, 1, 0, 0, 2, 0, 3, 2, 0, 0, 1, 0, 0, 0, 9, 0, 1, 2, 1, 1, 1, 2, 2, 0, 0, 2, 0, 1, 1, 1, 0, 6, 0, 3, 3, 1, 2, 2, 2, 2, 3, 3, 1, 0, 0, 1, 1, 2, 3, 1, 1, 0, 4, 2, 1, 0, 1, 1, 0, 0, 0, 1, 1, 0, 2, 1, 0, 0, 2, 0, 0, 1, 0, 2, 3, 0, 3, 0, 1, 0, 3, 4, 0, 3, 3, 1, 0, 3, 2, 1, 1, 2, 0, 0, 1, 5, 0, 1, 2, 0, 2, 0, 1, 0, 3, 1, 1, 4, 5, 3, 1, 1, 0, 4, 3, 1, 3, 0, 0, 2, 1, 0, 0, 1, 0, 2, 2, 1, 2, 0, 0, 0, 0, 0, 0, 0, 0, 3, 0, 1, 0, 0, 0, 3, 0, 1, 0, 5, 0, 0, 0]

Mean:1.232
Median:1.0
Mode:0
Seed:403


[14, 15, 14, 15, 15, 15, 14, 14, 15, 16, 16, 14, 14, 14, 14, 14, 16, 14, 15, 16, 14, 14, 14, 15, 14, 14, 15, 14, 14, 15, 15, 14, 14, 14, 15, 14, 14, 15, 15, 14, 14, 14, 14, 14, 14, 15, 14, 16, 14, 14, 14, 15, 15, 15, 14, 14, 15, 14, 14, 14, 15, 15, 14, 16, 14, 14, 15, 14, 14, 15, 14, 13, 14, 15, 14, 14, 15, 14, 15, 15, 14, 14, 14, 15, 14, 14, 15, 14, 14, 14, 14, 15, 14, 15, 15, 14, 14, 14, 14, 14, 15, 14, 14, 14, 15, 14, 16, 15, 17, 14, 14, 14, 14, 14, 14, 15, 16, 14, 14, 14, 14, 14, 16, 15, 14, 14, 15, 14, 17, 14, 14, 14, 14, 14, 14, 14, 14, 14, 15, 14, 14, 17, 16, 15, 15, 15, 14, 15, 14, 14, 14, 14, 15, 14, 14, 15, 15, 15, 16, 15, 14, 14, 14, 14, 14, 14, 14, 14, 14, 14, 14, 14, 14, 14, 15, 14, 14, 14, 16, 14, 15, 14, 14, 16, 14, 14, 14, 16, 15, 15, 16, 14, 15, 14, 14, 14, 15, 15, 14, 14, 14, 14, 14, 14, 14, 15, 14, 15, 15, 15, 14, 14, 14, 14, 14, 15, 15, 14, 14, 14, 14, 15, 14, 14, 15, 14, 14, 16, 14, 15, 14, 14, 15, 15, 14, 14, 14, 14, 15, 15, 15, 14, 16, 16, 14, 16, 14, 15, 14, 15, 15, 14, 14, 14, 14, 15, 16, 14, 14, 15, 15, 14, 14, 14, 15, 14, 15, 14, 14, 15, 15, 14, 15, 14, 14, 14, 14, 15, 14, 14, 14, 14, 14, 14, 14, 15, 16, 14, 15, 14, 14, 15, 16, 15, 17, 14, 14, 14, 15, 15, 14, 16, 15, 14, 15, 14, 14, 17, 14, 15, 14, 14, 14, 15, 15, 15, 15, 14, 14, 14, 16, 14, 14, 14, 17, 15, 15, 14, 14, 14, 14, 15, 14, 14, 14, 17, 14, 14, 15, 15, 15, 14, 15, 14, 15, 14, 14, 16, 14, 14, 14, 14, 14, 14, 14, 14, 14, 14, 14, 14, 16, 14, 14, 14, 15, 14, 14, 14, 15, 14, 14, 15, 14, 14, 14, 14, 14, 14, 14, 14, 17, 14, 14, 17, 15, 15, 14, 14, 15, 16, 14, 14, 14, 16, 14, 15, 14, 15, 15, 14, 14, 14, 14, 14, 14, 15, 15, 14, 17, 14, 15, 14, 14, 15, 15, 14, 14, 14, 14, 14, 14, 16, 14, 14, 14, 15, 15, 15, 14, 14, 14, 14, 14, 15, 15, 14, 14, 14, 14, 14, 14, 14, 14, 16, 14, 14, 14, 14, 14, 14, 14, 14, 14, 14, 14, 14, 15, 15, 14, 14, 14, 14, 14, 14, 15, 14, 14, 14, 14, 16, 14, 17, 14, 14, 16, 14, 15, 16, 14, 14, 15, 14, 15, 14, 15, 14, 14, 15, 15, 14, 14, 14, 14, 14, 14, 15, 14, 15, 15, 15]

Mean:14.462
Median:14.0
Mode:14
Seed:706


[0, 1, 0, 0, 0, 1, 1, 1, 1, 1, 1, 0, 0, 0, 1, 0, 2, 0, 0, 1, 0, 0, 0, 0, 0, 0, 1, 0, 0, 0, 1, 0, 0, 0, 0, 0, 2, 0, 0, 0, 0, 0, 1, 1, 0, 0, 0, 0, 0, 1, 0, 0, 0, 0, 0, 0, 1, 0, 1, 0, 0, 0, 0, 0, 0, 2, 0, 0, 2, 0, 0, 0, 0, 0, 0, 0, 0, 0, 0, 0, 1, 0, 0, 0, 0, 0, 2, 1, 0, 0, 0, 1, 1, 0, 0, 1, 0, 1, 0, 0, 0, 0, 0, 1, 0, 1, 0, 1, 0, 0, 0, 0, 0, 0, 0, 0, 1, 0, 1, 0, 0, 0, 0, 0, 0, 0, 0, 0, 1, 0, 0, 0, 1, 0, 0, 1, 0, 0, 0, 0, 0, 1, 1, 0, 0, 1, 0, 0, 0, 0, 0, 0, 1, 0, 0, 0, 0, 1, 0, 0, 1, 0, 1, 0, 0, 0, 1, 0, 1, 2, 0, 0, 0, 0, 0, 0, 0, 0, 0, 0, 0, 2, 0, 0, 0, 1, 0, 0, 0, 3, 0, 0, 0, 0, 0, 0, 0, 0, 0, 0, 0, 1, 0, 1, 0, 0, 0, 2, 0, 0, 0, 0, 0, 0, 0, 0, 0, 0, 0, 1, 1, 0, 0, 0, 0, 0, 0, 1, 0, 0, 0, 0, 0, 1, 0, 0, 0, 1, 2, 1, 0, 0, 1, 1, 0, 0, 0, 0, 0, 0, 0, 1, 0, 1, 1, 0, 0, 0, 0, 1, 0, 1, 0, 0, 1, 0, 2, 0, 0, 1, 0, 0, 0, 0, 0, 0, 0, 1, 0, 0, 0, 0, 1, 0, 0, 0, 0, 0, 0, 1, 0, 0, 1, 0, 0, 0, 0, 0, 0, 0, 0, 1, 0, 0, 1, 0, 1, 0, 0, 1, 0, 0, 2, 1, 0, 0, 0, 0, 0, 0, 1, 0, 0, 0, 0, 0, 1, 0, 0, 1, 0, 1, 0, 0, 0, 0, 0, 2, 0, 0, 1, 0, 0, 0, 0, 0, 1, 1, 1, 0, 0, 0, 1, 0, 0, 0, 0, 0, 1, 0, 1, 0, 0, 0, 0, 0, 0, 0, 0, 0, 0, 0, 1, 0, 0, 0, 0, 0, 0, 0, 0, 0, 0, 0, 0, 0, 0, 1, 2, 0, 1, 0, 0, 0, 1, 2, 0, 1, 0, 0, 0, 0, 0, 0, 0, 0, 0, 0, 0, 1, 0, 0, 2, 0, 1, 0, 0, 0, 0, 1, 1, 1, 0, 0, 1, 2, 0, 0, 0, 0, 0, 0, 1, 0, 0, 0, 0, 0, 0, 0, 0, 0, 1, 0, 0, 2, 1, 0, 0, 0, 0, 0, 1, 0, 0, 0, 0, 1, 0, 2, 0, 0, 0, 0, 0, 0, 0, 1, 0, 0, 1, 0, 0, 0, 1, 0, 0, 0, 0, 0, 2, 0, 1, 0, 0, 0, 0, 0, 0, 1, 0, 0, 0, 0, 0, 1, 1, 0, 0, 0]

Mean:0.282
Median:0.0
Mode:0
Seed:696


[2, 1, 1, 1, 0, 1, 1, 1, 1, 2, 0, 1, 1, 0, 1, 2, 2, 1, 1, 2, 0, 1, 2, 1, 0, 0, 0, 1, 2, 1, 1, 0, 1, 3, 2, 3, 0, 1, 3, 1, 5, 2, 1, 1, 1, 4, 2, 2, 3, 1, 1, 1, 1, 0, 2, 2, 1, 1, 2, 1, 2, 1, 2, 1, 2, 2, 2, 1, 1, 1, 4, 1, 1, 2, 0, 2, 1, 1, 3, 1, 3, 2, 0, 2, 1, 2, 0, 2, 1, 2, 1, 2, 2, 2, 1, 1, 1, 2, 1, 3, 2, 2, 1, 2, 0, 1, 2, 4, 1, 1, 0, 1, 2, 2, 1, 2, 0, 2, 1, 1, 1, 2, 1, 0, 3, 3, 1, 2, 2, 1, 1, 1, 1, 2, 1, 1, 2, 2, 5, 2, 1, 2, 0, 1, 0, 1, 2, 3, 0, 3, 1, 3, 2, 2, 1, 1, 2, 2, 1, 0, 2, 3, 1, 1, 1, 1, 0, 1, 1, 1, 2, 1, 1, 1, 1, 1, 2, 3, 1, 2, 1, 1, 1, 1, 1, 1, 1, 2, 1, 2, 1, 2, 1, 2, 1, 2, 1, 2, 2, 1, 3, 0, 1, 2, 2, 2, 0, 2, 1, 2, 0, 5, 1, 2, 1, 3, 2, 3, 1, 2, 2, 1, 1, 1, 3, 1, 3, 0, 1, 5, 0, 2, 2, 2, 1, 0, 2, 4, 0, 2, 1, 1, 2, 1, 2, 2, 1, 1, 2, 1, 2, 0, 1, 1, 1, 2, 3, 1, 1, 7, 3, 2, 1, 1, 2, 0, 2, 1, 1, 1, 2, 3, 2, 0, 1, 2, 3, 4, 0, 2, 2, 1, 2, 2, 2, 2, 0, 2, 2, 3, 0, 3, 1, 3, 2, 1, 1, 4, 1, 4, 1, 2, 1, 1, 0, 3, 0, 1, 2, 1, 0, 1, 1, 2, 0, 1, 1, 1, 1, 0, 2, 1, 0, 2, 0, 1, 1, 1, 1, 3, 1, 1, 0, 1, 1, 2, 1, 3, 3, 1, 1, 1, 2, 1, 1, 2, 1, 0, 2, 1, 2, 1, 1, 2, 0, 2, 3, 1, 1, 1, 0, 1, 1, 1, 1, 1, 1, 2, 0, 3, 2, 1, 2, 1, 1, 3, 1, 1, 0, 3, 1, 1, 1, 1, 2, 0, 3, 5, 2, 2, 2, 1, 1, 1, 2, 1, 1, 0, 1, 2, 2, 2, 1, 1, 4, 1, 0, 4, 1, 1, 0, 2, 1, 1, 1, 3, 1, 1, 2, 1, 3, 1, 1, 0, 1, 1, 2, 1, 3, 2, 2, 1, 2, 1, 0, 2, 0, 2, 2, 2, 2, 1, 0, 2, 3, 1, 2, 1, 2, 1, 1, 0, 1, 3, 1, 1, 1, 1, 0, 2, 1, 1, 2, 2, 2, 2, 1, 1, 2, 2, 2, 1, 1, 4, 2, 1, 1, 1, 1, 1, 0, 2, 2, 0, 1, 0, 1, 2, 1, 1, 1, 1, 1, 3, 1, 1, 1, 1, 1, 3]

Mean:1.45
Median:1.0
Mode:1
Seed:909


[13, 13, 13, 13, 13, 13, 13, 14, 16, 13, 13, 14, 13, 14, 13, 13, 13, 13, 13, 14, 15, 13, 13, 14, 13, 14, 14, 14, 13, 13, 13, 14, 14, 13, 16, 13, 13, 13, 14, 14, 14, 14, 13, 13, 13, 15, 13, 13, 13, 13, 14, 13, 16, 13, 14, 15, 13, 15, 13, 13, 13, 13, 13, 14, 13, 13, 13, 13, 13, 13, 14, 16, 13, 13, 14, 13, 14, 13, 13, 13, 14, 16, 14, 13, 14, 14, 13, 13, 13, 14, 13, 13, 13, 13, 13, 13, 13, 13, 14, 13, 13, 13, 14, 13, 15, 13, 13, 13, 14, 13, 14, 15, 13, 15, 13, 14, 13, 13, 13, 13, 15, 16, 15, 14, 13, 13, 13, 13, 16, 13, 13, 16, 13, 13, 13, 13, 15, 14, 14, 13, 13, 13, 13, 13, 13, 14, 13, 16, 14, 13, 15, 14, 14, 13, 13, 14, 13, 14, 16, 13, 13, 13, 13, 13, 13, 14, 14, 15, 13, 13, 14, 13, 16, 13, 15, 15, 13, 13, 13, 13, 13, 13, 14, 15, 13, 13, 13, 13, 13, 13, 14, 13, 13, 13, 14, 13, 13, 13, 13, 13, 14, 13, 13, 13, 13, 14, 13, 13, 16, 13, 13, 13, 14, 13, 14, 13, 13, 14, 13, 13, 13, 13, 14, 13, 13, 15, 14, 13, 14, 13, 13, 13, 13, 13, 13, 13, 13, 16, 15, 13, 15, 13, 13, 13, 14, 13, 13, 13, 13, 15, 14, 13, 14, 13, 15, 13, 19, 14, 13, 14, 13, 13, 13, 14, 13, 13, 13, 13, 14, 13, 13, 13, 13, 13, 14, 13, 13, 13, 13, 13, 13, 14, 14, 13, 16, 13, 14, 13, 13, 13, 13, 13, 14, 13, 13, 13, 14, 13, 15, 13, 13, 13, 13, 13, 14, 15, 14, 14, 13, 15, 13, 13, 13, 13, 14, 13, 14, 13, 13, 13, 13, 13, 13, 13, 14, 13, 14, 13, 13, 13, 13, 14, 14, 13, 13, 14, 13, 13, 13, 13, 15, 13, 14, 13, 13, 13, 13, 14, 13, 13, 13, 13, 13, 14, 13, 15, 13, 15, 17, 13, 13, 16, 13, 13, 14, 13, 14, 13, 13, 13, 13, 13, 13, 16, 15, 15, 13, 14, 14, 13, 15, 15, 13, 14, 13, 13, 13, 13, 14, 13, 13, 14, 14, 13, 13, 15, 15, 13, 13, 17, 15, 13, 13, 15, 13, 13, 13, 13, 13, 13, 14, 14, 13, 13, 14, 13, 14, 13, 14, 13, 13, 13, 13, 13, 13, 13, 13, 13, 13, 14, 13, 14, 14, 13, 14, 13, 13, 13, 13, 13, 14, 15, 14, 13, 14, 13, 13, 15, 14, 14, 13, 13, 13, 13, 15, 16, 13, 13, 13, 13, 13, 13, 13, 13, 13, 13, 13, 14, 13, 13, 16, 14, 13, 14, 13, 14, 13, 13, 13, 13, 13, 16, 14, 15, 13, 13, 13, 13, 13, 14, 14, 15, 13, 13, 13, 13, 13, 14, 13, 14]

Mean:13.518
Median:13.0
Mode:13
Seed:553


[0, 0, 0, 0, 0, 0, 0, 1, 0, 0, 0, 0, 0, 0, 0, 0, 0, 0, 0, 0, 0, 0, 0, 0, 0, 0, 0, 0, 0, 0, 0, 1, 0, 0, 0, 0, 0, 0, 0, 0, 0, 0, 0, 0, 0, 0, 0, 0, 0, 0, 0, 0, 0, 0, 0, 0, 0, 0, 0, 0, 0, 0, 0, 1, 0, 0, 0, 0, 0, 0, 0, 0, 0, 0, 0, 0, 0, 0, 0, 0, 0, 0, 0, 0, 0, 0, 0, 0, 0, 1, 0, 0, 0, 0, 0, 0, 0, 0, 0, 0, 0, 0, 0, 0, 0, 0, 0, 0, 0, 0, 0, 0, 0, 0, 0, 0, 0, 0, 0, 0, 0, 0, 0, 0, 0, 0, 0, 0, 0, 0, 0, 0, 0, 1, 0, 0, 0, 0, 0, 0, 0, 0, 0, 0, 1, 0, 0, 1, 0, 0, 0, 0, 1, 0, 0, 0, 0, 0, 0, 0, 0, 0, 0, 0, 0, 0, 0, 0, 0, 0, 0, 0, 0, 0, 0, 0, 0, 0, 0, 0, 0, 0, 0, 0, 0, 0, 0, 0, 0, 0, 0, 0, 0, 0, 0, 0, 0, 0, 0, 0, 0, 0, 0, 0, 0, 0, 0, 0, 0, 0, 0, 0, 0, 0, 0, 0, 0, 0, 1, 0, 0, 0, 0, 0, 0, 0, 0, 0, 0, 0, 0, 0, 0, 0, 0, 0, 0, 0, 0, 0, 0, 0, 0, 0, 0, 0, 0, 0, 0, 0, 0, 0, 0, 0, 0, 0, 0, 0, 0, 0, 0, 0, 0, 0, 0, 0, 0, 0, 0, 0, 0, 0, 0, 0, 0, 0, 0, 0, 0, 0, 0, 0, 0, 0, 0, 0, 0, 0, 0, 0, 0, 0, 0, 0, 0, 0, 1, 0, 0, 0, 0, 0, 0, 0, 0, 0, 0, 0, 0, 0, 0, 0, 0, 0, 0, 0, 0, 0, 0, 0, 0, 0, 0, 0, 0, 0, 0, 0, 0, 0, 0, 0, 0, 1, 0, 0, 0, 0, 0, 0, 0, 0, 0, 0, 0, 0, 0, 0, 0, 0, 0, 0, 0, 0, 0, 0, 0, 0, 0, 0, 0, 0, 0, 0, 0, 0, 0, 0, 0, 1, 0, 0, 0, 0, 1, 0, 0, 0, 0, 0, 0, 0, 0, 0, 0, 0, 0, 0, 0, 0, 0, 0, 0, 0, 0, 0, 0, 0, 0, 0, 0, 0, 0, 0, 0, 0, 0, 2, 0, 0, 0, 0, 1, 0, 0, 0, 0, 0, 1, 0, 0, 0, 1, 0, 0, 0, 0, 0, 0, 0, 0, 0, 0, 0, 0, 0, 0, 0, 0, 0, 0, 1, 0, 0, 0, 0, 0, 0, 0, 0, 1, 0, 0, 0, 0, 0, 0, 0, 0, 0, 1, 0, 0, 0, 0, 0, 1, 0, 0, 0, 0, 0, 0, 0, 0, 0, 0, 0, 0, 0, 0, 0, 0, 0, 0, 0, 0, 0, 1, 0, 0, 0, 0, 0, 0, 0, 0, 0, 0, 0]

Mean:0.046
Median:0.0
Mode:0
Seed:912


[0, 1, 0, 1, 0, 0, 0, 1, 1, 1, 0, 0, 0, 0, 0, 0, 0, 0, 0, 1, 0, 0, 0, 0, 0, 0, 0, 0, 0, 0, 1, 0, 0, 0, 0, 0, 0, 0, 0, 0, 0, 1, 0, 1, 0, 1, 0, 0, 0, 1, 0, 0, 0, 0, 0, 1, 0, 0, 0, 0, 0, 1, 0, 0, 0, 0, 0, 0, 0, 0, 0, 0, 0, 0, 1, 0, 0, 0, 0, 0, 0, 1, 1, 0, 1, 0, 0, 0, 1, 0, 0, 0, 0, 0, 0, 0, 0, 0, 0, 0, 0, 0, 0, 0, 0, 0, 0, 2, 0, 0, 1, 0, 0, 1, 0, 0, 0, 1, 0, 0, 0, 0, 0, 0, 0, 0, 0, 0, 0, 1, 0, 0, 0, 1, 0, 0, 0, 0, 0, 0, 0, 0, 0, 0, 0, 1, 0, 0, 1, 1, 0, 0, 0, 0, 0, 0, 0, 0, 0, 1, 0, 0, 0, 0, 0, 0, 0, 1, 0, 1, 0, 0, 0, 0, 0, 0, 2, 0, 0, 0, 0, 1, 0, 0, 0, 0, 0, 0, 1, 0, 0, 0, 1, 0, 1, 0, 0, 0, 2, 0, 1, 0, 0, 1, 1, 0, 1, 1, 0, 0, 0, 0, 0, 0, 0, 0, 0, 0, 1, 0, 0, 0, 0, 0, 1, 2, 0, 0, 0, 0, 0, 0, 1, 0, 0, 0, 0, 0, 0, 1, 1, 1, 0, 0, 0, 0, 0, 1, 0, 0, 0, 1, 1, 0, 0, 0, 0, 0, 0, 1, 0, 0, 0, 0, 3, 0, 0, 1, 0, 0, 0, 0, 0, 1, 1, 0, 0, 0, 1, 0, 1, 0, 1, 0, 0, 0, 0, 1, 0, 1, 1, 0, 1, 0, 0, 0, 0, 0, 0, 2, 0, 0, 0, 0, 0, 0, 0, 1, 1, 0, 0, 0, 0, 1, 0, 0, 0, 1, 0, 0, 0, 0, 1, 0, 0, 0, 0, 0, 0, 0, 1, 0, 0, 1, 0, 0, 1, 0, 0, 0, 0, 1, 0, 0, 0, 0, 0, 0, 0, 0, 0, 0, 0, 1, 0, 0, 0, 0, 0, 0, 0, 0, 0, 0, 0, 1, 0, 0, 0, 0, 0, 0, 0, 0, 0, 0, 0, 0, 0, 0, 1, 0, 0, 1, 0, 2, 0, 0, 0, 0, 0, 1, 0, 0, 0, 0, 0, 0, 0, 0, 0, 0, 1, 1, 1, 0, 0, 0, 1, 0, 0, 0, 0, 0, 1, 0, 0, 0, 0, 0, 1, 0, 0, 0, 1, 0, 0, 0, 0, 0, 0, 0, 0, 0, 0, 1, 0, 0, 0, 0, 0, 1, 0, 0, 0, 0, 0, 1, 2, 2, 0, 0, 0, 0, 0, 0, 1, 1, 0, 0, 1, 1, 1, 0, 0, 0, 0, 0, 0, 1, 0, 0, 0, 2, 0, 0, 0, 0, 0, 1, 0, 0, 0, 0, 1, 1, 0, 0, 0, 0, 0, 0, 0, 0, 0, 0, 0, 0, 1, 0]

Mean:0.226
Median:0.0
Mode:0
Seed:202


[2, 0, 2, 6, 1, 4, 10, 7, 0, 11, 1, 3, 1, 6, 3, 2, 5, 5, 2, 11, 3, 10, 8, 0, 1, 6, 2, 5, 2, 1, 1, 0, 10, 2, 10, 5, 0, 6, 1, 2, 1, 3, 10, 6, 1, 4, 0, 0, 0, 10, 6, 9, 0, 7, 7, 3, 1, 1, 3, 3, 1, 1, 10, 1, 5, 10, 2, 4, 2, 1, 2, 0, 1, 8, 1, 2, 5, 8, 3, 5, 1, 1, 2, 0, 0, 6, 2, 10, 1, 4, 0, 0, 10, 1, 5, 10, 0, 1, 0, 10, 3, 9, 3, 10, 4, 0, 0, 4, 0, 2, 6, 1, 4, 12, 1, 0, 8, 1, 5, 3, 8, 3, 5, 2, 5, 1, 10, 4, 4, 4, 0, 1, 7, 1, 3, 4, 6, 4, 12, 0, 2, 3, 4, 8, 3, 3, 11, 2, 3, 0, 0, 3, 4, 3, 4, 0, 10, 2, 0, 4, 3, 4, 0, 10, 4, 1, 2, 4, 12, 6, 1, 1, 0, 1, 3, 3, 0, 0, 1, 0, 7, 0, 10, 9, 7, 4, 3, 5, 6, 3, 3, 11, 0, 2, 5, 1, 6, 0, 1, 3, 2, 0, 2, 3, 2, 11, 0, 4, 0, 8, 5, 4, 1, 2, 10, 1, 0, 3, 2, 1, 9, 7, 0, 9, 2, 0, 0, 0, 4, 6, 3, 1, 11, 4, 2, 1, 1, 2, 2, 0, 4, 2, 7, 0, 1, 9, 6, 0, 4, 6, 1, 1, 4, 0, 5, 4, 8, 0, 6, 2, 1, 2, 5, 3, 10, 10, 9, 3, 0, 8, 1, 0, 11, 0, 3, 6, 9, 0, 0, 0, 1, 7, 0, 1, 3, 6, 1, 2, 2, 8, 2, 5, 1, 0, 2, 6, 2, 0, 3, 7, 7, 1, 7, 2, 0, 6, 3, 2, 1, 1, 2, 4, 3, 2, 10, 10, 0, 0, 1, 1, 1, 1, 1, 2, 1, 0, 1, 4, 0, 10, 4, 1, 1, 2, 4, 4, 3, 0, 1, 2, 9, 8, 0, 8, 0, 12, 6, 6, 4, 10, 2, 8, 3, 3, 1, 11, 1, 0, 3, 1, 2, 2, 0, 1, 4, 0, 10, 8, 1, 6, 1, 3, 0, 0, 4, 5, 6, 7, 1, 0, 6, 0, 10, 8, 4, 3, 1, 1, 2, 10, 9, 0, 9, 3, 4, 4, 8, 6, 3, 1, 4, 1, 6, 9, 9, 2, 6, 9, 3, 5, 7, 3, 4, 4, 5, 0, 1, 0, 0, 7, 1, 0, 0, 5, 1, 0, 3, 2, 9, 11, 2, 0, 5, 4, 3, 0, 2, 2, 1, 6, 8, 0, 11, 8, 0, 3, 1, 2, 0, 1, 10, 4, 5, 1, 5, 1, 10, 8, 10, 6, 5, 7, 7, 4, 0, 0, 0, 3, 8, 4, 3, 0, 3, 0, 4, 8, 8, 3, 5, 0, 3, 2, 1, 5, 0, 3, 10, 6, 11, 2, 10, 0, 5, 9, 1, 2, 10, 4, 2, 7]

Mean:3.66
Median:3.0
Mode:0
Seed:574


[4, 3, 2, 7, 0, 1, 5, 3, 1, 7, 11, 3, 10, 3, 1, 0, 0, 8, 2, 3, 4, 1, 1, 2, 0, 0, 9, 0, 3, 6, 10, 1, 5, 1, 4, 1, 5, 10, 0, 1, 5, 11, 10, 1, 10, 2, 10, 1, 9, 8, 1, 0, 10, 1, 1, 7, 0, 2, 0, 6, 4, 1, 2, 0, 0, 2, 2, 10, 8, 0, 1, 0, 1, 7, 4, 9, 3, 10, 2, 8, 9, 9, 1, 8, 12, 1, 9, 7, 0, 9, 1, 9, 1, 4, 1, 2, 4, 1, 4, 1, 10, 0, 0, 0, 10, 0, 5, 4, 0, 1, 4, 0, 4, 4, 1, 2, 10, 1, 10, 4, 1, 5, 1, 11, 2, 3, 3, 1, 0, 0, 10, 10, 3, 9, 4, 1, 9, 2, 11, 9, 1, 2, 7, 2, 6, 0, 1, 1, 5, 5, 0, 2, 10, 5, 2, 2, 0, 1, 9, 7, 0, 0, 10, 1, 5, 0, 2, 4, 4, 2, 9, 2, 1, 3, 10, 0, 1, 0, 4, 1, 0, 2, 2, 1, 2, 3, 1, 0, 2, 1, 6, 8, 9, 1, 3, 4, 1, 1, 0, 2, 9, 2, 10, 0, 2, 0, 1, 3, 8, 0, 4, 2, 0, 6, 1, 2, 4, 3, 2, 1, 0, 2, 7, 9, 2, 2, 3, 5, 2, 8, 3, 2, 8, 2, 3, 4, 5, 0, 2, 3, 3, 9, 7, 9, 4, 5, 1, 1, 4, 2, 6, 8, 1, 1, 4, 1, 2, 0, 4, 1, 2, 2, 5, 4, 2, 0, 10, 10, 2, 0, 0, 3, 3, 10, 5, 9, 2, 11, 0, 3, 1, 6, 6, 2, 3, 1, 8, 10, 0, 8, 1, 0, 2, 1, 2, 9, 4, 9, 7, 1, 0, 4, 2, 2, 1, 3, 0, 0, 0, 2, 3, 8, 9, 0, 9, 9, 1, 2, 2, 4, 4, 0, 3, 9, 0, 7, 9, 2, 9, 11, 8, 0, 2, 8, 5, 10, 10, 3, 7, 9, 6, 2, 1, 8, 0, 5, 3, 10, 1, 1, 0, 9, 4, 9, 6, 4, 1, 7, 10, 2, 1, 3, 3, 2, 2, 5, 3, 5, 7, 2, 4, 0, 3, 1, 3, 3, 1, 0, 1, 0, 5, 7, 0, 1, 2, 1, 5, 10, 0, 0, 2, 1, 0, 0, 0, 0, 10, 3, 1, 0, 2, 3, 9, 3, 7, 10, 2, 5, 4, 7, 0, 0, 4, 1, 4, 1, 9, 3, 3, 2, 4, 3, 2, 6, 4, 2, 0, 10, 9, 4, 3, 1, 0, 3, 1, 1, 9, 1, 6, 1, 0, 5, 11, 2, 4, 9, 8, 5, 1, 3, 7, 12, 1, 9, 9, 2, 1, 8, 4, 0, 9, 1, 4, 0, 9, 4, 2, 5, 1, 2, 1, 1, 9, 9, 9, 1, 4, 5, 9, 8, 4, 0, 9, 3, 0, 1, 7, 8, 2, 10, 7, 0, 5, 4, 1, 5, 2, 11, 2, 1]

Mean:3.796
Median:3.0
Mode:1
Seed:381


[1, 1, 1, 1, 0, 1, 1, 0, 1, 1, 2, 0, 0, 0, 3, 1, 2, 0, 0, 0, 1, 2, 0, 0, 0, 0, 1, 1, 0, 0, 2, 1, 0, 3, 0, 0, 2, 1, 2, 0, 1, 0, 0, 1, 0, 0, 0, 0, 0, 1, 0, 0, 1, 2, 0, 0, 1, 0, 0, 0, 2, 0, 0, 1, 0, 1, 0, 2, 0, 1, 0, 0, 1, 0, 0, 0, 0, 1, 1, 0, 0, 2, 1, 0, 1, 1, 0, 1, 0, 0, 0, 0, 0, 2, 0, 0, 0, 0, 1, 0, 0, 1, 0, 0, 0, 0, 0, 0, 1, 1, 1, 0, 1, 1, 1, 0, 0, 0, 1, 0, 0, 1, 0, 1, 2, 1, 0, 0, 1, 0, 2, 0, 0, 0, 1, 0, 0, 2, 1, 0, 0, 0, 1, 0, 1, 0, 0, 1, 1, 1, 0, 1, 1, 0, 0, 2, 1, 0, 0, 0, 1, 1, 0, 0, 1, 1, 1, 1, 0, 0, 1, 1, 1, 1, 2, 0, 0, 1, 2, 0, 0, 1, 1, 0, 0, 0, 0, 0, 1, 0, 0, 0, 1, 0, 1, 0, 1, 0, 0, 1, 0, 0, 0, 0, 0, 0, 0, 1, 0, 1, 1, 2, 0, 0, 0, 0, 1, 1, 0, 0, 1, 0, 2, 0, 1, 0, 0, 0, 1, 0, 2, 2, 0, 1, 2, 0, 0, 0, 2, 0, 0, 0, 1, 0, 1, 1, 0, 0, 0, 2, 2, 1, 1, 0, 0, 0, 1, 1, 1, 0, 1, 0, 3, 0, 1, 0, 0, 0, 0, 0, 0, 0, 0, 0, 1, 0, 0, 0, 0, 2, 0, 1, 1, 1, 0, 1, 0, 1, 0, 0, 1, 1, 0, 0, 1, 0, 0, 1, 1, 0, 0, 0, 1, 0, 0, 0, 1, 1, 1, 2, 0, 2, 0, 0, 0, 1, 1, 1, 2, 1, 2, 2, 0, 0, 0, 0, 0, 0, 0, 0, 0, 2, 1, 1, 0, 0, 0, 4, 3, 1, 1, 0, 1, 1, 0, 1, 0, 0, 1, 0, 1, 1, 2, 0, 0, 1, 2, 0, 1, 2, 3, 1, 1, 0, 1, 1, 1, 1, 1, 0, 2, 0, 0, 0, 1, 0, 1, 0, 0, 1, 3, 1, 0, 0, 1, 0, 0, 1, 0, 1, 1, 1, 0, 1, 0, 1, 2, 0, 1, 0, 0, 0, 1, 0, 1, 0, 1, 1, 0, 1, 1, 0, 0, 2, 0, 1, 1, 1, 4, 0, 1, 0, 0, 0, 1, 1, 2, 1, 2, 1, 1, 1, 0, 0, 0, 1, 1, 1, 1, 2, 2, 0, 0, 1, 0, 1, 0, 0, 0, 0, 0, 0, 2, 0, 0, 2, 0, 3, 0, 0, 1, 0, 0, 1, 2, 1, 0, 0, 0, 0, 0, 0, 1, 1, 0, 2, 1, 1, 1, 1, 0, 0, 0, 1, 0, 0, 1, 2, 0, 0, 1, 1, 0, 1, 1, 1, 0, 0, 1, 0]

Mean:0.602
Median:0.0
Mode:0
Seed:3


[0, 1, 0, 0, 0, 0, 0, 0, 1, 0, 1, 0, 0, 0, 1, 0, 0, 0, 1, 0, 0, 0, 0, 1, 0, 0, 0, 0, 0, 0, 1, 0, 0, 0, 0, 0, 1, 0, 0, 1, 0, 0, 1, 0, 0, 1, 0, 0, 1, 0, 0, 0, 0, 0, 1, 0, 1, 1, 0, 0, 0, 0, 0, 0, 0, 0, 0, 0, 0, 0, 1, 0, 0, 0, 0, 0, 0, 1, 1, 1, 2, 0, 1, 0, 0, 0, 1, 0, 0, 1, 0, 0, 0, 0, 0, 2, 0, 0, 1, 0, 0, 1, 0, 0, 0, 0, 1, 0, 0, 0, 0, 0, 0, 0, 0, 0, 0, 0, 0, 0, 0, 1, 1, 0, 0, 1, 0, 0, 0, 0, 0, 0, 1, 0, 0, 0, 1, 0, 0, 0, 1, 0, 0, 1, 0, 1, 0, 1, 0, 0, 0, 0, 0, 0, 0, 0, 1, 0, 0, 0, 0, 2, 0, 0, 1, 0, 0, 0, 0, 0, 1, 1, 0, 0, 0, 0, 1, 0, 1, 0, 2, 0, 1, 0, 0, 0, 0, 0, 1, 0, 0, 0, 1, 0, 1, 0, 0, 0, 1, 0, 0, 1, 0, 0, 0, 0, 1, 0, 0, 0, 0, 1, 1, 0, 0, 1, 1, 0, 1, 0, 0, 0, 0, 0, 1, 0, 0, 0, 0, 1, 0, 0, 0, 0, 0, 0, 0, 0, 0, 0, 1, 1, 0, 0, 1, 0, 1, 0, 0, 0, 0, 0, 0, 0, 0, 0, 0, 1, 0, 0, 0, 0, 0, 0, 1, 0, 0, 0, 0, 0, 0, 0, 1, 1, 0, 1, 0, 0, 1, 0, 0, 0, 0, 0, 0, 0, 1, 1, 1, 0, 0, 0, 0, 0, 0, 0, 0, 1, 1, 0, 1, 0, 1, 0, 2, 0, 0, 0, 0, 0, 0, 1, 0, 0, 0, 0, 1, 0, 0, 1, 0, 0, 1, 0, 0, 0, 0, 0, 0, 1, 0, 0, 0, 0, 0, 0, 0, 0, 0, 1, 1, 0, 0, 1, 0, 0, 0, 0, 0, 0, 0, 0, 0, 0, 0, 0, 1, 0, 0, 1, 0, 1, 0, 1, 0, 0, 1, 0, 0, 0, 0, 0, 0, 0, 0, 0, 0, 0, 0, 0, 1, 1, 1, 0, 0, 1, 0, 0, 0, 0, 0, 0, 0, 0, 1, 0, 0, 1, 0, 0, 0, 0, 0, 0, 0, 0, 0, 0, 0, 0, 0, 0, 1, 1, 1, 0, 1, 1, 0, 0, 0, 0, 0, 0, 0, 1, 1, 1, 0, 0, 1, 0, 1, 0, 0, 0, 1, 1, 1, 3, 0, 0, 0, 0, 0, 1, 0, 0, 0, 0, 0, 0, 0, 0, 0, 1, 1, 0, 1, 0, 0, 0, 0, 1, 0, 0, 1, 0, 0, 0, 0, 0, 0, 1, 0, 0, 1, 0, 0, 0, 0, 0, 0, 0, 0, 0, 0, 1, 1, 0, 0, 0, 0, 0, 0, 0, 0, 0, 0, 0]

Mean:0.252
Median:0.0
Mode:0
Seed:179


Seeds:
[46, 140, 131, 537, 485, 125, 126, 308, 686, 260, 661, 980, 947, 723, 429, 661, 115, 881, 869, 403, 706, 696, 909, 553, 912, 202, 574, 381, 3, 179]

Means:
[14.454, 0.31, 0.446, 1.004, 0.242, 0.418, 1.604, 0.272, 2.182, 0.416, 0.27, 4.238, 4.112, 1.096, 14.46, 0.27, 1.042, 6.906, 3.576, 1.232, 14.462, 0.282, 1.45, 13.518, 0.046, 0.226, 3.66, 3.796, 0.602, 0.252]

Medians:
[14.0, 0.0, 0.0, 1.0, 0.0, 0.0, 1.0, 0.0, 1.0, 0.0, 0.0, 3.0, 3.0, 1.0, 14.0, 0.0, 0.0, 7.0, 2.0, 1.0, 14.0, 0.0, 1.0, 13.0, 0.0, 0.0, 3.0, 3.0, 0.0, 0.0]

Modes:
[14, 0, 0, 1, 0, 0, 0, 0, 0, 0, 0, 0, 0, 0, 14, 0, 0, 10, 0, 0, 14, 0, 1, 13, 0, 0, 0, 1, 0, 0]


Top Level Results:
Mean:3.2281333333333335
Median:1.0
Mode:0



