[28, 31, 33, 32, 2, 32, 26, 8, 4, 26, 29, 28, 15, 15, 29, 19, 28, 26, 19, 18, 23, 18, 21, 21, 28, 28, 20, 14, 20, 24, 32, 27, 25, 15, 26, 33, 26, 27, 15, 23, 29, 22, 22, 9, 23, 3, 23, 27, 1, 1, 32, 25, 31, 28, 37, 17, 17, 29, 33, 30, 8, 16, 26, 28, 27, 32, 21, 23, 1, 32, 22, 28, 26, 37, 3, 34, 40, 24, 23, 30, 21, 24, 23, 22, 23, 32, 28, 26, 23, 27, 32, 1, 24, 18, 21, 28, 23, 24, 6, 6, 14, 28, 32, 26, 26, 16, 20, 17, 27, 28, 29, 32, 19, 27, 29, 33, 31, 13, 10, 25, 36, 20, 22, 36, 9, 1, 31, 31, 27, 27, 19, 24, 21, 19, 22, 20, 27, 16, 26, 22, 36, 21, 20, 19, 24, 1, 26, 37, 25, 27, 32, 13, 30, 22, 31, 9, 32, 17, 19, 11, 21, 17, 32, 30, 26, 30, 20, 1, 22, 1, 29, 25, 5, 18, 13, 26, 31, 28, 20, 29, 26, 26, 24, 27, 30, 3, 33, 21, 24, 2, 17, 37, 15, 28, 23, 31, 33, 22, 16, 5, 22, 1, 26, 17, 17, 17, 34, 35, 24, 20, 27, 25, 23, 20, 23, 4, 30, 18, 21, 29, 23, 32, 34, 27, 18, 21, 20, 7, 27, 7, 27, 16, 30, 16, 23, 20, 6, 40, 7, 33, 21, 33, 22, 30, 31, 29, 3, 23, 1, 34, 30, 29, 16, 25, 20, 24, 24, 24, 26, 30, 20, 1, 9, 25, 30, 30, 23, 21, 32, 32, 27, 27, 22, 25, 24, 20, 32, 20, 13, 21, 27, 5, 29, 19, 15, 1, 6, 32, 33, 26, 19, 26, 26, 24, 23, 29, 35, 32, 28, 28, 26, 32, 15, 3, 23, 23, 35, 29, 31, 31, 29, 26, 24, 34, 37, 21, 28, 29, 33, 33, 20, 21, 18, 23, 24, 28, 27, 25, 23, 24, 29, 28, 1, 24, 29, 28, 32, 27, 31, 29, 27, 25, 30, 34, 22, 26, 31, 28, 30, 32, 22, 18, 13, 34, 22, 30, 20, 27, 26, 24, 24, 23, 23, 33, 8, 20, 30, 30, 36, 28, 19, 12, 22, 25, 30, 26, 32, 23, 4, 4, 36, 36, 33, 22, 21, 2, 21, 26, 15, 19, 13, 23, 30, 18, 33, 13, 21, 18, 16, 10, 30, 19, 36, 28, 33, 27, 4, 32, 1, 24, 25, 26, 28, 19, 21, 33, 22, 20, 27, 20, 30, 28, 16, 24, 28, 23, 25, 12, 35, 31, 27, 25, 25, 24, 18, 30, 28, 32, 17, 32, 27, 1, 25, 24, 30, 17, 5, 1, 33, 26, 21, 6, 29, 23, 27, 20, 23, 34, 16, 16, 24, 24, 22, 1, 26, 27, 29, 27, 16, 31, 29, 26, 25, 24, 22, 33, 20, 29, 24, 32, 34, 20, 28, 24, 32, 24, 33, 20, 28, 18, 10, 28, 28, 20, 25, 23, 29, 30, 33, 2]

Mean:23.166
Median:24.5
Mode:28
Seed:126


[2, 2, 2, 1, 1, 1, 2, 1, 4, 1, 1, 1, 0, 4, 2, 1, 4, 2, 1, 2, 1, 2, 1, 0, 2, 3, 2, 2, 3, 1, 1, 1, 2, 1, 1, 1, 1, 3, 4, 1, 1, 3, 1, 1, 3, 5, 2, 1, 3, 1, 2, 1, 1, 2, 3, 2, 1, 1, 2, 1, 1, 2, 0, 1, 1, 2, 1, 2, 1, 2, 2, 2, 2, 2, 1, 4, 3, 3, 2, 1, 2, 1, 1, 2, 2, 1, 2, 2, 1, 1, 1, 1, 2, 1, 1, 3, 2, 1, 1, 3, 1, 2, 1, 1, 0, 2, 1, 1, 2, 1, 2, 1, 1, 4, 1, 1, 1, 5, 1, 1, 3, 5, 2, 3, 1, 1, 3, 2, 2, 1, 1, 1, 1, 1, 1, 1, 1, 1, 2, 3, 2, 1, 2, 1, 2, 1, 1, 3, 1, 0, 2, 2, 4, 1, 3, 1, 1, 1, 1, 1, 1, 1, 3, 2, 1, 2, 1, 2, 3, 5, 0, 4, 3, 1, 1, 0, 1, 1, 2, 3, 1, 1, 1, 2, 2, 1, 1, 1, 5, 1, 2, 2, 7, 4, 3, 1, 1, 1, 1, 2, 1, 5, 1, 3, 1, 3, 0, 2, 1, 1, 2, 1, 1, 2, 1, 2, 1, 4, 1, 0, 2, 1, 1, 3, 1, 1, 2, 1, 2, 2, 2, 1, 3, 1, 2, 2, 1, 1, 2, 2, 3, 1, 2, 2, 2, 4, 3, 1, 4, 1, 1, 1, 2, 4, 3, 2, 1, 2, 1, 2, 1, 3, 1, 2, 2, 1, 2, 1, 1, 4, 2, 2, 2, 2, 0, 2, 1, 2, 1, 2, 2, 1, 2, 1, 1, 2, 2, 1, 2, 1, 3, 3, 2, 2, 1, 3, 1, 1, 1, 1, 3, 1, 1, 0, 2, 1, 1, 2, 2, 2, 2, 2, 2, 2, 1, 4, 2, 1, 1, 3, 1, 2, 1, 3, 2, 1, 1, 2, 1, 3, 2, 2, 1, 2, 3, 2, 0, 2, 3, 1, 2, 2, 1, 1, 1, 2, 1, 2, 2, 3, 4, 3, 1, 1, 2, 1, 5, 1, 4, 3, 2, 0, 1, 0, 2, 2, 1, 0, 1, 2, 0, 3, 1, 2, 1, 2, 3, 1, 3, 3, 2, 2, 1, 1, 1, 3, 2, 2, 1, 2, 3, 3, 0, 1, 1, 4, 5, 2, 1, 1, 2, 1, 4, 3, 2, 1, 1, 1, 1, 1, 5, 2, 1, 1, 4, 1, 1, 2, 1, 2, 1, 1, 3, 2, 1, 1, 3, 1, 1, 4, 1, 2, 1, 1, 1, 1, 1, 1, 2, 0, 2, 1, 3, 0, 1, 1, 1, 3, 2, 2, 1, 3, 1, 1, 2, 1, 2, 1, 3, 1, 1, 2, 1, 2, 1, 1, 4, 1, 2, 4, 3, 1, 4, 1, 2, 2, 1, 2, 1, 2, 1, 1, 2, 3, 2, 1, 6, 1, 2, 1, 4, 1, 2, 1, 2, 3, 1, 1, 2, 1]

Mean:1.748
Median:1.0
Mode:1
Seed:85


[11, 2, 11, 5, 2, 6, 9, 1, 6, 5, 1, 8, 4, 7, 5, 1, 2, 6, 2, 6, 1, 2, 7, 12, 6, 7, 1, 2, 1, 4, 8, 6, 1, 2, 5, 3, 13, 4, 4, 4, 3, 2, 10, 3, 1, 5, 1, 4, 2, 4, 1, 3, 1, 10, 11, 5, 1, 6, 8, 0, 6, 1, 1, 5, 2, 3, 6, 2, 3, 1, 7, 1, 7, 5, 3, 3, 5, 0, 2, 1, 3, 2, 1, 7, 5, 3, 3, 3, 2, 5, 2, 1, 6, 5, 3, 4, 4, 11, 2, 3, 2, 4, 12, 10, 1, 14, 2, 1, 3, 6, 6, 3, 3, 12, 3, 2, 2, 9, 3, 3, 10, 4, 1, 7, 3, 1, 10, 1, 4, 16, 1, 6, 14, 11, 4, 3, 1, 1, 3, 1, 7, 5, 4, 0, 2, 4, 5, 3, 5, 1, 10, 1, 8, 4, 3, 1, 0, 7, 6, 2, 6, 4, 2, 12, 0, 8, 2, 3, 7, 1, 3, 7, 1, 2, 2, 10, 1, 1, 8, 8, 1, 1, 3, 2, 1, 1, 1, 3, 1, 6, 5, 1, 3, 3, 7, 12, 3, 3, 4, 13, 3, 3, 6, 15, 2, 1, 2, 3, 5, 2, 1, 4, 15, 3, 5, 6, 2, 1, 1, 1, 4, 1, 3, 1, 1, 3, 6, 3, 2, 2, 1, 3, 5, 7, 8, 11, 4, 2, 5, 4, 2, 1, 3, 8, 1, 6, 2, 3, 0, 5, 4, 8, 4, 2, 10, 10, 3, 3, 9, 6, 6, 0, 5, 3, 3, 2, 1, 1, 3, 1, 3, 7, 7, 6, 1, 3, 9, 2, 2, 3, 9, 8, 10, 5, 4, 6, 1, 8, 4, 5, 3, 1, 2, 8, 0, 1, 6, 4, 6, 9, 8, 3, 2, 2, 2, 8, 6, 1, 2, 1, 9, 5, 0, 6, 3, 0, 4, 3, 0, 7, 11, 8, 1, 7, 7, 1, 1, 3, 1, 8, 3, 3, 3, 7, 2, 3, 3, 2, 6, 1, 1, 2, 6, 1, 1, 5, 2, 5, 3, 4, 1, 4, 7, 6, 3, 4, 6, 10, 2, 2, 2, 2, 2, 2, 4, 9, 12, 7, 3, 12, 7, 5, 1, 4, 9, 6, 9, 19, 9, 5, 7, 7, 8, 8, 4, 1, 1, 3, 5, 3, 7, 2, 6, 2, 4, 4, 6, 2, 5, 9, 1, 4, 9, 5, 1, 1, 1, 1, 2, 5, 5, 1, 3, 5, 8, 1, 1, 6, 4, 6, 5, 1, 11, 4, 3, 2, 2, 7, 1, 1, 2, 7, 4, 1, 3, 1, 1, 5, 5, 4, 10, 10, 6, 6, 5, 1, 2, 5, 5, 3, 2, 5, 5, 1, 3, 1, 2, 2, 7, 5, 5, 3, 9, 2, 3, 4, 7, 2, 1, 10, 7, 11, 2, 10, 3, 6, 6, 3, 1, 5, 6, 2, 3, 4, 9, 3, 3, 3, 4, 2, 2, 3, 10, 1, 3, 1, 2, 1, 3, 1]

Mean:4.228
Median:3.0
Mode:1
Seed:560


[1, 2, 1, 1, 1, 2, 1, 2, 1, 1, 1, 2, 1, 1, 1, 1, 0, 0, 0, 3, 0, 2, 2, 1, 0, 2, 1, 1, 0, 2, 1, 2, 1, 3, 1, 0, 1, 1, 1, 1, 2, 1, 1, 0, 0, 1, 1, 1, 2, 2, 1, 1, 1, 0, 0, 1, 1, 2, 1, 3, 1, 0, 1, 0, 2, 0, 1, 3, 0, 2, 2, 1, 0, 1, 2, 1, 1, 0, 1, 1, 1, 1, 0, 1, 1, 2, 0, 2, 1, 1, 1, 0, 4, 2, 3, 0, 0, 0, 1, 2, 1, 1, 1, 1, 2, 1, 1, 2, 0, 1, 1, 3, 3, 1, 1, 0, 0, 1, 0, 1, 2, 3, 3, 0, 2, 1, 1, 0, 1, 2, 1, 1, 2, 0, 1, 2, 1, 1, 1, 1, 1, 1, 2, 1, 1, 1, 1, 1, 1, 1, 0, 2, 1, 1, 0, 1, 3, 0, 0, 1, 1, 0, 1, 1, 1, 1, 1, 1, 0, 2, 2, 1, 1, 2, 1, 1, 1, 1, 2, 0, 1, 1, 0, 1, 2, 1, 1, 2, 0, 1, 0, 0, 0, 0, 1, 4, 1, 1, 0, 1, 1, 1, 1, 1, 0, 4, 1, 1, 1, 0, 1, 1, 0, 2, 1, 1, 2, 0, 1, 1, 1, 1, 2, 2, 2, 1, 1, 0, 1, 1, 2, 0, 0, 1, 1, 1, 0, 0, 1, 1, 0, 1, 0, 1, 1, 0, 1, 0, 3, 0, 2, 0, 2, 2, 1, 0, 1, 1, 0, 0, 3, 2, 1, 1, 0, 0, 1, 1, 0, 0, 2, 1, 1, 2, 0, 1, 0, 1, 2, 2, 1, 1, 0, 1, 0, 1, 0, 4, 2, 1, 1, 2, 3, 2, 1, 0, 0, 1, 0, 2, 0, 1, 2, 1, 1, 1, 2, 2, 1, 1, 0, 1, 1, 2, 0, 2, 0, 5, 1, 0, 1, 2, 2, 2, 2, 1, 2, 0, 2, 0, 1, 1, 2, 1, 0, 1, 3, 3, 2, 1, 2, 1, 1, 1, 0, 1, 1, 1, 1, 0, 1, 1, 1, 0, 2, 3, 0, 4, 2, 1, 1, 2, 1, 2, 1, 2, 0, 0, 1, 0, 1, 0, 1, 1, 2, 0, 2, 0, 1, 0, 1, 2, 0, 1, 0, 1, 1, 1, 0, 1, 0, 0, 1, 1, 1, 1, 0, 2, 1, 2, 2, 2, 1, 1, 1, 1, 4, 2, 1, 2, 3, 0, 1, 0, 1, 3, 0, 1, 1, 1, 1, 1, 2, 0, 0, 3, 0, 0, 2, 1, 1, 2, 0, 4, 1, 1, 2, 2, 1, 1, 2, 1, 1, 3, 2, 2, 2, 1, 0, 1, 2, 1, 2, 0, 0, 1, 2, 1, 1, 2, 2, 2, 3, 1, 0, 0, 1, 1, 0, 3, 1, 1, 1, 2, 2, 1, 1, 0, 2, 2, 1, 1, 0, 2, 1, 0, 0, 1, 0, 1, 1, 1, 1, 1, 1, 1, 1, 1, 1, 1]

Mean:1.106
Median:1.0
Mode:1
Seed:979


[1, 9, 19, 5, 30, 18, 29, 6, 2, 25, 14, 6, 11, 22, 11, 1, 16, 25, 8, 21, 16, 14, 24, 18, 14, 7, 5, 17, 25, 21, 5, 28, 2, 17, 17, 1, 18, 16, 9, 5, 30, 7, 23, 16, 6, 13, 29, 11, 1, 15, 3, 26, 26, 28, 1, 26, 10, 9, 22, 15, 27, 16, 19, 5, 26, 7, 1, 20, 14, 19, 9, 19, 16, 14, 19, 0, 24, 13, 9, 4, 8, 1, 25, 5, 1, 11, 4, 16, 6, 22, 16, 2, 4, 17, 4, 20, 14, 20, 16, 26, 31, 23, 23, 11, 16, 15, 8, 22, 3, 23, 8, 26, 19, 28, 16, 30, 4, 5, 20, 11, 25, 38, 23, 9, 10, 5, 7, 24, 18, 18, 12, 29, 4, 6, 9, 1, 15, 23, 10, 23, 17, 2, 19, 2, 24, 5, 22, 1, 36, 2, 9, 8, 17, 12, 13, 13, 10, 19, 0, 13, 22, 19, 24, 21, 27, 8, 15, 6, 11, 23, 21, 3, 20, 10, 14, 16, 16, 1, 18, 16, 11, 9, 4, 16, 8, 8, 16, 23, 7, 13, 19, 28, 13, 7, 23, 17, 6, 1, 4, 17, 4, 18, 23, 3, 6, 16, 6, 13, 28, 6, 21, 31, 5, 13, 24, 13, 13, 2, 18, 6, 18, 22, 3, 2, 6, 10, 20, 3, 8, 8, 14, 26, 8, 8, 25, 14, 39, 14, 16, 21, 29, 13, 7, 17, 24, 6, 13, 9, 10, 17, 13, 21, 11, 16, 19, 15, 20, 4, 2, 18, 13, 8, 12, 7, 9, 19, 17, 17, 25, 16, 25, 8, 14, 28, 17, 22, 1, 2, 5, 17, 4, 17, 3, 5, 13, 5, 39, 29, 25, 23, 16, 21, 5, 34, 17, 0, 2, 1, 14, 20, 15, 7, 16, 24, 11, 3, 3, 2, 8, 18, 11, 19, 12, 15, 1, 9, 6, 21, 25, 24, 6, 8, 21, 8, 4, 19, 21, 4, 20, 14, 6, 16, 8, 8, 15, 1, 23, 21, 10, 18, 16, 14, 30, 18, 1, 7, 28, 27, 27, 2, 10, 10, 15, 15, 24, 17, 16, 20, 8, 1, 21, 13, 12, 6, 5, 1, 19, 18, 24, 26, 3, 21, 28, 6, 14, 5, 15, 21, 26, 4, 18, 6, 2, 22, 11, 23, 1, 8, 13, 11, 16, 20, 17, 21, 23, 18, 6, 14, 7, 31, 22, 18, 2, 9, 17, 17, 25, 18, 8, 21, 24, 18, 4, 5, 6, 23, 14, 22, 10, 8, 24, 29, 19, 17, 4, 9, 30, 10, 0, 29, 14, 3, 31, 22, 11, 4, 2, 5, 20, 28, 8, 2, 17, 13, 2, 12, 21, 23, 6, 22, 2, 23, 19, 16, 13, 8, 27, 4, 13, 25, 6, 17, 14, 25, 3, 5, 7, 16, 39, 8, 16, 5, 19, 5, 7, 19, 18, 2, 9, 5, 3, 15, 21, 14, 8, 13, 23, 21, 33, 18, 20, 7, 15, 9, 13, 8, 7, 5, 21, 30]

Mean:14.146
Median:14.0
Mode:16
Seed:577


[1, 6, 1, 6, 11, 8, 8, 2, 3, 8, 1, 5, 7, 5, 1, 1, 3, 7, 6, 6, 2, 4, 9, 8, 11, 7, 5, 10, 10, 3, 4, 10, 12, 9, 3, 3, 3, 6, 2, 2, 8, 8, 1, 6, 8, 1, 10, 3, 17, 2, 1, 1, 1, 2, 1, 9, 6, 2, 10, 5, 8, 16, 4, 9, 9, 6, 12, 2, 4, 7, 4, 2, 4, 5, 6, 11, 3, 4, 3, 4, 4, 6, 7, 7, 4, 2, 4, 15, 3, 1, 2, 5, 7, 2, 3, 7, 7, 1, 4, 1, 4, 2, 2, 7, 1, 4, 1, 4, 6, 2, 1, 1, 5, 3, 1, 4, 1, 4, 5, 9, 5, 4, 13, 8, 2, 2, 7, 1, 7, 4, 1, 4, 3, 7, 1, 4, 9, 16, 3, 3, 6, 3, 13, 4, 3, 2, 9, 8, 8, 4, 10, 2, 4, 1, 5, 4, 7, 2, 2, 1, 5, 4, 1, 5, 12, 4, 5, 2, 9, 6, 4, 1, 3, 9, 8, 3, 1, 1, 4, 2, 4, 7, 7, 7, 2, 16, 4, 5, 3, 1, 5, 11, 4, 4, 1, 12, 11, 1, 8, 10, 7, 10, 3, 15, 12, 1, 10, 2, 1, 4, 10, 4, 2, 4, 10, 13, 5, 10, 9, 5, 10, 11, 10, 4, 4, 3, 12, 1, 9, 5, 5, 4, 9, 1, 3, 4, 4, 9, 10, 5, 5, 5, 9, 14, 1, 1, 12, 1, 2, 4, 2, 2, 9, 8, 9, 9, 4, 9, 3, 6, 4, 6, 2, 5, 9, 2, 3, 2, 6, 2, 3, 1, 4, 13, 4, 4, 10, 2, 7, 4, 7, 1, 8, 2, 3, 12, 7, 2, 7, 3, 3, 6, 4, 4, 7, 1, 12, 8, 8, 4, 6, 9, 2, 2, 4, 8, 2, 2, 1, 2, 15, 4, 6, 13, 2, 9, 5, 2, 9, 7, 4, 5, 4, 3, 3, 2, 2, 1, 8, 4, 1, 4, 6, 1, 8, 8, 2, 9, 5, 3, 4, 6, 1, 4, 13, 5, 6, 7, 12, 4, 6, 10, 9, 11, 2, 4, 3, 3, 2, 5, 4, 3, 14, 13, 4, 4, 2, 1, 4, 8, 6, 4, 10, 15, 4, 4, 3, 1, 8, 4, 7, 2, 1, 4, 4, 1, 5, 1, 2, 11, 8, 4, 5, 7, 2, 5, 7, 6, 12, 5, 1, 11, 3, 3, 4, 7, 17, 3, 5, 17, 4, 3, 6, 3, 4, 5, 5, 3, 4, 9, 2, 11, 7, 6, 5, 3, 3, 3, 2, 1, 5, 7, 2, 2, 1, 3, 3, 5, 8, 12, 2, 6, 2, 11, 9, 5, 5, 7, 11, 2, 8, 5, 4, 1, 1, 11, 1, 2, 5, 3, 5, 9, 3, 7, 5, 4, 3, 2, 3, 13, 4, 4, 1, 3, 10, 9, 3, 5, 2, 4, 2, 2, 9, 2, 4, 10, 4, 4, 3, 4, 1, 5, 4, 2, 8, 3, 2, 1, 2, 6]

Mean:5.21
Median:4.0
Mode:4
Seed:614


[1, 3, 0, 2, 1, 0, 3, 2, 1, 2, 2, 1, 1, 1, 1, 1, 2, 2, 0, 3, 2, 4, 0, 4, 2, 1, 3, 2, 1, 1, 0, 0, 0, 0, 0, 0, 1, 0, 0, 1, 1, 3, 0, 5, 0, 1, 1, 1, 1, 1, 5, 4, 2, 9, 1, 1, 2, 1, 0, 1, 3, 3, 0, 3, 0, 2, 1, 0, 5, 1, 1, 1, 2, 1, 0, 1, 3, 0, 0, 7, 1, 2, 1, 2, 0, 1, 1, 2, 1, 2, 0, 0, 3, 1, 3, 1, 2, 0, 3, 4, 1, 2, 1, 0, 0, 1, 1, 1, 2, 0, 0, 0, 2, 1, 0, 1, 2, 5, 2, 1, 2, 0, 2, 2, 1, 5, 2, 2, 3, 3, 0, 0, 2, 3, 0, 2, 2, 5, 2, 0, 4, 1, 0, 0, 2, 2, 0, 1, 2, 5, 1, 0, 1, 1, 2, 2, 3, 0, 2, 5, 0, 0, 0, 4, 2, 1, 1, 1, 2, 1, 1, 0, 0, 3, 2, 7, 0, 1, 1, 0, 2, 2, 2, 1, 1, 1, 4, 2, 2, 2, 1, 0, 1, 1, 3, 3, 2, 3, 1, 0, 1, 6, 2, 3, 2, 3, 5, 5, 2, 2, 2, 0, 2, 0, 0, 2, 2, 1, 2, 0, 0, 0, 2, 1, 3, 1, 3, 2, 2, 1, 1, 1, 1, 1, 2, 2, 0, 2, 3, 3, 0, 1, 3, 1, 2, 1, 8, 2, 1, 4, 0, 2, 3, 3, 2, 2, 1, 2, 2, 0, 2, 1, 2, 1, 1, 1, 6, 3, 1, 2, 0, 0, 4, 0, 4, 0, 3, 1, 1, 1, 1, 2, 2, 3, 2, 2, 0, 1, 2, 1, 1, 0, 2, 3, 1, 2, 2, 0, 2, 0, 1, 1, 2, 0, 2, 3, 1, 0, 0, 5, 0, 3, 3, 1, 1, 1, 0, 3, 2, 1, 2, 2, 1, 2, 1, 2, 0, 4, 3, 2, 3, 2, 5, 2, 2, 1, 0, 2, 3, 2, 2, 1, 0, 3, 2, 2, 2, 2, 2, 2, 2, 3, 0, 0, 0, 2, 1, 2, 2, 0, 0, 2, 2, 2, 1, 0, 0, 0, 2, 2, 0, 2, 0, 0, 0, 3, 0, 1, 0, 0, 0, 0, 1, 2, 0, 2, 1, 1, 2, 0, 1, 2, 4, 2, 1, 2, 0, 4, 2, 3, 0, 1, 1, 3, 0, 1, 2, 0, 0, 3, 4, 1, 2, 1, 1, 3, 0, 2, 0, 1, 1, 2, 4, 0, 2, 1, 0, 1, 0, 4, 0, 0, 3, 2, 0, 2, 1, 1, 0, 4, 2, 0, 0, 1, 1, 1, 3, 2, 2, 3, 2, 0, 1, 2, 3, 0, 2, 1, 1, 7, 1, 3, 3, 0, 0, 2, 1, 1, 0, 3, 5, 0, 1, 0, 0, 0, 1, 3, 1, 0, 1, 5, 1, 2, 2, 1, 0, 2, 0, 3, 1, 1, 1, 2, 4, 3, 2, 4, 1, 0]

Mean:1.568
Median:1.0
Mode:1
Seed:244


[8, 1, 5, 0, 0, 12, 4, 21, 1, 2, 4, 0, 20, 15, 2, 7, 13, 3, 6, 2, 0, 6, 14, 2, 1, 6, 3, 15, 5, 1, 0, 16, 4, 3, 1, 13, 8, 3, 4, 1, 2, 6, 7, 18, 10, 19, 5, 7, 9, 4, 1, 20, 3, 4, 14, 6, 8, 10, 13, 16, 11, 7, 6, 1, 2, 11, 4, 10, 2, 4, 4, 13, 5, 5, 5, 3, 14, 5, 3, 1, 8, 10, 2, 5, 5, 7, 11, 1, 18, 8, 1, 7, 4, 9, 1, 6, 5, 8, 13, 14, 4, 2, 13, 5, 19, 10, 11, 12, 12, 16, 3, 0, 5, 1, 7, 0, 5, 4, 3, 8, 0, 4, 0, 5, 5, 5, 4, 6, 6, 2, 2, 4, 14, 7, 8, 2, 8, 25, 19, 3, 9, 6, 3, 3, 2, 6, 8, 2, 1, 2, 2, 15, 5, 14, 13, 1, 0, 15, 13, 14, 8, 11, 5, 2, 3, 1, 8, 1, 12, 7, 4, 5, 9, 2, 6, 2, 7, 19, 1, 2, 4, 5, 19, 6, 7, 20, 8, 7, 13, 2, 7, 8, 17, 3, 15, 14, 10, 16, 4, 7, 2, 17, 13, 5, 15, 6, 10, 15, 28, 3, 6, 11, 20, 6, 11, 14, 0, 1, 17, 7, 15, 7, 6, 10, 10, 10, 14, 5, 3, 1, 0, 1, 12, 6, 0, 13, 7, 0, 16, 0, 3, 9, 6, 5, 9, 2, 8, 2, 8, 11, 1, 13, 19, 2, 16, 19, 1, 6, 10, 10, 3, 0, 11, 2, 6, 1, 10, 6, 18, 11, 9, 22, 7, 0, 2, 9, 15, 21, 4, 10, 14, 18, 2, 10, 10, 9, 13, 9, 3, 3, 2, 11, 12, 2, 2, 9, 13, 6, 7, 21, 6, 2, 5, 11, 3, 2, 8, 0, 14, 1, 3, 6, 13, 9, 19, 1, 3, 16, 6, 7, 3, 16, 15, 14, 2, 10, 4, 4, 3, 10, 6, 3, 0, 6, 21, 10, 10, 3, 18, 9, 1, 2, 4, 6, 2, 0, 9, 2, 0, 14, 3, 10, 9, 4, 13, 2, 7, 2, 1, 1, 3, 1, 6, 4, 11, 7, 5, 5, 3, 4, 10, 12, 10, 5, 2, 5, 8, 7, 0, 12, 12, 0, 2, 15, 1, 6, 0, 12, 0, 1, 7, 3, 5, 0, 7, 5, 9, 14, 4, 3, 6, 0, 14, 3, 2, 4, 13, 2, 3, 4, 5, 7, 0, 21, 7, 3, 10, 6, 9, 15, 13, 18, 8, 14, 1, 11, 7, 2, 0, 5, 6, 11, 1, 11, 17, 8, 13, 12, 10, 3, 7, 0, 0, 18, 10, 4, 4, 6, 4, 1, 11, 16, 20, 21, 10, 18, 5, 0, 12, 1, 15, 6, 7, 3, 1, 9, 4, 3, 13, 11, 17, 3, 10, 0, 15, 22, 8, 2, 7, 1, 3, 3, 6, 2, 6, 6, 3, 3, 16, 9, 1, 15, 11, 12, 1, 16, 6, 13, 2, 7]

Mean:7.24
Median:6.0
Mode:2
Seed:565


[1, 8, 12, 0, 10, 1, 8, 8, 5, 1, 0, 0, 4, 5, 1, 2, 4, 7, 1, 7, 0, 13, 5, 13, 3, 0, 8, 0, 2, 6, 1, 10, 15, 12, 3, 8, 0, 0, 4, 0, 1, 13, 2, 0, 7, 1, 0, 8, 2, 4, 3, 8, 0, 0, 3, 3, 7, 7, 11, 13, 0, 3, 11, 13, 13, 0, 0, 4, 9, 10, 5, 14, 17, 7, 22, 3, 8, 3, 0, 0, 15, 1, 2, 6, 0, 2, 3, 1, 10, 0, 4, 4, 1, 2, 1, 7, 0, 0, 0, 3, 9, 5, 12, 7, 2, 1, 1, 12, 4, 5, 2, 1, 9, 3, 13, 0, 0, 13, 0, 10, 12, 9, 7, 7, 1, 4, 0, 3, 16, 6, 0, 2, 0, 11, 12, 0, 14, 0, 2, 1, 6, 17, 0, 3, 0, 0, 13, 0, 0, 9, 2, 15, 6, 3, 0, 8, 5, 8, 0, 1, 2, 17, 5, 0, 0, 9, 0, 4, 0, 0, 1, 0, 7, 0, 1, 7, 6, 6, 10, 0, 5, 2, 9, 6, 6, 2, 2, 4, 11, 2, 0, 0, 12, 0, 2, 7, 0, 0, 6, 0, 2, 5, 7, 5, 16, 4, 5, 5, 0, 3, 3, 3, 3, 6, 0, 0, 9, 5, 0, 0, 1, 6, 1, 4, 1, 0, 1, 2, 2, 7, 0, 0, 0, 7, 0, 4, 6, 3, 4, 8, 0, 2, 0, 4, 6, 12, 0, 11, 0, 0, 9, 0, 8, 4, 6, 14, 9, 0, 8, 3, 13, 4, 0, 0, 11, 0, 12, 4, 0, 11, 6, 5, 8, 6, 11, 6, 2, 1, 8, 9, 1, 0, 0, 4, 1, 0, 0, 6, 11, 8, 11, 4, 5, 2, 0, 1, 5, 9, 11, 9, 8, 10, 11, 1, 0, 0, 3, 7, 0, 4, 6, 1, 0, 2, 11, 1, 4, 3, 0, 9, 8, 9, 11, 1, 11, 0, 5, 5, 0, 1, 8, 0, 8, 2, 4, 1, 7, 5, 9, 1, 2, 3, 7, 8, 17, 1, 4, 4, 0, 0, 9, 9, 3, 0, 5, 4, 2, 0, 6, 12, 9, 7, 1, 13, 5, 10, 2, 1, 0, 0, 0, 10, 7, 9, 0, 8, 2, 0, 13, 2, 9, 11, 10, 1, 0, 4, 7, 0, 1, 8, 12, 6, 7, 10, 0, 19, 0, 1, 7, 3, 6, 1, 0, 0, 3, 0, 0, 2, 2, 4, 2, 15, 9, 1, 6, 5, 8, 0, 0, 5, 4, 2, 4, 0, 0, 8, 0, 5, 17, 3, 11, 0, 1, 0, 7, 13, 3, 0, 0, 2, 0, 7, 2, 1, 0, 0, 0, 1, 0, 4, 4, 7, 5, 6, 3, 8, 2, 0, 7, 12, 8, 7, 1, 0, 6, 12, 3, 5, 6, 1, 1, 0, 11, 4, 0, 6, 6, 0, 2, 11, 3, 11, 6, 5, 3, 10, 0, 15, 6, 3, 4, 1, 11, 11, 2, 7, 9, 7, 6, 13]

Mean:4.632
Median:4.0
Mode:0
Seed:402


[7, 1, 1, 12, 7, 4, 2, 2, 2, 5, 1, 2, 1, 1, 2, 4, 7, 10, 10, 0, 2, 1, 1, 7, 0, 8, 6, 8, 6, 1, 3, 2, 4, 0, 4, 5, 1, 7, 4, 3, 0, 5, 1, 2, 2, 2, 0, 10, 4, 0, 3, 4, 5, 4, 13, 0, 3, 4, 0, 6, 1, 4, 1, 9, 1, 6, 7, 1, 0, 2, 5, 4, 2, 3, 4, 6, 2, 2, 10, 2, 3, 5, 10, 7, 9, 12, 1, 1, 1, 2, 1, 2, 3, 6, 4, 3, 0, 3, 3, 1, 2, 3, 5, 5, 2, 0, 1, 8, 11, 2, 1, 4, 8, 3, 8, 1, 12, 2, 0, 1, 3, 6, 5, 2, 2, 5, 3, 3, 1, 2, 4, 6, 1, 2, 2, 1, 0, 2, 0, 2, 2, 10, 4, 14, 2, 1, 9, 6, 2, 4, 6, 2, 2, 1, 2, 2, 5, 13, 2, 8, 2, 2, 1, 0, 12, 3, 4, 4, 2, 2, 1, 7, 2, 1, 2, 6, 4, 7, 11, 6, 8, 0, 0, 2, 2, 1, 1, 1, 2, 4, 0, 6, 1, 3, 4, 0, 5, 14, 8, 2, 2, 7, 1, 0, 1, 4, 3, 10, 0, 6, 7, 4, 1, 3, 6, 1, 2, 0, 2, 1, 6, 3, 12, 8, 2, 8, 7, 7, 2, 5, 1, 3, 4, 6, 0, 1, 1, 2, 3, 9, 0, 1, 4, 1, 8, 0, 1, 12, 0, 7, 4, 1, 8, 11, 1, 3, 14, 1, 8, 0, 1, 4, 6, 6, 2, 2, 7, 0, 2, 5, 6, 2, 1, 0, 9, 3, 1, 1, 6, 3, 3, 1, 7, 3, 10, 2, 0, 6, 0, 3, 6, 3, 3, 0, 8, 2, 9, 2, 1, 1, 4, 5, 3, 6, 2, 1, 3, 10, 11, 0, 8, 7, 6, 2, 1, 7, 9, 2, 4, 3, 7, 4, 9, 1, 3, 1, 6, 6, 1, 1, 8, 16, 5, 4, 1, 3, 1, 4, 5, 3, 2, 5, 1, 5, 1, 6, 4, 11, 5, 0, 2, 3, 5, 4, 2, 1, 5, 6, 0, 3, 0, 1, 1, 3, 2, 1, 0, 3, 5, 2, 10, 1, 3, 1, 4, 1, 4, 5, 3, 1, 2, 1, 2, 4, 1, 3, 0, 4, 0, 4, 4, 4, 5, 2, 6, 6, 8, 8, 2, 11, 4, 2, 3, 4, 2, 2, 11, 3, 1, 2, 0, 3, 2, 0, 4, 6, 1, 7, 5, 6, 11, 5, 1, 0, 5, 3, 5, 4, 3, 1, 1, 4, 9, 3, 2, 2, 1, 5, 2, 1, 4, 1, 0, 8, 2, 1, 7, 1, 2, 1, 4, 1, 1, 5, 0, 2, 12, 2, 4, 3, 0, 4, 3, 2, 2, 1, 2, 0, 2, 6, 6, 3, 6, 6, 2, 4, 6, 2, 10, 6, 4, 7, 3, 5, 2, 3, 1, 3, 2, 4, 0, 4, 0, 1, 6, 1, 15, 5, 8, 5]

Mean:3.692
Median:3.0
Mode:1
Seed:23


Seeds:
[126, 85, 560, 979, 577, 614, 244, 565, 402, 23]

Means:
[23.166, 1.748, 4.228, 1.106, 14.146, 5.21, 1.568, 7.24, 4.632, 3.692]

Medians:
[24.5, 1.0, 3.0, 1.0, 14.0, 4.0, 1.0, 6.0, 4.0, 3.0]

Modes:
[28, 1, 1, 1, 16, 4, 1, 2, 0, 1]


Top Level Results:
Mean:6.6736
Median:3.0
Mode:1



