




Variables:
# CONSTANTS
S_RIGHT, S_LEFT, S_UP, S_DOWN = 0, 1, 2, 3
XSIZE, YSIZE = 14, 14
NFOOD = 1
SEED_SIZE = 30
FINAL_ITERATIONS = 1000

#VARIABLES
MAX_HEIGHT = 17
PARSIMONY_SIZE = 1.3
TOURNAMENT_FITNESS_SIZE = 7
CX_ONEPOINT_MAX_SIZE = 3
CROSS_PROB = 0.8
MUT_PROB = 0.2
ITERATIONS = 150
INDIVIDUAL_ITER = 4
HOF_SIZE = 2
POPULATION_SIZE = 500
FIT_FUNC = "steps"
FIT_TYPE = "average"


Seeds:
[364, 117, 284, 702, 910, 49, 626, 893]



[14, 15, 15, 14, 16, 16, 15, 13, 14, 14, 15, 14, 14, 15, 15, 14, 16, 15, 14, 16, 15, 16, 16, 14, 14, 16, 13, 13, 13, 14, 19, 14, 15, 18, 15, 14, 14, 16, 14, 15, 15, 16, 14, 13, 15, 14, 16, 14, 14, 14, 15, 15, 13, 16, 15, 15, 15, 19, 14, 15, 15, 16, 17, 15, 15, 14, 16, 14, 15, 14, 14, 14, 13, 16, 16, 17, 18, 13, 17, 14, 14, 13, 14, 16, 17, 14, 17, 15, 17, 15, 14, 15, 16, 14, 14, 14, 14, 14, 14, 15, 14, 15, 14, 15, 15, 16, 15, 14, 16, 15, 13, 14, 15, 15, 18, 14, 14, 14, 13, 17, 15, 14, 16, 14, 15, 15, 14, 14, 14, 14, 14, 17, 14, 14, 15, 14, 16, 15, 15, 15, 15, 14, 14, 14, 15, 14, 14, 14, 15, 14, 15, 15, 14, 15, 13, 14, 14, 14, 16, 14, 14, 14, 15, 14, 13, 14, 15, 14, 15, 14, 16, 15, 14, 13, 14, 14, 14, 15, 14, 13, 14, 16, 13, 13, 14, 16, 13, 13, 16, 16, 14, 15, 14, 14, 15, 16, 14, 17, 14, 14, 14, 14, 14, 15, 15, 16, 15, 14, 16, 13, 16, 14, 14, 14, 14, 15, 15, 14, 14, 14, 14, 15, 15, 16, 15, 16, 14, 14, 14, 15, 15, 13, 14, 14, 14, 13, 17, 14, 14, 15, 14, 14, 15, 14, 14, 15, 14, 14, 14, 14, 15, 14, 17, 13, 15, 15, 15, 13, 14, 15, 14, 14, 14, 14, 14, 14, 14, 16, 15, 13, 16, 16, 14, 14, 15, 14, 14, 15, 14, 15, 14, 15, 14, 14, 15, 16, 15, 13, 16, 16, 14, 15, 16, 15, 14, 14, 14, 13, 15, 15, 15, 14, 14, 14, 16, 14, 14, 14, 14, 14, 13, 15, 14, 17, 16, 13, 15, 14, 14, 15, 14, 13, 15, 14, 14, 17, 15, 15, 14, 13, 14, 15, 14, 14, 14, 15, 15, 14, 14, 16, 16, 16, 15, 13, 15, 14, 16, 15, 14, 13, 15, 14, 15, 14, 15, 15, 16, 15, 16, 15, 14, 18, 15, 14, 15, 14, 14, 13, 16, 16, 15, 14, 15, 14, 15, 13, 14, 14, 14, 15, 14, 15, 14, 15, 14, 15, 14, 14, 17, 14, 14, 15, 13, 14, 14, 14, 15, 14, 15, 15, 15, 15, 14, 15, 14, 16, 14, 15, 14, 15, 13, 13, 15, 15, 13, 16, 15, 15, 13, 15, 16, 14, 15, 14, 15, 14, 13, 15, 14, 15, 14, 15, 14, 15, 14, 15, 14, 15, 16, 14, 15, 15, 15, 14, 15, 14, 15, 15, 14, 15, 14, 14, 14, 16, 14, 15, 15, 14, 15, 14, 14, 14, 15, 14, 14, 16, 14, 16, 15, 14, 14, 15, 15, 17, 14, 14, 14, 14, 14, 16, 14, 16, 15, 19, 14, 14, 14, 16, 15, 13, 16, 16, 14, 15, 14, 15, 16, 14, 14, 13, 15, 14, 14, 17, 17, 15, 14, 14, 15, 17, 15, 14, 14, 14, 14, 15, 15, 16, 14, 14, 17, 15, 17, 13, 16, 16, 16, 14, 15, 16, 17, 15, 14, 16, 16, 15, 14, 14, 15, 17, 13, 15, 15, 13, 14, 13, 14, 14, 14, 15, 16, 15, 15, 14, 16, 15, 15, 15, 13, 15, 14, 13, 14, 14, 14, 15, 15, 14, 14, 14, 14, 16, 14, 15, 15, 14, 14, 14, 15, 14, 14, 15, 15, 15, 15, 17, 14, 14, 16, 16, 14, 14, 14, 14, 15, 14, 13, 15, 15, 14, 13, 14, 16, 16, 15, 14, 15, 15, 14, 13, 15, 14, 14, 14, 15, 14, 14, 15, 14, 14, 15, 15, 14, 15, 17, 17, 15, 14, 15, 14, 15, 15, 14, 14, 14, 14, 14, 18, 15, 15, 14, 15, 14, 14, 15, 16, 14, 16, 14, 14, 13, 14, 14, 14, 14, 15, 13, 16, 14, 17, 15, 16, 15, 16, 14, 15, 14, 14, 14, 16, 14, 15, 16, 14, 14, 16, 14, 14, 14, 15, 13, 15, 16, 15, 14, 14, 14, 15, 14, 14, 15, 13, 14, 14, 17, 14, 13, 15, 14, 14, 14, 14, 15, 15, 15, 14, 16, 15, 14, 14, 14, 14, 16, 15, 14, 14, 16, 14, 16, 15, 15, 15, 16, 14, 14, 15, 15, 17, 16, 18, 15, 17, 14, 16, 15, 14, 15, 14, 14, 16, 16, 14, 14, 14, 14, 16, 17, 16, 14, 14, 14, 16, 15, 15, 13, 14, 14, 16, 15, 17, 15, 14, 16, 17, 15, 14, 14, 13, 13, 13, 14, 16, 15, 14, 13, 14, 13, 15, 13, 16, 14, 15, 16, 14, 14, 15, 14, 14, 14, 14, 14, 14, 18, 14, 14, 14, 13, 15, 15, 15, 13, 17, 14, 16, 14, 14, 15, 13, 14, 14, 15, 15, 16, 15, 14, 14, 14, 16, 14, 16, 14, 15, 15, 14, 16, 14, 14, 15, 14, 15, 13, 15, 14, 14, 14, 14, 14, 14, 14, 14, 17, 14, 15, 15, 14, 15, 19, 15, 16, 14, 17, 14, 15, 15, 14, 16, 18, 13, 14, 16, 14, 14, 15, 15, 14, 14, 15, 13, 14, 15, 13, 15, 14, 16, 14, 15, 16, 14, 14, 14, 14, 16, 14, 14, 14, 14, 15, 14, 14, 15, 14, 14, 15, 15, 15, 16, 14, 14, 16, 15, 13, 14, 14, 14, 14, 14, 16, 16, 16, 15, 15, 14, 14, 14, 14, 15, 15, 15, 14, 14, 14, 16, 14, 17, 14, 15, 14, 14, 13, 13, 17, 15, 16, 17, 14, 15, 14, 15, 15, 15, 14, 15, 16, 14, 14, 15, 14, 14, 14, 14, 16, 14, 15, 13, 14, 14, 14, 15, 14, 15, 14, 13, 15, 14, 16, 17, 15, 16, 14, 15, 14, 16, 14, 14, 15, 14, 14, 14, 15, 14, 15, 13, 13, 15, 15, 13, 14, 15, 14, 16, 14, 15, 15, 14, 17, 14, 16, 18, 13, 14]

Mean:14.642
Median:14.0
Mode:14
Seed:364


[15, 16, 15, 15, 15, 16, 15, 16, 14, 14, 15, 16, 14, 16, 14, 14, 14, 16, 16, 14, 16, 15, 16, 14, 16, 14, 14, 14, 15, 14, 15, 15, 15, 15, 15, 16, 16, 15, 14, 15, 15, 16, 16, 14, 14, 14, 15, 15, 16, 16, 14, 15, 16, 14, 15, 15, 16, 15, 15, 14, 15, 15, 14, 14, 16, 14, 15, 14, 14, 14, 14, 14, 16, 15, 16, 15, 15, 15, 14, 14, 15, 14, 14, 14, 14, 14, 14, 16, 16, 14, 15, 14, 15, 15, 14, 14, 14, 14, 14, 14, 14, 16, 14, 15, 15, 14, 14, 15, 17, 15, 14, 15, 15, 15, 15, 17, 14, 14, 14, 14, 16, 15, 16, 15, 15, 14, 14, 14, 15, 14, 15, 14, 15, 15, 16, 14, 17, 16, 16, 15, 14, 17, 16, 15, 17, 14, 15, 14, 15, 14, 15, 14, 15, 14, 14, 15, 14, 15, 15, 15, 17, 16, 16, 17, 14, 15, 16, 16, 16, 14, 15, 14, 14, 14, 15, 14, 17, 14, 15, 16, 14, 14, 16, 16, 16, 15, 14, 14, 16, 14, 14, 15, 15, 15, 14, 14, 14, 14, 14, 14, 14, 16, 14, 14, 16, 14, 17, 14, 16, 14, 15, 14, 15, 15, 15, 14, 15, 15, 15, 15, 14, 15, 15, 17, 16, 14, 15, 15, 14, 15, 14, 14, 15, 17, 15, 14, 15, 14, 16, 15, 15, 14, 16, 15, 14, 18, 14, 14, 15, 15, 14, 18, 15, 14, 14, 15, 15, 17, 15, 16, 15, 15, 15, 14, 14, 15, 14, 15, 14, 14, 16, 15, 14, 14, 14, 15, 14, 14, 16, 15, 16, 15, 14, 14, 15, 14, 16, 16, 16, 15, 15, 16, 15, 14, 16, 14, 15, 14, 14, 17, 14, 14, 14, 14, 14, 15, 14, 14, 16, 16, 14, 14, 15, 15, 15, 17, 14, 14, 14, 14, 17, 16, 14, 14, 16, 14, 14, 14, 14, 15, 14, 15, 14, 14, 17, 14, 19, 14, 15, 15, 15, 16, 15, 16, 15, 16, 14, 16, 15, 14, 15, 14, 14, 14, 14, 14, 17, 14, 14, 14, 15, 16, 14, 16, 14, 15, 15, 14, 14, 14, 14, 14, 15, 15, 15, 15, 14, 14, 15, 14, 15, 16, 19, 16, 15, 15, 17, 14, 15, 14, 14, 16, 15, 14, 18, 15, 14, 14, 19, 14, 14, 14, 14, 17, 16, 15, 14, 16, 14, 16, 16, 14, 14, 14, 16, 14, 15, 14, 15, 14, 15, 14, 14, 14, 14, 16, 15, 14, 15, 15, 15, 14, 14, 15, 15, 15, 14, 14, 16, 14, 14, 14, 15, 17, 14, 17, 17, 16, 15, 15, 16, 14, 15, 14, 15, 15, 16, 15, 14, 17, 15, 14, 14, 16, 16, 15, 16, 14, 14, 14, 15, 15, 14, 14, 15, 14, 14, 14, 14, 18, 15, 15, 16, 14, 16, 15, 14, 15, 15, 17, 15, 14, 15, 15, 14, 15, 17, 15, 14, 16, 14, 14, 16, 14, 15, 15, 14, 17, 15, 15, 16, 15, 14, 14, 14, 15, 15, 15, 18, 15, 15, 14, 16, 15, 14, 14, 14, 17, 15, 15, 15, 14, 16, 14, 15, 14, 15, 18, 15, 16, 14, 15, 15, 14, 14, 14, 14, 15, 16, 15, 14, 17, 16, 14, 14, 16, 18, 14, 14, 15, 14, 14, 14, 15, 17, 14, 15, 14, 15, 15, 16, 15, 14, 14, 14, 15, 14, 16, 14, 16, 14, 14, 15, 14, 15, 15, 15, 14, 15, 14, 14, 15, 14, 15, 14, 14, 16, 16, 15, 14, 14, 15, 15, 15, 16, 14, 14, 14, 16, 14, 16, 15, 14, 16, 15, 17, 14, 15, 16, 14, 15, 16, 14, 14, 14, 15, 15, 16, 17, 16, 19, 18, 16, 15, 14, 15, 15, 14, 16, 16, 15, 15, 14, 14, 14, 15, 15, 14, 15, 14, 16, 14, 18, 15, 15, 16, 14, 16, 15, 18, 15, 15, 16, 15, 14, 14, 15, 15, 15, 16, 17, 14, 15, 15, 15, 15, 17, 14, 15, 17, 14, 15, 14, 14, 15, 14, 14, 14, 15, 15, 14, 19, 16, 14, 15, 14, 14, 16, 15, 15, 16, 16, 17, 15, 14, 15, 14, 15, 16, 15, 14, 14, 17, 17, 16, 14, 16, 16, 14, 14, 16, 14, 16, 14, 15, 14, 15, 15, 16, 14, 14, 15, 14, 14, 14, 15, 17, 14, 14, 14, 14, 15, 15, 16, 15, 14, 15, 15, 15, 14, 14, 15, 15, 16, 15, 15, 14, 16, 18, 14, 14, 14, 15, 15, 14, 14, 16, 14, 16, 16, 15, 15, 14, 14, 14, 14, 14, 17, 15, 14, 15, 15, 14, 14, 14, 14, 15, 16, 16, 14, 15, 17, 14, 14, 14, 16, 15, 17, 15, 14, 14, 16, 14, 15, 16, 15, 14, 15, 17, 15, 15, 15, 14, 15, 16, 15, 15, 17, 16, 14, 16, 15, 17, 14, 15, 16, 14, 17, 15, 14, 15, 16, 16, 14, 15, 14, 14, 14, 17, 15, 14, 14, 15, 15, 14, 15, 14, 16, 15, 15, 14, 15, 15, 14, 16, 14, 14, 14, 16, 15, 14, 15, 15, 16, 15, 16, 14, 16, 14, 14, 15, 14, 16, 16, 14, 15, 16, 15, 14, 15, 14, 14, 15, 15, 14, 14, 16, 15, 14, 14, 16, 14, 16, 14, 15, 16, 15, 15, 15, 14, 18, 14, 14, 17, 14, 14, 14, 16, 16, 14, 18, 16, 14, 14, 14, 14, 16, 16, 14, 15, 14, 14, 14, 15, 15, 16, 14, 15, 14, 14, 16, 14, 16, 16, 14, 14, 14, 15, 14, 14, 14, 15, 15, 17, 14, 15, 15, 16, 14, 16, 16, 15, 17, 16, 15, 15, 14, 14, 14, 15, 14, 15, 16, 14, 16, 14, 15, 14, 14, 15, 14, 14, 14, 14, 15, 16, 15, 15, 15, 14, 15, 15, 15, 14, 16, 16, 16, 14, 14, 14, 15, 16, 15, 17, 16, 14, 14, 14, 16, 16]

Mean:14.913
Median:15.0
Mode:14
Seed:117


[13, 13, 15, 14, 13, 14, 15, 14, 13, 14, 14, 14, 14, 16, 13, 14, 14, 13, 13, 13, 13, 13, 14, 14, 13, 13, 14, 17, 13, 15, 13, 14, 13, 14, 14, 14, 13, 13, 13, 15, 13, 14, 13, 14, 16, 14, 14, 14, 13, 15, 13, 14, 13, 13, 14, 14, 14, 14, 16, 14, 14, 15, 16, 13, 14, 13, 14, 13, 13, 16, 13, 14, 15, 15, 14, 13, 16, 16, 15, 14, 13, 14, 14, 13, 13, 15, 13, 14, 14, 14, 13, 14, 14, 13, 13, 14, 13, 15, 13, 13, 13, 14, 17, 15, 13, 13, 14, 13, 13, 13, 13, 14, 14, 14, 15, 14, 14, 14, 14, 14, 15, 17, 14, 16, 15, 13, 14, 15, 14, 14, 18, 13, 14, 16, 14, 13, 14, 13, 14, 14, 14, 16, 14, 15, 14, 13, 14, 13, 13, 14, 14, 13, 14, 13, 13, 15, 14, 14, 14, 14, 15, 14, 14, 13, 13, 13, 14, 14, 14, 13, 14, 15, 13, 13, 14, 15, 13, 14, 14, 13, 13, 14, 16, 13, 15, 15, 14, 14, 13, 15, 14, 13, 13, 13, 13, 14, 14, 18, 15, 14, 14, 16, 13, 14, 13, 14, 14, 14, 14, 13, 13, 14, 15, 15, 14, 13, 14, 14, 13, 14, 13, 14, 14, 14, 13, 13, 14, 15, 13, 14, 13, 14, 15, 14, 13, 13, 14, 14, 14, 13, 13, 13, 13, 14, 13, 16, 18, 15, 14, 13, 17, 13, 14, 13, 14, 14, 15, 13, 14, 13, 13, 13, 13, 14, 13, 15, 14, 13, 13, 14, 14, 16, 13, 13, 13, 16, 14, 13, 14, 14, 16, 14, 13, 14, 14, 14, 13, 14, 13, 13, 14, 15, 14, 14, 14, 16, 13, 16, 13, 14, 14, 15, 13, 13, 14, 14, 14, 13, 15, 14, 15, 14, 14, 14, 13, 13, 14, 18, 13, 14, 13, 14, 14, 13, 13, 13, 15, 13, 13, 14, 14, 14, 13, 14, 16, 14, 16, 16, 14, 14, 14, 14, 14, 14, 14, 13, 13, 15, 14, 13, 13, 14, 13, 13, 13, 14, 16, 13, 18, 15, 13, 14, 13, 16, 15, 15, 15, 15, 15, 13, 13, 14, 13, 14, 14, 14, 14, 16, 15, 13, 14, 14, 14, 18, 13, 13, 14, 14, 14, 13, 14, 14, 13, 14, 15, 16, 15, 13, 13, 13, 14, 14, 14, 14, 14, 13, 13, 14, 14, 13, 13, 14, 13, 13, 13, 14, 14, 13, 14, 13, 15, 13, 13, 14, 14, 14, 14, 13, 13, 17, 13, 13, 14, 14, 13, 14, 13, 15, 14, 15, 14, 13, 13, 13, 14, 13, 14, 13, 13, 13, 13, 14, 14, 14, 16, 14, 14, 15, 18, 14, 13, 13, 13, 14, 15, 13, 13, 13, 13, 14, 14, 13, 13, 14, 13, 13, 14, 13, 15, 13, 14, 13, 14, 13, 15, 13, 14, 15, 13, 18, 14, 13, 13, 14, 14, 13, 15, 14, 14, 14, 13, 14, 14, 13, 14, 14, 13, 13, 13, 14, 14, 14, 14, 14, 14, 13, 13, 14, 14, 13, 14, 13, 13, 14, 14, 14, 13, 14, 14, 13, 16, 14, 13, 16, 15, 14, 13, 14, 14, 13, 14, 13, 13, 16, 14, 14, 14, 14, 14, 14, 14, 13, 17, 14, 14, 14, 15, 14, 13, 14, 16, 13, 13, 13, 14, 14, 14, 15, 14, 13, 14, 14, 14, 15, 13, 15, 14, 14, 14, 13, 16, 14, 14, 13, 13, 16, 13, 13, 16, 13, 15, 16, 16, 14, 15, 14, 14, 14, 13, 13, 14, 13, 14, 16, 13, 13, 13, 13, 16, 16, 13, 13, 15, 14, 15, 14, 14, 14, 14, 14, 14, 18, 14, 18, 13, 14, 13, 13, 14, 15, 14, 14, 13, 14, 14, 14, 13, 13, 14, 16, 14, 13, 14, 14, 14, 15, 17, 14, 13, 13, 13, 14, 15, 16, 14, 14, 13, 14, 15, 13, 13, 13, 13, 14, 15, 13, 14, 13, 17, 15, 13, 14, 17, 15, 14, 15, 13, 13, 14, 14, 13, 15, 14, 14, 14, 16, 13, 13, 13, 14, 13, 14, 14, 14, 14, 14, 13, 14, 13, 14, 13, 14, 14, 14, 16, 13, 13, 14, 16, 14, 14, 14, 16, 14, 13, 14, 13, 15, 14, 19, 13, 14, 14, 13, 14, 13, 13, 14, 13, 13, 14, 15, 14, 13, 13, 13, 14, 17, 13, 13, 14, 19, 14, 14, 13, 13, 16, 13, 13, 13, 14, 14, 14, 16, 14, 14, 13, 14, 14, 13, 14, 14, 14, 14, 13, 13, 13, 14, 13, 15, 13, 14, 14, 14, 14, 13, 14, 13, 14, 13, 13, 14, 14, 13, 14, 13, 14, 15, 14, 14, 13, 14, 13, 16, 14, 14, 14, 13, 13, 14, 14, 13, 13, 14, 13, 13, 14, 16, 13, 14, 14, 16, 16, 13, 15, 14, 13, 14, 13, 14, 15, 13, 16, 14, 13, 13, 14, 17, 14, 13, 13, 16, 14, 13, 15, 14, 14, 13, 13, 13, 14, 13, 15, 13, 14, 14, 13, 14, 14, 14, 14, 13, 13, 15, 14, 14, 13, 16, 13, 13, 17, 15, 14, 13, 13, 13, 13, 14, 14, 13, 17, 16, 15, 13, 14, 14, 14, 16, 14, 13, 14, 14, 14, 14, 13, 15, 15, 15, 14, 13, 13, 14, 13, 16, 14, 14, 14, 14, 14, 13, 18, 15, 14, 13, 15, 14, 14, 14, 14, 16, 14, 14, 13, 14, 14, 13, 17, 16, 13, 14, 14, 14, 13, 13, 13, 13, 13, 13, 13, 14, 14, 13, 13, 13, 15, 15, 14, 13, 13, 16, 13, 13, 14, 15, 14, 13, 13, 14, 14, 14, 15, 13, 13, 14, 14, 13, 14, 13, 14, 15, 14, 16, 13, 13, 14, 14, 14, 14, 13, 15, 13, 14, 13, 16, 14, 13, 14, 14, 14, 13, 13, 15, 15, 13, 13, 15, 14, 13, 13, 14, 14, 14, 14, 13, 14, 13, 14, 13, 13, 14]

Mean:13.946
Median:14.0
Mode:14
Seed:284


[2, 1, 10, 2, 3, 1, 1, 5, 7, 0, 0, 0, 0, 2, 0, 0, 0, 1, 1, 0, 5, 0, 7, 4, 1, 2, 9, 0, 2, 3, 5, 1, 0, 3, 3, 4, 3, 1, 5, 0, 0, 6, 4, 3, 2, 0, 4, 1, 0, 0, 0, 1, 4, 0, 10, 3, 0, 0, 1, 7, 0, 2, 0, 2, 6, 2, 0, 1, 2, 3, 0, 2, 1, 0, 7, 2, 0, 1, 3, 0, 0, 1, 3, 0, 3, 3, 0, 0, 2, 2, 1, 3, 0, 0, 3, 0, 0, 9, 2, 0, 0, 0, 0, 1, 3, 0, 4, 0, 1, 2, 2, 0, 1, 0, 4, 1, 0, 5, 3, 14, 0, 3, 0, 0, 2, 4, 0, 3, 3, 2, 3, 0, 0, 0, 2, 6, 0, 2, 1, 0, 0, 0, 0, 7, 2, 1, 2, 3, 0, 0, 0, 0, 0, 3, 0, 1, 0, 2, 5, 0, 0, 0, 0, 1, 0, 10, 2, 0, 2, 1, 0, 1, 4, 6, 4, 0, 5, 0, 1, 0, 2, 4, 2, 0, 0, 3, 0, 9, 1, 0, 3, 1, 10, 0, 3, 0, 0, 5, 0, 0, 0, 1, 1, 0, 0, 1, 0, 0, 2, 1, 1, 0, 2, 1, 0, 0, 5, 0, 1, 17, 1, 2, 3, 1, 6, 1, 0, 0, 0, 0, 2, 0, 1, 3, 2, 10, 0, 1, 7, 0, 6, 1, 0, 7, 3, 0, 1, 1, 0, 6, 4, 2, 5, 3, 0, 1, 2, 3, 5, 0, 5, 1, 1, 5, 1, 4, 1, 1, 0, 1, 2, 7, 0, 1, 0, 9, 0, 1, 1, 1, 0, 5, 1, 1, 0, 1, 1, 1, 2, 2, 1, 2, 6, 2, 1, 2, 0, 10, 0, 1, 1, 11, 0, 6, 2, 2, 1, 0, 8, 0, 0, 3, 6, 2, 6, 0, 0, 1, 6, 3, 0, 0, 0, 0, 1, 2, 0, 6, 3, 0, 1, 0, 0, 5, 4, 2, 5, 0, 0, 4, 1, 1, 6, 8, 0, 5, 0, 2, 5, 7, 0, 2, 0, 0, 6, 3, 0, 0, 2, 0, 0, 1, 4, 3, 0, 1, 4, 1, 1, 3, 1, 10, 9, 0, 1, 2, 0, 4, 2, 0, 1, 1, 2, 1, 3, 1, 0, 1, 2, 2, 0, 0, 2, 1, 0, 2, 1, 0, 0, 1, 5, 2, 0, 0, 0, 3, 0, 5, 0, 0, 2, 2, 2, 0, 9, 4, 5, 0, 2, 0, 0, 9, 5, 0, 1, 6, 0, 0, 2, 0, 0, 2, 0, 0, 1, 2, 0, 0, 4, 0, 0, 4, 0, 2, 0, 8, 0, 1, 11, 0, 1, 0, 2, 1, 1, 1, 1, 2, 0, 4, 0, 5, 1, 6, 0, 0, 2, 8, 2, 2, 8, 0, 12, 2, 0, 0, 0, 0, 7, 2, 0, 0, 0, 4, 0, 3, 0, 1, 1, 3, 2, 9, 4, 5, 0, 5, 0, 1, 0, 0, 0, 3, 0, 0, 2, 0, 0, 1, 2, 1, 2, 0, 1, 0, 5, 1, 3, 1, 2, 0, 0, 0, 10, 1, 2, 5, 0, 3, 6, 0, 2, 0, 0, 0, 1, 0, 0, 3, 3, 0, 0, 3, 1, 0, 0, 5, 0, 5, 1, 0, 10, 4, 0, 2, 0, 0, 0, 7, 1, 1, 0, 1, 1, 0, 0, 0, 0, 2, 0, 2, 4, 0, 0, 1, 7, 0, 0, 0, 5, 3, 1, 1, 2, 0, 1, 9, 1, 0, 0, 0, 0, 5, 5, 0, 2, 1, 3, 2, 0, 1, 1, 5, 0, 6, 0, 0, 0, 0, 3, 3, 1, 2, 3, 0, 1, 3, 0, 3, 0, 0, 1, 0, 1, 0, 0, 1, 6, 0, 3, 2, 0, 0, 0, 0, 9, 1, 3, 0, 2, 0, 0, 5, 0, 5, 4, 1, 0, 0, 0, 0, 0, 2, 1, 1, 0, 6, 0, 2, 0, 0, 4, 8, 1, 0, 4, 3, 0, 0, 0, 1, 1, 1, 0, 0, 0, 0, 13, 2, 3, 4, 0, 0, 6, 4, 4, 3, 3, 2, 2, 0, 0, 0, 7, 3, 0, 1, 0, 1, 2, 0, 0, 0, 1, 2, 0, 2, 0, 2, 0, 0, 0, 2, 2, 1, 10, 0, 2, 1, 1, 2, 1, 1, 0, 4, 3, 0, 0, 2, 9, 0, 0, 0, 3, 2, 2, 3, 2, 2, 2, 2, 1, 1, 2, 0, 0, 6, 2, 0, 3, 0, 10, 0, 5, 1, 3, 0, 1, 0, 11, 0, 6, 0, 0, 2, 0, 0, 6, 0, 2, 2, 1, 0, 0, 3, 0, 2, 0, 5, 1, 2, 4, 0, 3, 2, 1, 9, 1, 6, 1, 0, 1, 0, 0, 0, 1, 1, 3, 3, 2, 0, 2, 0, 0, 4, 4, 1, 0, 0, 1, 2, 0, 0, 4, 2, 0, 0, 0, 0, 1, 0, 2, 2, 0, 0, 3, 0, 8, 3, 0, 0, 3, 0, 0, 1, 2, 0, 2, 0, 0, 1, 6, 0, 0, 8, 0, 2, 0, 5, 0, 3, 0, 0, 0, 7, 4, 4, 0, 1, 1, 0, 2, 1, 1, 0, 2, 1, 4, 0, 0, 0, 0, 5, 0, 5, 5, 0, 0, 3, 0, 1, 6, 0, 1, 6, 9, 0, 2, 5, 0, 1, 8, 5, 0, 0, 3, 2, 1, 0, 0, 2, 1, 1, 0, 0, 0, 2, 7, 2, 2, 0, 0, 0, 1, 0, 0, 0, 3, 2, 0, 4, 0, 0, 2, 0, 5, 0, 3, 0, 1, 0, 3, 0, 3, 5, 0, 7, 2, 0, 3, 0, 0, 1, 3, 15, 0, 2, 0, 1, 13, 2, 0, 1, 0, 5, 1, 1, 1, 0, 0, 1, 7, 2, 2, 0, 2, 0, 7, 1, 0, 1, 5, 0, 4, 0, 1, 2, 2, 1, 1, 0, 0, 2, 0, 0, 2, 0, 1, 0, 1, 2, 1, 0, 1, 0, 10, 0, 0, 3, 0, 1]

Mean:1.852
Median:1.0
Mode:0
Seed:702


[13, 16, 15, 14, 14, 14, 15, 16, 15, 16, 15, 14, 15, 14, 15, 15, 14, 14, 14, 15, 14, 17, 14, 15, 15, 14, 17, 15, 14, 13, 15, 15, 14, 14, 14, 14, 14, 15, 15, 15, 16, 17, 15, 14, 14, 14, 15, 14, 15, 15, 16, 14, 15, 16, 15, 15, 14, 14, 14, 15, 15, 15, 15, 15, 14, 14, 17, 14, 14, 14, 14, 16, 15, 17, 15, 13, 15, 16, 16, 14, 15, 14, 15, 18, 14, 17, 14, 17, 14, 15, 14, 16, 14, 16, 13, 15, 16, 17, 14, 19, 15, 15, 15, 14, 16, 14, 17, 14, 15, 14, 15, 14, 14, 14, 14, 13, 14, 15, 14, 15, 14, 15, 14, 14, 13, 13, 15, 14, 17, 14, 15, 15, 16, 14, 15, 13, 14, 15, 15, 15, 14, 14, 15, 14, 14, 14, 17, 13, 14, 15, 15, 14, 15, 14, 16, 15, 15, 14, 16, 14, 14, 14, 13, 14, 14, 14, 14, 16, 16, 14, 16, 15, 15, 14, 15, 15, 14, 14, 15, 15, 14, 15, 14, 14, 15, 14, 15, 14, 14, 14, 14, 16, 14, 14, 14, 14, 15, 14, 14, 15, 15, 14, 16, 15, 15, 14, 17, 15, 14, 14, 14, 16, 14, 15, 14, 14, 14, 14, 14, 16, 14, 14, 16, 14, 16, 13, 15, 14, 16, 14, 14, 16, 14, 14, 17, 16, 14, 15, 15, 16, 15, 14, 15, 16, 15, 14, 14, 15, 17, 14, 13, 14, 14, 14, 14, 14, 15, 14, 14, 14, 14, 14, 14, 16, 15, 14, 15, 15, 15, 14, 14, 15, 16, 16, 14, 17, 16, 14, 14, 14, 14, 15, 14, 14, 14, 15, 13, 14, 16, 14, 14, 14, 15, 15, 14, 13, 16, 16, 14, 14, 14, 14, 14, 14, 14, 16, 14, 14, 14, 13, 14, 18, 15, 14, 14, 14, 14, 14, 16, 15, 14, 17, 14, 15, 15, 14, 15, 14, 14, 14, 14, 14, 14, 17, 17, 16, 14, 14, 15, 15, 14, 16, 13, 14, 16, 13, 15, 14, 15, 15, 15, 13, 14, 14, 16, 16, 16, 15, 13, 15, 14, 15, 14, 15, 14, 15, 13, 14, 14, 15, 14, 16, 15, 15, 15, 13, 15, 14, 15, 14, 14, 16, 14, 15, 14, 15, 14, 16, 14, 15, 14, 14, 14, 14, 13, 15, 15, 14, 16, 14, 14, 14, 14, 16, 17, 16, 14, 15, 15, 14, 17, 14, 14, 13, 14, 14, 14, 14, 15, 14, 13, 14, 14, 15, 14, 14, 14, 17, 18, 14, 14, 13, 14, 13, 14, 17, 13, 14, 14, 14, 14, 14, 17, 15, 14, 13, 14, 14, 14, 15, 15, 15, 14, 14, 15, 13, 16, 14, 13, 15, 15, 14, 14, 16, 15, 14, 14, 14, 14, 13, 14, 16, 14, 14, 18, 15, 14, 14, 14, 16, 14, 16, 16, 14, 17, 15, 15, 16, 14, 17, 14, 16, 15, 15, 15, 14, 14, 15, 14, 17, 15, 14, 15, 14, 14, 15, 15, 14, 14, 14, 13, 15, 15, 16, 14, 14, 17, 14, 14, 14, 15, 14, 14, 14, 14, 15, 14, 16, 14, 16, 14, 14, 16, 13, 15, 18, 15, 14, 15, 16, 16, 14, 15, 18, 15, 14, 14, 16, 16, 16, 14, 14, 14, 16, 17, 14, 14, 14, 16, 14, 13, 14, 17, 14, 14, 15, 15, 15, 14, 14, 14, 14, 13, 14, 14, 14, 15, 14, 15, 15, 14, 16, 16, 15, 15, 14, 15, 14, 14, 14, 15, 14, 15, 15, 15, 15, 15, 15, 13, 16, 15, 16, 14, 14, 14, 15, 13, 14, 15, 14, 14, 14, 14, 15, 14, 15, 15, 15, 15, 15, 14, 14, 17, 15, 15, 16, 14, 14, 14, 16, 14, 15, 14, 15, 15, 14, 15, 16, 15, 16, 15, 16, 15, 16, 14, 15, 15, 15, 16, 14, 15, 15, 16, 14, 14, 14, 18, 14, 17, 13, 16, 14, 15, 16, 14, 14, 15, 15, 13, 16, 13, 14, 16, 14, 15, 13, 15, 14, 16, 15, 15, 15, 16, 15, 15, 14, 16, 15, 15, 15, 21, 13, 14, 14, 14, 15, 15, 14, 14, 14, 15, 16, 14, 15, 15, 15, 15, 15, 14, 14, 16, 16, 15, 14, 14, 15, 13, 16, 15, 15, 14, 14, 16, 14, 15, 14, 15, 14, 14, 14, 16, 15, 14, 14, 14, 16, 17, 15, 18, 14, 14, 14, 16, 14, 15, 14, 13, 16, 13, 15, 15, 15, 13, 15, 13, 15, 14, 14, 14, 14, 15, 17, 14, 14, 15, 16, 14, 15, 15, 14, 16, 14, 15, 16, 18, 14, 16, 15, 14, 15, 14, 15, 14, 13, 15, 16, 15, 14, 15, 16, 15, 15, 14, 15, 14, 14, 14, 16, 15, 13, 15, 14, 16, 15, 15, 14, 15, 15, 14, 15, 15, 14, 14, 16, 13, 14, 14, 14, 14, 15, 14, 15, 14, 14, 14, 14, 15, 15, 14, 14, 14, 14, 15, 14, 14, 13, 15, 14, 14, 16, 14, 15, 14, 16, 14, 15, 15, 14, 17, 15, 17, 15, 14, 15, 14, 14, 15, 14, 14, 15, 14, 13, 18, 15, 15, 16, 14, 14, 14, 15, 16, 21, 16, 16, 17, 15, 16, 14, 15, 16, 14, 14, 14, 15, 16, 16, 14, 18, 14, 14, 15, 16, 14, 14, 14, 16, 14, 14, 14, 15, 16, 15, 15, 15, 14, 14, 14, 15, 15, 18, 14, 16, 14, 14, 14, 14, 16, 13, 14, 14, 14, 16, 14, 13, 16, 14, 16, 13, 14, 15, 16, 14, 14, 18, 14, 15, 15, 14, 14, 15, 16, 14, 15, 15, 15, 18, 15, 15, 14, 15, 15, 16, 14, 15, 15, 16, 14, 15, 14, 15, 16, 16, 14, 14, 14, 14, 14, 14, 16, 14, 17, 14, 17, 14, 16, 14, 15, 15, 14, 15, 14, 15, 15, 15, 14, 15, 14, 15, 14, 14, 14, 15, 14, 14, 15, 14, 15, 15, 16, 15]

Mean:14.701
Median:14.0
Mode:14
Seed:910


[0, 2, 1, 2, 0, 0, 2, 0, 0, 2, 2, 2, 1, 1, 1, 1, 0, 1, 2, 2, 2, 2, 1, 1, 1, 1, 1, 3, 1, 1, 0, 1, 0, 0, 1, 1, 1, 2, 2, 2, 2, 1, 0, 0, 2, 2, 1, 1, 1, 1, 1, 1, 2, 0, 3, 0, 1, 2, 1, 1, 2, 0, 2, 2, 2, 1, 0, 1, 2, 1, 0, 1, 1, 0, 0, 0, 2, 0, 1, 1, 2, 2, 1, 2, 1, 2, 1, 1, 0, 0, 0, 2, 0, 2, 2, 1, 1, 1, 2, 2, 0, 3, 1, 0, 1, 2, 1, 0, 0, 1, 1, 0, 1, 3, 3, 0, 0, 1, 3, 1, 2, 0, 2, 2, 0, 1, 2, 1, 1, 0, 1, 1, 1, 0, 1, 0, 0, 1, 0, 0, 0, 4, 0, 2, 3, 1, 1, 1, 1, 0, 2, 1, 0, 0, 1, 1, 0, 1, 1, 2, 0, 1, 4, 1, 0, 0, 0, 1, 0, 1, 2, 1, 0, 2, 2, 1, 2, 1, 1, 1, 0, 0, 2, 2, 1, 1, 1, 1, 2, 1, 3, 5, 1, 0, 4, 0, 1, 2, 0, 3, 1, 1, 1, 3, 0, 2, 2, 0, 0, 0, 1, 1, 1, 1, 0, 1, 4, 1, 0, 1, 0, 2, 0, 1, 1, 2, 1, 1, 1, 2, 2, 1, 2, 2, 2, 0, 1, 1, 1, 1, 0, 1, 1, 1, 0, 3, 0, 0, 2, 0, 1, 1, 0, 3, 1, 1, 1, 0, 1, 1, 2, 2, 0, 2, 1, 3, 1, 1, 0, 1, 3, 1, 0, 1, 0, 0, 1, 1, 1, 0, 1, 2, 1, 1, 1, 0, 1, 1, 1, 1, 3, 3, 3, 1, 1, 2, 1, 1, 3, 0, 1, 0, 1, 2, 1, 1, 2, 3, 1, 3, 0, 2, 1, 2, 2, 0, 1, 2, 0, 3, 1, 1, 2, 1, 0, 1, 0, 1, 3, 2, 1, 1, 0, 1, 1, 1, 2, 1, 0, 1, 1, 1, 1, 0, 2, 1, 0, 1, 1, 2, 1, 0, 2, 1, 1, 0, 2, 2, 0, 1, 2, 2, 2, 2, 2, 0, 0, 1, 3, 1, 0, 1, 2, 3, 2, 1, 2, 1, 4, 3, 1, 0, 1, 3, 1, 0, 0, 1, 1, 1, 1, 2, 1, 1, 1, 1, 2, 1, 1, 1, 1, 1, 1, 1, 1, 3, 0, 1, 3, 0, 2, 0, 0, 0, 1, 2, 1, 0, 0, 3, 2, 1, 2, 0, 0, 1, 1, 0, 1, 3, 1, 0, 1, 1, 1, 2, 0, 1, 1, 0, 2, 0, 1, 1, 1, 1, 2, 4, 3, 1, 1, 1, 1, 2, 2, 1, 1, 1, 1, 1, 1, 3, 0, 0, 2, 4, 1, 0, 2, 1, 1, 1, 0, 0, 1, 0, 1, 0, 0, 2, 0, 0, 1, 0, 1, 2, 2, 2, 1, 2, 0, 1, 3, 0, 0, 3, 1, 1, 1, 0, 2, 2, 2, 0, 1, 0, 1, 1, 0, 1, 1, 0, 0, 2, 0, 1, 1, 0, 1, 1, 3, 0, 0, 1, 1, 2, 1, 2, 0, 0, 2, 1, 1, 2, 1, 1, 0, 1, 1, 1, 3, 3, 0, 1, 1, 0, 0, 1, 1, 1, 0, 1, 2, 1, 1, 0, 1, 3, 1, 1, 1, 1, 0, 1, 1, 0, 0, 0, 1, 1, 1, 2, 1, 0, 2, 1, 0, 3, 0, 2, 2, 0, 0, 3, 0, 1, 0, 1, 1, 0, 2, 0, 1, 2, 1, 1, 1, 2, 0, 0, 1, 1, 0, 0, 0, 1, 1, 1, 0, 3, 0, 2, 0, 2, 3, 2, 0, 0, 1, 0, 1, 2, 2, 1, 2, 1, 1, 0, 2, 1, 1, 1, 2, 1, 0, 2, 2, 2, 5, 1, 1, 1, 0, 3, 1, 1, 0, 0, 2, 0, 2, 1, 0, 1, 2, 2, 2, 2, 1, 1, 1, 1, 0, 0, 0, 1, 2, 0, 1, 0, 1, 1, 4, 0, 2, 1, 0, 0, 1, 2, 1, 2, 2, 3, 0, 0, 0, 1, 2, 1, 2, 6, 2, 2, 1, 0, 1, 1, 1, 1, 2, 4, 1, 1, 1, 1, 1, 2, 1, 3, 1, 0, 1, 0, 1, 2, 1, 2, 1, 1, 3, 0, 0, 3, 1, 1, 2, 2, 1, 0, 2, 2, 2, 0, 2, 1, 1, 0, 1, 1, 1, 0, 1, 1, 0, 0, 3, 3, 1, 2, 2, 1, 1, 2, 1, 0, 0, 1, 1, 0, 2, 2, 2, 1, 2, 1, 1, 2, 0, 2, 1, 1, 0, 5, 1, 2, 2, 1, 1, 2, 0, 1, 3, 1, 0, 1, 0, 0, 0, 1, 0, 1, 0, 0, 0, 0, 1, 0, 0, 1, 0, 1, 1, 0, 2, 1, 1, 0, 3, 2, 1, 1, 0, 0, 1, 0, 1, 0, 1, 1, 1, 1, 2, 2, 1, 1, 1, 4, 0, 1, 0, 0, 1, 1, 1, 1, 3, 0, 2, 1, 2, 2, 1, 3, 0, 0, 0, 0, 0, 1, 1, 3, 1, 1, 2, 3, 2, 0, 1, 1, 0, 1, 0, 2, 1, 0, 0, 1, 2, 1, 2, 0, 1, 0, 0, 1, 1, 2, 1, 0, 0, 0, 2, 2, 1, 1, 2, 2, 1, 2, 1, 1, 0, 1, 0, 0, 3, 1, 1, 0, 1, 1, 1, 0, 1, 1, 1, 2, 0, 1, 0, 0, 1, 1, 1, 2, 0, 1, 1, 1, 3, 1, 1, 1, 2, 0, 2, 0, 1, 1, 2, 1, 1, 0, 0, 0, 0, 2, 1, 0, 0, 3, 1, 1, 3, 2, 1, 2, 1, 0, 1, 4, 1, 1, 1, 1, 1, 0, 0, 0, 1, 0, 0, 1, 1, 0, 0, 2, 3, 2, 1, 2, 0, 1, 0, 0, 2, 0, 1, 3, 2, 2, 1, 1, 1, 1, 1, 4, 1, 3, 2, 1, 1, 0, 1, 1, 2, 0, 0, 2]

Mean:1.106
Median:1.0
Mode:1
Seed:49


[2, 2, 0, 9, 2, 4, 0, 2, 7, 8, 0, 0, 6, 0, 1, 4, 0, 4, 1, 5, 17, 3, 0, 2, 7, 1, 0, 19, 0, 1, 2, 0, 0, 8, 0, 2, 3, 1, 0, 1, 0, 0, 0, 0, 9, 0, 3, 2, 2, 2, 1, 0, 0, 5, 6, 0, 0, 1, 0, 8, 0, 0, 1, 2, 5, 1, 1, 4, 2, 6, 0, 0, 2, 2, 4, 2, 2, 4, 1, 27, 5, 2, 2, 9, 2, 2, 5, 3, 0, 18, 0, 2, 1, 0, 0, 0, 6, 2, 0, 4, 3, 1, 1, 3, 0, 1, 0, 3, 0, 0, 0, 1, 2, 2, 1, 2, 2, 0, 5, 5, 1, 4, 1, 0, 2, 0, 0, 2, 1, 7, 0, 1, 2, 6, 0, 0, 8, 1, 0, 0, 1, 1, 16, 0, 1, 0, 2, 2, 1, 2, 1, 4, 0, 6, 2, 1, 0, 8, 1, 1, 6, 2, 1, 1, 0, 6, 3, 6, 2, 1, 3, 1, 9, 8, 2, 1, 4, 2, 2, 4, 1, 1, 0, 2, 4, 16, 5, 0, 26, 5, 0, 3, 22, 2, 2, 0, 0, 8, 1, 0, 4, 4, 6, 0, 2, 4, 3, 16, 0, 0, 11, 0, 9, 0, 2, 1, 2, 2, 3, 1, 7, 2, 0, 7, 19, 3, 1, 0, 0, 1, 3, 0, 5, 1, 2, 8, 0, 1, 0, 0, 1, 1, 1, 2, 1, 0, 0, 5, 0, 0, 2, 5, 0, 1, 1, 0, 0, 2, 1, 0, 6, 6, 1, 1, 3, 0, 4, 4, 9, 1, 3, 19, 1, 1, 28, 1, 1, 0, 0, 2, 0, 7, 1, 0, 3, 2, 1, 0, 1, 2, 1, 0, 1, 0, 5, 0, 1, 3, 1, 0, 1, 0, 0, 1, 7, 3, 2, 0, 3, 3, 0, 0, 0, 8, 4, 17, 0, 0, 0, 0, 2, 1, 1, 0, 2, 7, 7, 38, 2, 1, 0, 10, 0, 2, 0, 18, 0, 2, 0, 1, 5, 5, 7, 2, 2, 0, 1, 0, 6, 1, 0, 1, 3, 0, 9, 1, 1, 0, 2, 2, 5, 4, 5, 0, 26, 0, 0, 0, 0, 0, 1, 0, 6, 0, 0, 0, 2, 2, 0, 2, 2, 5, 2, 2, 6, 2, 1, 0, 4, 3, 2, 0, 0, 2, 4, 0, 2, 0, 3, 0, 0, 2, 1, 1, 1, 2, 2, 0, 0, 0, 0, 3, 2, 1, 4, 0, 2, 0, 4, 0, 5, 1, 3, 3, 1, 2, 0, 0, 2, 1, 0, 16, 1, 1, 1, 0, 2, 1, 0, 2, 4, 23, 0, 1, 0, 1, 1, 0, 0, 0, 2, 2, 1, 1, 1, 2, 3, 1, 0, 0, 0, 0, 2, 4, 7, 25, 0, 4, 4, 5, 0, 1, 2, 2, 0, 0, 3, 1, 0, 1, 1, 0, 1, 3, 2, 0, 1, 0, 0, 0, 2, 1, 3, 0, 3, 2, 0, 2, 1, 1, 2, 2, 0, 5, 0, 4, 0, 0, 2, 4, 4, 0, 0, 8, 1, 7, 0, 17, 0, 8, 2, 1, 2, 0, 1, 0, 3, 1, 2, 3, 5, 0, 2, 1, 0, 8, 0, 1, 0, 3, 2, 0, 5, 3, 1, 2, 0, 1, 0, 2, 0, 2, 2, 0, 0, 7, 7, 0, 8, 0, 0, 1, 1, 1, 1, 8, 1, 28, 5, 2, 0, 5, 0, 14, 1, 0, 33, 0, 0, 1, 2, 1, 3, 0, 2, 20, 0, 0, 0, 26, 1, 2, 1, 1, 4, 9, 2, 3, 3, 2, 5, 0, 0, 2, 1, 1, 1, 2, 4, 7, 0, 23, 0, 1, 3, 15, 2, 8, 0, 0, 2, 1, 0, 6, 7, 1, 9, 10, 2, 0, 1, 21, 0, 1, 5, 2, 1, 2, 8, 5, 2, 1, 2, 0, 10, 3, 1, 0, 3, 4, 0, 1, 0, 0, 0, 0, 1, 3, 9, 10, 4, 1, 0, 0, 0, 15, 2, 4, 4, 1, 1, 12, 0, 0, 0, 1, 2, 0, 3, 2, 0, 4, 18, 3, 0, 1, 0, 0, 0, 5, 1, 2, 0, 22, 2, 0, 25, 1, 5, 0, 0, 3, 8, 21, 0, 3, 5, 2, 11, 4, 4, 0, 1, 2, 7, 2, 3, 1, 0, 0, 3, 5, 6, 0, 4, 0, 3, 3, 3, 1, 0, 2, 5, 0, 3, 3, 0, 0, 1, 0, 3, 1, 1, 0, 1, 3, 4, 2, 13, 7, 1, 5, 0, 10, 0, 2, 1, 0, 0, 6, 1, 1, 4, 4, 15, 0, 3, 2, 6, 0, 1, 4, 0, 9, 2, 0, 0, 29, 1, 3, 0, 2, 4, 0, 2, 1, 3, 0, 1, 2, 6, 1, 2, 3, 5, 25, 0, 1, 8, 4, 0, 0, 1, 5, 1, 3, 5, 0, 0, 3, 2, 0, 2, 2, 1, 22, 2, 32, 18, 0, 0, 1, 4, 3, 0, 0, 0, 0, 1, 3, 9, 3, 1, 0, 0, 2, 1, 0, 1, 0, 4, 2, 0, 0, 0, 1, 1, 5, 1, 0, 3, 2, 0, 1, 3, 0, 0, 1, 0, 4, 2, 0, 2, 2, 0, 0, 24, 2, 0, 1, 0, 0, 0, 0, 0, 13, 0, 2, 3, 6, 2, 8, 0, 0, 3, 1, 1, 1, 0, 1, 0, 3, 24, 5, 0, 4, 0, 1, 0, 4, 0, 3, 0, 0, 1, 0, 0, 0, 0, 3, 1, 1, 2, 3, 2, 1, 1, 2, 0, 1, 2, 1, 5, 1, 1, 2, 3, 1, 19, 5, 0, 1, 3, 2, 1, 1, 1, 0, 8, 6, 3, 1, 6, 1, 2, 0, 0, 0, 0, 0, 2, 0, 0, 2, 2, 2, 0, 1, 1, 0, 0, 1, 0, 1, 0, 2, 10, 0, 5, 4, 2, 0, 0, 0, 0, 0, 3, 10, 1, 21, 4, 1, 9, 0, 0, 2, 0, 0, 1, 2, 1, 0, 1, 3, 1, 16, 0, 1, 0, 1]

Mean:2.813
Median:1.0
Mode:0
Seed:626


[13, 13, 13, 14, 13, 13, 14, 13, 14, 13, 14, 14, 13, 13, 13, 14, 13, 14, 15, 14, 16, 13, 14, 13, 15, 14, 14, 15, 13, 14, 14, 13, 15, 17, 13, 13, 16, 14, 13, 14, 13, 14, 16, 14, 13, 14, 17, 14, 14, 13, 13, 16, 14, 14, 14, 14, 14, 14, 14, 15, 15, 13, 13, 14, 14, 13, 13, 15, 13, 14, 13, 14, 15, 13, 14, 14, 14, 14, 14, 14, 14, 13, 14, 13, 13, 13, 13, 13, 14, 14, 13, 15, 16, 13, 13, 13, 15, 14, 15, 14, 14, 14, 14, 14, 13, 17, 14, 13, 14, 13, 17, 14, 13, 13, 14, 14, 16, 13, 13, 15, 14, 14, 14, 14, 15, 13, 13, 14, 14, 14, 14, 15, 14, 14, 13, 13, 15, 14, 15, 13, 16, 14, 14, 14, 13, 15, 14, 15, 14, 14, 13, 14, 13, 14, 13, 13, 15, 15, 14, 13, 13, 15, 13, 13, 13, 13, 13, 13, 13, 15, 13, 14, 13, 13, 15, 13, 13, 13, 13, 14, 13, 14, 14, 14, 13, 13, 13, 14, 14, 14, 14, 16, 14, 13, 14, 14, 14, 14, 14, 14, 13, 13, 13, 14, 13, 14, 13, 13, 15, 14, 13, 14, 14, 13, 14, 13, 14, 15, 14, 14, 14, 16, 16, 14, 13, 14, 14, 15, 14, 15, 15, 13, 13, 13, 14, 14, 14, 14, 15, 13, 13, 13, 15, 15, 14, 13, 14, 14, 13, 18, 14, 14, 13, 13, 15, 16, 17, 13, 14, 14, 13, 18, 16, 14, 13, 13, 14, 13, 13, 13, 14, 15, 14, 15, 13, 14, 13, 14, 13, 14, 14, 14, 14, 14, 14, 13, 14, 13, 15, 13, 16, 14, 16, 13, 13, 13, 13, 13, 14, 13, 14, 14, 15, 16, 13, 14, 13, 13, 14, 13, 14, 14, 13, 14, 14, 15, 14, 13, 13, 14, 13, 14, 15, 13, 14, 15, 14, 14, 14, 15, 13, 14, 13, 14, 14, 14, 13, 14, 14, 13, 14, 13, 16, 14, 14, 15, 14, 14, 14, 13, 14, 14, 14, 14, 15, 14, 14, 14, 13, 13, 16, 14, 13, 14, 14, 13, 15, 14, 15, 14, 13, 14, 14, 13, 14, 14, 14, 14, 13, 14, 13, 13, 14, 13, 18, 14, 15, 14, 14, 14, 14, 13, 13, 13, 13, 17, 16, 14, 14, 15, 15, 13, 15, 14, 15, 13, 14, 14, 13, 13, 14, 13, 13, 17, 14, 14, 14, 16, 14, 14, 13, 14, 13, 14, 13, 14, 13, 14, 13, 15, 14, 15, 14, 16, 18, 15, 13, 13, 13, 13, 14, 14, 14, 14, 14, 14, 13, 14, 16, 15, 14, 15, 13, 13, 13, 16, 13, 13, 13, 13, 13, 13, 14, 14, 14, 14, 14, 14, 14, 14, 14, 13, 14, 14, 14, 15, 13, 14, 18, 15, 14, 15, 15, 13, 14, 14, 14, 14, 14, 13, 13, 14, 14, 13, 16, 13, 14, 14, 14, 14, 15, 13, 13, 14, 13, 13, 15, 13, 13, 16, 13, 14, 13, 14, 13, 14, 13, 13, 14, 13, 14, 13, 15, 14, 14, 13, 14, 14, 13, 13, 13, 13, 15, 14, 13, 14, 13, 14, 17, 14, 14, 14, 13, 14, 14, 14, 14, 14, 14, 15, 13, 13, 14, 14, 14, 14, 14, 14, 13, 13, 14, 13, 13, 15, 13, 15, 13, 13, 14, 13, 14, 14, 14, 14, 14, 13, 20, 14, 13, 13, 16, 14, 14, 14, 14, 13, 14, 14, 13, 15, 14, 14, 16, 14, 13, 14, 13, 16, 13, 15, 15, 14, 13, 14, 13, 14, 13, 13, 14, 14, 14, 14, 14, 14, 14, 14, 13, 15, 15, 13, 14, 14, 15, 13, 13, 14, 13, 14, 13, 13, 13, 13, 14, 19, 14, 14, 14, 14, 13, 14, 17, 13, 13, 13, 14, 13, 15, 14, 14, 14, 13, 14, 14, 14, 15, 13, 16, 15, 14, 14, 13, 15, 13, 14, 15, 14, 14, 13, 13, 14, 13, 13, 16, 16, 13, 14, 14, 14, 14, 14, 14, 13, 14, 13, 14, 14, 14, 16, 14, 13, 13, 15, 14, 14, 17, 15, 14, 13, 14, 14, 14, 13, 14, 15, 15, 13, 13, 14, 14, 13, 13, 15, 13, 13, 15, 13, 15, 14, 13, 13, 13, 13, 14, 14, 14, 13, 13, 16, 13, 15, 14, 14, 13, 14, 13, 14, 16, 13, 13, 14, 14, 13, 13, 15, 14, 13, 14, 14, 14, 13, 15, 13, 14, 14, 14, 14, 14, 14, 13, 14, 14, 14, 14, 13, 14, 13, 14, 13, 13, 14, 13, 15, 14, 13, 13, 13, 13, 13, 14, 15, 14, 14, 16, 15, 14, 13, 14, 14, 14, 13, 14, 14, 16, 13, 14, 14, 14, 13, 13, 13, 13, 14, 16, 14, 13, 14, 14, 14, 13, 13, 13, 14, 14, 13, 14, 16, 14, 15, 16, 14, 13, 14, 13, 15, 13, 15, 14, 16, 18, 14, 13, 13, 14, 13, 16, 13, 14, 13, 13, 14, 14, 13, 15, 14, 13, 17, 14, 17, 14, 13, 14, 14, 14, 13, 13, 16, 14, 13, 14, 17, 13, 14, 14, 13, 14, 14, 14, 14, 14, 13, 14, 15, 13, 13, 13, 14, 15, 14, 14, 13, 13, 13, 14, 14, 13, 14, 14, 14, 18, 14, 13, 15, 15, 14, 13, 13, 14, 14, 14, 14, 14, 14, 13, 14, 13, 14, 13, 15, 14, 13, 13, 14, 14, 13, 14, 14, 13, 14, 15, 16, 14, 13, 14, 14, 14, 13, 14, 13, 14, 13, 17, 14, 13, 14, 14, 14, 13, 14, 13, 14, 13, 14, 15, 14, 14, 13, 13, 15, 17, 13, 14, 15, 13, 14, 14, 13, 14, 18, 13, 14, 16, 14, 13, 13, 14, 16, 14, 18, 14, 14, 14, 13, 15, 15, 14, 14, 15, 14, 13, 14, 13, 13, 13, 14, 13, 13, 13, 14, 15, 16, 13, 14, 14, 14, 13, 14, 14, 14, 14, 14]

Mean:13.932
Median:14.0
Mode:14
Seed:893


Seeds:
[364, 117, 284, 702, 910, 49, 626, 893]

Means:
[14.642, 14.913, 13.946, 1.852, 14.701, 1.106, 2.813, 13.932]

Medians:
[14.0, 15.0, 14.0, 1.0, 14.0, 1.0, 1.0, 14.0]

Modes:
[14, 14, 14, 0, 14, 1, 0, 14]


Top Level Results:
Mean:9.738125
Median:14.0
Mode:14



