[12, 0, 16, 4, 16, 13, 0, 9, 3, 2, 6, 10, 1, 4, 1, 0, 0, 0, 2, 4, 9, 5, 0, 10, 3, 5, 7, 2, 3, 5, 1, 0, 8, 1, 0, 1, 1, 0, 21, 11, 8, 0, 4, 0, 1, 12, 3, 10, 7, 5, 2, 0, 9, 2, 0, 0, 2, 1, 3, 0, 0, 1, 4, 2, 4, 15, 6, 4, 13, 1, 1, 5, 8, 0, 3, 10, 3, 10, 1, 1, 1, 9, 4, 4, 0, 6, 3, 2, 0, 4, 6, 2, 7, 11, 0, 4, 2, 0, 6, 2, 8, 0, 11, 0, 6, 3, 5, 1, 4, 1, 4, 9, 2, 1, 1, 5, 1, 10, 12, 13, 8, 0, 7, 3, 1, 1, 1, 5, 9, 0, 1, 4, 6, 1, 9, 1, 0, 4, 4, 1, 0, 1, 11, 2, 4, 0, 2, 0, 0, 4, 0, 6, 6, 4, 0, 7, 1, 11, 0, 6, 0, 11, 5, 0, 6, 2, 5, 4, 3, 7, 0, 11, 1, 1, 0, 2, 7, 2, 0, 1, 2, 9, 0, 1, 9, 0, 2, 1, 0, 9, 0, 3, 14, 11, 0, 2, 1, 6, 3, 2, 0, 9, 0, 5, 8, 0, 9, 0, 2, 5, 6, 0, 3, 0, 2, 7, 5, 2, 0, 3, 2, 1, 7, 1, 0, 0, 3, 2, 0, 1, 0, 4, 6, 9, 0, 4, 0, 0, 1, 1, 8, 0, 0, 2, 2, 11, 6, 3, 0, 5, 1, 11, 1, 2, 0, 14, 1, 17, 0, 4, 4, 0, 3, 1, 9, 4, 1, 0, 6, 8, 1, 6, 1, 2, 0, 7, 8, 0, 5, 3, 4, 1, 8, 4, 1, 7, 10, 7, 6, 6, 0, 8, 5, 0, 0, 0, 1, 3, 0, 3, 5, 0, 0, 1, 5, 6, 9, 0, 9, 1, 1, 7, 2, 6, 9, 0, 0, 1, 1, 1, 6, 6, 2, 2, 7, 2, 7, 1, 9, 3, 12, 0, 2, 0, 3, 1, 0, 13, 1, 0, 0, 5, 5, 5, 8, 2, 3, 6, 0, 0, 2, 4, 1, 6, 4, 4, 14, 5, 2, 1, 0, 3, 3, 3, 2, 8, 4, 16, 11, 0, 9, 1, 1, 1, 0, 0, 16, 1, 10, 2, 1, 6, 8, 2, 1, 5, 2, 10, 0, 3, 7, 3, 9, 4, 2, 7, 16, 5, 4, 9, 2, 2, 2, 2, 11, 4, 22, 0, 1, 8, 3, 7, 0, 6, 3, 0, 4, 0, 0, 3, 4, 14, 2, 15, 2, 4, 0, 2, 5, 7, 1, 12, 0, 1, 1, 0, 7, 0, 4, 1, 4, 3, 0, 2, 0, 6, 1, 3, 4, 7, 1, 2, 0, 6, 9, 8, 0, 6, 0, 1, 3, 6, 5, 1, 2, 3, 9, 3, 2, 6, 5, 1, 1, 1, 5, 0, 0, 2, 3, 2, 6, 2, 1, 1, 3, 2, 4, 0, 0, 4, 1, 0, 2, 13, 3, 9, 0, 2, 1, 1]

Mean:3.786
Median:2.0
Mode:0
Seed:796


[6, 13, 19, 6, 5, 23, 2, 15, 8, 16, 8, 13, 2, 12, 8, 5, 16, 10, 5, 17, 18, 10, 12, 15, 16, 13, 10, 18, 2, 11, 3, 15, 1, 11, 17, 4, 24, 13, 8, 4, 16, 12, 9, 15, 11, 6, 15, 13, 4, 18, 15, 10, 12, 4, 14, 7, 15, 20, 12, 16, 11, 12, 4, 7, 4, 26, 3, 6, 10, 3, 6, 10, 15, 14, 1, 13, 1, 5, 8, 8, 7, 21, 13, 10, 4, 5, 15, 1, 14, 18, 16, 14, 10, 20, 14, 14, 15, 9, 3, 20, 23, 10, 13, 20, 4, 26, 12, 4, 12, 21, 4, 1, 20, 16, 6, 21, 9, 11, 8, 17, 11, 18, 25, 32, 9, 15, 13, 16, 19, 11, 13, 19, 1, 20, 10, 12, 12, 12, 4, 12, 8, 10, 20, 18, 18, 11, 17, 9, 9, 9, 14, 16, 25, 23, 1, 15, 5, 5, 19, 18, 14, 7, 11, 2, 8, 24, 19, 4, 22, 1, 16, 14, 3, 14, 9, 13, 8, 30, 30, 17, 24, 6, 3, 17, 10, 17, 2, 22, 8, 9, 13, 6, 9, 1, 14, 4, 10, 4, 18, 19, 19, 5, 19, 5, 6, 20, 12, 16, 11, 1, 12, 6, 15, 16, 7, 9, 17, 17, 18, 13, 14, 11, 3, 13, 16, 1, 7, 19, 18, 7, 1, 9, 21, 3, 23, 5, 28, 10, 22, 1, 7, 19, 8, 7, 8, 23, 6, 16, 13, 10, 27, 15, 3, 26, 8, 13, 20, 24, 9, 8, 16, 17, 18, 24, 4, 11, 19, 14, 16, 9, 13, 14, 13, 12, 8, 19, 17, 16, 5, 23, 14, 5, 23, 11, 7, 8, 25, 31, 7, 13, 1, 10, 19, 26, 1, 22, 16, 2, 20, 18, 13, 3, 14, 9, 19, 7, 18, 10, 13, 12, 7, 4, 1, 18, 14, 10, 24, 14, 18, 9, 7, 24, 4, 16, 19, 6, 13, 21, 17, 18, 3, 3, 4, 14, 1, 9, 13, 15, 8, 10, 9, 9, 22, 27, 1, 8, 12, 9, 12, 23, 3, 24, 1, 14, 6, 7, 17, 14, 20, 20, 8, 4, 18, 16, 20, 11, 16, 1, 16, 6, 7, 10, 3, 12, 14, 4, 9, 13, 16, 18, 8, 3, 5, 13, 16, 14, 19, 11, 11, 13, 16, 12, 16, 6, 11, 15, 11, 18, 16, 6, 16, 6, 15, 5, 18, 25, 3, 1, 20, 13, 10, 15, 8, 13, 12, 33, 16, 15, 4, 9, 6, 20, 25, 17, 13, 11, 9, 26, 5, 7, 23, 4, 17, 4, 15, 6, 19, 7, 7, 7, 1, 13, 10, 17, 10, 9, 19, 10, 8, 15, 22, 13, 33, 16, 18, 11, 6, 9, 11, 2, 8, 13, 12, 1, 10, 5, 19, 1, 13, 10, 8, 12, 16, 24, 10, 14, 22, 24, 9, 1, 7, 1, 4, 1, 9, 15, 9, 5, 5, 14, 10, 8, 14, 7, 5, 29, 30, 16, 4, 12]

Mean:12.144
Median:12.0
Mode:13
Seed:283


[29, 28, 35, 24, 24, 29, 32, 12, 23, 1, 13, 28, 24, 30, 7, 26, 9, 29, 21, 13, 0, 31, 23, 30, 21, 3, 18, 8, 24, 5, 25, 24, 17, 28, 37, 1, 29, 23, 15, 22, 19, 21, 16, 28, 33, 21, 25, 20, 23, 27, 21, 24, 12, 25, 22, 33, 26, 6, 24, 25, 22, 15, 17, 23, 6, 29, 27, 2, 23, 29, 27, 7, 29, 17, 21, 12, 20, 8, 22, 30, 27, 28, 27, 16, 16, 28, 30, 22, 18, 6, 30, 7, 28, 6, 22, 29, 34, 24, 2, 23, 22, 26, 24, 22, 18, 21, 13, 14, 28, 29, 28, 22, 28, 19, 26, 29, 28, 21, 21, 25, 18, 17, 6, 21, 18, 33, 29, 28, 18, 24, 18, 25, 8, 10, 4, 26, 20, 4, 31, 27, 20, 21, 21, 9, 25, 26, 34, 33, 23, 25, 21, 24, 27, 24, 16, 6, 25, 29, 28, 15, 24, 37, 24, 26, 24, 0, 24, 26, 19, 16, 24, 32, 19, 38, 25, 18, 30, 8, 20, 24, 9, 16, 24, 24, 21, 16, 16, 26, 27, 27, 12, 27, 34, 34, 22, 26, 30, 28, 25, 21, 13, 28, 29, 30, 34, 1, 12, 26, 8, 33, 20, 31, 32, 23, 21, 25, 32, 33, 22, 8, 22, 29, 17, 18, 28, 13, 21, 19, 27, 27, 35, 27, 18, 17, 39, 4, 31, 12, 12, 0, 24, 23, 29, 28, 12, 1, 21, 18, 16, 18, 30, 31, 31, 16, 9, 26, 25, 26, 26, 35, 27, 32, 27, 23, 26, 5, 29, 26, 25, 28, 25, 25, 10, 18, 20, 32, 0, 22, 29, 27, 2, 28, 21, 33, 28, 25, 18, 9, 28, 24, 6, 19, 1, 15, 34, 6, 26, 20, 26, 29, 26, 24, 29, 28, 22, 31, 18, 1, 26, 11, 21, 36, 27, 24, 17, 34, 35, 29, 21, 20, 23, 30, 23, 27, 5, 1, 1, 13, 9, 22, 25, 23, 27, 22, 22, 28, 19, 23, 18, 9, 24, 2, 25, 21, 19, 16, 33, 31, 21, 19, 29, 27, 21, 24, 25, 23, 32, 27, 17, 24, 31, 25, 19, 29, 26, 18, 31, 32, 28, 29, 26, 24, 19, 29, 21, 29, 19, 32, 5, 22, 25, 21, 21, 30, 29, 24, 6, 0, 27, 24, 12, 6, 5, 33, 33, 27, 26, 29, 4, 23, 17, 5, 36, 17, 5, 19, 24, 10, 31, 3, 19, 34, 29, 35, 20, 26, 26, 24, 14, 30, 15, 26, 18, 24, 18, 0, 27, 16, 0, 30, 19, 19, 15, 30, 20, 32, 28, 30, 26, 22, 26, 30, 24, 24, 29, 36, 23, 27, 31, 16, 24, 23, 23, 26, 19, 22, 22, 29, 29, 27, 26, 27, 26, 20, 27, 30, 28, 23, 24, 13, 7, 35, 28, 18, 4, 37, 27, 1, 26, 33, 24, 35, 32, 18, 5, 23, 35, 35, 14, 25, 27, 22, 20, 28, 24, 27, 26, 29, 29, 19]

Mean:21.992
Median:24.0
Mode:24
Seed:433


[0, 5, 0, 0, 2, 0, 0, 3, 1, 4, 2, 1, 3, 1, 2, 3, 4, 6, 5, 1, 0, 2, 4, 0, 2, 4, 2, 0, 3, 1, 5, 0, 3, 0, 6, 0, 1, 6, 3, 2, 4, 0, 4, 2, 7, 4, 4, 2, 0, 0, 0, 0, 6, 1, 0, 3, 2, 2, 0, 8, 0, 0, 3, 4, 7, 4, 9, 0, 3, 2, 1, 4, 1, 1, 0, 6, 1, 2, 2, 3, 8, 2, 5, 2, 3, 2, 0, 2, 0, 5, 2, 5, 1, 1, 8, 1, 1, 0, 4, 4, 0, 1, 2, 1, 7, 5, 0, 10, 1, 4, 2, 7, 3, 2, 1, 2, 1, 5, 4, 1, 3, 1, 1, 2, 0, 2, 4, 3, 0, 3, 3, 8, 2, 0, 9, 5, 1, 0, 2, 3, 5, 8, 1, 1, 4, 6, 2, 1, 2, 4, 3, 6, 2, 3, 7, 4, 2, 0, 3, 1, 2, 10, 0, 2, 1, 1, 2, 3, 3, 7, 3, 0, 8, 6, 8, 6, 0, 0, 6, 3, 1, 12, 8, 2, 6, 5, 2, 1, 3, 3, 2, 2, 1, 5, 5, 2, 0, 1, 1, 6, 3, 0, 1, 6, 1, 2, 3, 4, 3, 3, 2, 2, 4, 0, 2, 2, 2, 0, 2, 4, 3, 3, 0, 0, 0, 3, 2, 1, 0, 4, 7, 4, 0, 4, 15, 3, 2, 11, 2, 0, 2, 10, 2, 2, 3, 1, 2, 1, 3, 0, 1, 2, 2, 2, 0, 2, 8, 1, 5, 0, 0, 2, 4, 0, 3, 2, 5, 6, 5, 3, 5, 2, 4, 1, 4, 0, 3, 0, 2, 0, 2, 2, 6, 3, 1, 2, 2, 2, 4, 2, 4, 5, 2, 0, 0, 3, 2, 0, 1, 3, 1, 1, 2, 1, 4, 0, 5, 2, 4, 8, 1, 4, 2, 0, 4, 2, 2, 0, 3, 8, 0, 3, 7, 3, 4, 5, 2, 3, 2, 4, 3, 4, 8, 2, 2, 7, 2, 0, 0, 2, 0, 0, 6, 1, 2, 2, 0, 4, 2, 4, 7, 0, 3, 2, 2, 5, 1, 0, 0, 1, 2, 3, 1, 9, 0, 3, 1, 1, 1, 4, 3, 1, 0, 0, 5, 2, 3, 2, 4, 6, 4, 2, 0, 5, 5, 3, 0, 12, 7, 2, 0, 2, 1, 1, 1, 2, 0, 0, 5, 0, 0, 1, 3, 0, 1, 5, 4, 2, 3, 1, 2, 1, 4, 0, 6, 4, 6, 4, 3, 1, 1, 2, 5, 0, 0, 4, 6, 3, 0, 2, 4, 0, 3, 2, 0, 2, 2, 0, 2, 0, 1, 8, 5, 5, 0, 1, 1, 4, 2, 4, 2, 0, 2, 3, 3, 0, 5, 2, 5, 2, 0, 2, 2, 3, 5, 3, 1, 3, 1, 2, 4, 0, 2, 1, 7, 2, 2, 1, 4, 0, 2, 2, 3, 2, 5, 2, 2, 3, 0, 4, 3, 0, 3, 2, 2, 8, 6, 3, 0, 2]

Mean:2.642
Median:2.0
Mode:2
Seed:153


[1, 1, 0, 2, 2, 2, 0, 1, 1, 1, 0, 0, 2, 1, 0, 2, 4, 0, 0, 0, 4, 1, 0, 0, 1, 1, 0, 1, 0, 5, 0, 1, 3, 0, 1, 1, 1, 0, 0, 2, 0, 3, 2, 2, 0, 0, 1, 1, 2, 3, 1, 0, 1, 4, 1, 0, 0, 1, 1, 0, 0, 1, 1, 2, 2, 1, 2, 0, 2, 1, 2, 2, 2, 0, 1, 2, 0, 0, 0, 1, 1, 1, 0, 0, 2, 0, 1, 1, 2, 1, 0, 1, 5, 1, 0, 3, 1, 2, 0, 1, 2, 1, 2, 1, 2, 1, 3, 0, 0, 0, 0, 2, 0, 0, 0, 1, 1, 1, 0, 2, 1, 1, 0, 0, 1, 3, 1, 3, 1, 3, 1, 0, 3, 4, 0, 0, 0, 3, 0, 1, 1, 1, 1, 0, 2, 1, 1, 1, 0, 1, 2, 1, 1, 1, 1, 0, 1, 1, 0, 1, 0, 0, 1, 1, 1, 1, 1, 2, 0, 1, 1, 1, 1, 0, 3, 0, 1, 4, 1, 0, 0, 1, 1, 0, 3, 0, 0, 2, 1, 0, 1, 0, 0, 1, 0, 0, 1, 1, 1, 0, 0, 2, 0, 1, 1, 0, 0, 0, 4, 1, 1, 0, 3, 1, 1, 0, 1, 2, 3, 1, 0, 1, 1, 3, 2, 1, 1, 1, 3, 0, 4, 1, 2, 5, 0, 0, 1, 1, 1, 1, 1, 1, 1, 1, 0, 0, 1, 1, 1, 1, 1, 1, 0, 1, 1, 1, 2, 0, 1, 2, 1, 0, 2, 0, 1, 0, 1, 1, 0, 0, 2, 1, 3, 1, 0, 1, 2, 1, 1, 1, 1, 0, 1, 0, 1, 0, 4, 1, 1, 0, 0, 0, 1, 0, 0, 1, 2, 1, 1, 2, 1, 0, 1, 1, 1, 2, 0, 1, 1, 3, 2, 1, 1, 0, 2, 0, 3, 0, 0, 1, 1, 0, 0, 2, 0, 1, 0, 3, 1, 3, 0, 1, 0, 2, 1, 1, 2, 1, 1, 1, 2, 1, 1, 2, 0, 3, 2, 1, 1, 0, 0, 0, 2, 1, 1, 1, 0, 1, 1, 0, 0, 1, 0, 0, 0, 1, 3, 1, 2, 1, 1, 2, 0, 0, 0, 1, 0, 1, 1, 2, 2, 1, 0, 1, 2, 0, 0, 0, 1, 1, 2, 0, 0, 0, 3, 0, 0, 2, 1, 2, 0, 1, 0, 2, 2, 1, 1, 0, 1, 0, 1, 0, 1, 0, 0, 0, 2, 1, 1, 2, 0, 2, 2, 1, 0, 1, 0, 1, 2, 2, 0, 0, 1, 2, 1, 0, 1, 1, 1, 1, 1, 1, 0, 1, 0, 3, 0, 0, 2, 0, 0, 1, 1, 0, 1, 4, 0, 2, 0, 0, 0, 1, 5, 0, 1, 1, 1, 0, 0, 1, 1, 0, 0, 1, 0, 1, 0, 0, 1, 2, 2, 0, 1, 0, 1, 1, 0, 3, 1, 0, 0, 0, 1, 1, 0, 2, 3, 0, 1, 0]

Mean:0.986
Median:1.0
Mode:1
Seed:430


[1, 3, 8, 1, 2, 4, 3, 1, 3, 3, 5, 3, 6, 1, 3, 0, 0, 1, 4, 0, 1, 6, 0, 0, 9, 4, 1, 1, 0, 5, 0, 0, 0, 1, 1, 3, 0, 1, 0, 0, 1, 2, 2, 1, 5, 1, 1, 2, 1, 0, 7, 2, 4, 2, 2, 2, 6, 2, 6, 3, 4, 0, 2, 0, 0, 5, 5, 2, 2, 1, 1, 2, 1, 0, 3, 1, 1, 2, 0, 4, 2, 0, 1, 3, 1, 3, 0, 1, 1, 1, 0, 0, 4, 0, 0, 0, 0, 1, 1, 9, 1, 6, 0, 2, 3, 0, 1, 5, 1, 8, 1, 2, 2, 1, 1, 0, 2, 1, 0, 0, 2, 2, 2, 1, 0, 0, 0, 5, 3, 0, 0, 2, 1, 2, 1, 0, 1, 0, 12, 2, 6, 1, 0, 3, 0, 2, 1, 2, 1, 0, 5, 1, 0, 2, 3, 0, 2, 2, 3, 0, 0, 2, 0, 5, 2, 0, 1, 1, 1, 4, 4, 2, 1, 3, 0, 2, 1, 3, 1, 2, 2, 2, 0, 0, 2, 1, 0, 0, 0, 2, 5, 3, 1, 1, 3, 3, 0, 1, 1, 1, 0, 1, 0, 0, 0, 1, 4, 5, 0, 0, 0, 3, 0, 0, 0, 2, 2, 1, 4, 3, 6, 1, 2, 4, 3, 4, 1, 2, 1, 3, 3, 1, 1, 2, 0, 0, 5, 0, 4, 0, 2, 0, 0, 0, 2, 1, 4, 1, 0, 4, 0, 0, 10, 0, 2, 0, 0, 1, 1, 8, 3, 0, 1, 2, 0, 5, 8, 0, 0, 2, 2, 1, 7, 3, 2, 1, 0, 5, 1, 0, 7, 2, 0, 0, 0, 4, 1, 1, 0, 3, 2, 1, 0, 9, 1, 1, 0, 3, 0, 2, 0, 4, 3, 0, 2, 3, 1, 1, 4, 0, 0, 1, 2, 0, 4, 5, 6, 2, 5, 0, 3, 3, 1, 1, 0, 0, 5, 2, 1, 5, 0, 3, 4, 1, 7, 8, 1, 1, 0, 1, 0, 7, 2, 3, 1, 2, 3, 3, 2, 1, 2, 1, 0, 0, 1, 0, 4, 8, 6, 3, 5, 0, 1, 0, 0, 0, 1, 1, 2, 1, 2, 0, 5, 1, 3, 0, 1, 1, 0, 0, 4, 0, 4, 1, 3, 0, 0, 2, 0, 9, 1, 0, 0, 1, 2, 4, 4, 0, 1, 0, 3, 3, 2, 1, 1, 0, 1, 0, 1, 14, 0, 1, 2, 4, 2, 0, 0, 1, 1, 1, 6, 4, 0, 1, 4, 1, 4, 2, 1, 2, 1, 0, 4, 1, 1, 3, 2, 2, 1, 1, 8, 1, 9, 1, 0, 1, 2, 3, 0, 0, 2, 7, 2, 1, 2, 1, 2, 4, 0, 5, 5, 2, 1, 0, 1, 0, 1, 1, 2, 1, 2, 1, 1, 2, 5, 1, 1, 0, 0, 0, 3, 4, 0, 0, 0, 2, 1, 0, 0, 0, 0, 5, 2, 4, 2, 0, 0, 3, 1, 0]

Mean:1.878
Median:1.0
Mode:0
Seed:426


[0, 0, 2, 0, 1, 0, 2, 0, 4, 1, 7, 2, 0, 11, 0, 1, 1, 2, 3, 2, 0, 5, 3, 0, 1, 0, 1, 2, 1, 4, 0, 1, 2, 3, 5, 1, 1, 1, 0, 1, 1, 2, 2, 1, 1, 0, 2, 1, 2, 7, 0, 1, 0, 0, 2, 3, 1, 0, 8, 1, 3, 1, 2, 1, 0, 2, 0, 1, 6, 4, 0, 1, 4, 4, 0, 0, 2, 7, 1, 3, 0, 0, 4, 3, 6, 2, 2, 2, 6, 0, 1, 1, 7, 2, 2, 0, 0, 0, 2, 1, 0, 1, 1, 0, 0, 0, 0, 1, 0, 1, 0, 0, 0, 2, 1, 2, 2, 5, 4, 0, 1, 3, 10, 7, 0, 3, 1, 2, 3, 0, 0, 1, 5, 0, 0, 2, 2, 0, 1, 0, 3, 1, 2, 4, 2, 1, 1, 3, 1, 1, 3, 3, 3, 1, 2, 3, 0, 1, 0, 1, 3, 0, 2, 2, 4, 0, 1, 1, 0, 3, 4, 0, 0, 6, 0, 0, 1, 0, 3, 2, 1, 1, 5, 2, 3, 1, 0, 1, 1, 0, 0, 0, 0, 1, 3, 0, 2, 1, 10, 1, 0, 0, 2, 2, 0, 2, 4, 1, 0, 1, 3, 2, 1, 2, 2, 0, 2, 7, 4, 1, 2, 6, 1, 5, 1, 2, 1, 1, 1, 3, 0, 0, 6, 1, 2, 0, 0, 1, 5, 1, 5, 5, 2, 3, 1, 1, 12, 0, 5, 0, 3, 3, 1, 1, 4, 2, 0, 1, 3, 0, 7, 0, 0, 3, 4, 0, 0, 0, 0, 0, 0, 2, 0, 1, 3, 0, 1, 0, 2, 0, 2, 1, 1, 0, 2, 0, 3, 2, 1, 2, 4, 7, 2, 0, 1, 0, 0, 1, 1, 0, 4, 0, 2, 0, 0, 3, 3, 0, 0, 1, 2, 0, 1, 5, 0, 0, 0, 4, 0, 0, 0, 2, 3, 1, 2, 3, 1, 2, 3, 5, 7, 4, 0, 2, 3, 3, 1, 1, 0, 0, 2, 2, 2, 0, 2, 0, 2, 0, 0, 0, 5, 2, 4, 4, 2, 4, 1, 3, 1, 0, 1, 1, 0, 0, 2, 1, 2, 7, 1, 0, 8, 1, 0, 4, 3, 2, 2, 0, 9, 1, 3, 0, 4, 3, 1, 5, 5, 3, 2, 2, 4, 1, 3, 1, 1, 4, 1, 0, 0, 1, 2, 1, 1, 0, 0, 1, 5, 0, 2, 2, 7, 6, 4, 3, 2, 1, 0, 5, 2, 4, 3, 0, 2, 7, 0, 1, 0, 0, 0, 5, 2, 0, 0, 0, 0, 1, 0, 0, 2, 0, 1, 2, 6, 1, 0, 0, 0, 2, 2, 3, 4, 3, 0, 0, 2, 4, 0, 0, 1, 2, 0, 0, 2, 6, 2, 2, 0, 3, 3, 2, 6, 8, 5, 1, 0, 1, 0, 1, 6, 1, 10, 2, 2, 3, 4, 0, 3, 2, 0, 6, 2, 2, 2, 3, 1, 0, 0, 5, 6, 1]

Mean:1.862
Median:1.0
Mode:0
Seed:229


[3, 1, 1, 3, 3, 13, 9, 3, 5, 4, 4, 6, 7, 4, 8, 5, 5, 4, 2, 5, 1, 6, 1, 2, 1, 11, 4, 1, 6, 5, 5, 1, 4, 6, 3, 13, 4, 6, 2, 4, 4, 6, 12, 5, 7, 1, 10, 3, 2, 2, 12, 5, 10, 15, 8, 2, 2, 5, 3, 8, 5, 10, 1, 3, 6, 1, 6, 1, 9, 1, 9, 14, 7, 2, 9, 14, 4, 5, 12, 2, 4, 1, 6, 3, 1, 2, 4, 1, 5, 1, 6, 8, 3, 2, 11, 1, 3, 16, 2, 4, 5, 3, 3, 17, 4, 6, 13, 7, 1, 1, 4, 3, 6, 2, 2, 12, 2, 2, 1, 7, 9, 2, 11, 2, 6, 3, 4, 1, 3, 3, 6, 6, 7, 1, 1, 6, 15, 5, 3, 2, 1, 4, 5, 2, 5, 12, 1, 4, 6, 12, 6, 8, 4, 3, 5, 15, 7, 8, 2, 5, 8, 4, 8, 6, 9, 1, 2, 4, 4, 12, 5, 2, 1, 3, 9, 2, 12, 3, 1, 7, 2, 3, 5, 8, 11, 7, 1, 9, 4, 9, 10, 2, 3, 10, 3, 2, 2, 1, 2, 3, 3, 6, 3, 8, 4, 6, 7, 3, 12, 4, 4, 14, 10, 7, 6, 7, 2, 1, 1, 6, 11, 8, 9, 7, 7, 4, 3, 8, 3, 1, 4, 6, 3, 3, 2, 3, 16, 4, 1, 5, 14, 7, 6, 3, 4, 2, 11, 3, 8, 3, 4, 9, 2, 10, 4, 13, 13, 9, 2, 4, 2, 2, 4, 1, 10, 10, 3, 12, 8, 11, 6, 9, 4, 5, 2, 4, 4, 12, 1, 2, 5, 1, 7, 2, 6, 3, 5, 8, 3, 3, 7, 1, 1, 2, 2, 8, 6, 5, 2, 9, 13, 8, 5, 4, 13, 1, 4, 9, 4, 2, 10, 7, 3, 4, 9, 1, 8, 3, 2, 1, 8, 3, 6, 10, 6, 5, 6, 1, 1, 5, 2, 8, 2, 4, 4, 1, 9, 1, 9, 10, 6, 11, 7, 3, 8, 16, 8, 16, 18, 10, 7, 1, 8, 4, 9, 3, 5, 4, 4, 11, 4, 2, 7, 2, 7, 6, 9, 3, 2, 6, 5, 3, 10, 6, 6, 1, 3, 9, 1, 11, 2, 9, 4, 8, 6, 2, 2, 12, 3, 11, 9, 1, 2, 5, 6, 10, 4, 8, 3, 5, 1, 4, 6, 2, 6, 2, 8, 1, 2, 3, 10, 8, 13, 6, 2, 2, 6, 5, 2, 8, 8, 10, 1, 3, 6, 2, 13, 5, 9, 8, 5, 6, 2, 5, 1, 1, 3, 5, 1, 1, 5, 1, 3, 5, 2, 5, 4, 13, 5, 5, 6, 7, 13, 15, 6, 6, 1, 6, 11, 9, 2, 14, 4, 5, 3, 11, 2, 8, 10, 3, 3, 12, 7, 2, 8, 3, 2, 3, 2, 2, 1, 3, 7, 3, 8, 7, 7, 3, 4, 8, 1, 15, 5, 7, 1, 5, 1, 2, 5, 2]

Mean:5.356
Median:5.0
Mode:2
Seed:743


[6, 3, 12, 6, 8, 3, 5, 7, 5, 1, 14, 12, 7, 19, 18, 7, 3, 21, 1, 2, 1, 5, 2, 10, 8, 5, 5, 6, 3, 2, 1, 8, 0, 0, 13, 2, 1, 6, 1, 8, 12, 12, 15, 16, 4, 4, 13, 3, 1, 0, 2, 1, 4, 2, 1, 0, 0, 15, 2, 1, 4, 9, 1, 11, 6, 7, 13, 3, 11, 4, 1, 4, 16, 5, 6, 5, 8, 0, 14, 1, 3, 12, 1, 9, 7, 2, 4, 2, 16, 7, 0, 5, 1, 3, 10, 1, 0, 2, 13, 9, 3, 2, 10, 17, 9, 2, 14, 1, 10, 1, 15, 9, 3, 9, 4, 4, 3, 12, 12, 4, 1, 1, 0, 3, 5, 13, 1, 2, 2, 4, 14, 6, 8, 13, 1, 15, 5, 11, 18, 13, 17, 1, 1, 4, 5, 4, 6, 2, 15, 2, 11, 13, 0, 5, 0, 13, 1, 9, 6, 4, 7, 15, 1, 6, 2, 15, 0, 13, 5, 1, 2, 7, 6, 10, 2, 7, 19, 16, 13, 1, 3, 3, 3, 7, 1, 1, 20, 17, 1, 11, 19, 8, 5, 8, 2, 2, 1, 2, 1, 1, 9, 10, 23, 4, 20, 1, 10, 5, 2, 5, 2, 2, 12, 15, 2, 2, 15, 11, 2, 7, 1, 7, 3, 3, 7, 15, 14, 5, 7, 7, 8, 5, 10, 21, 5, 14, 14, 1, 2, 0, 15, 4, 6, 11, 0, 12, 5, 13, 2, 8, 11, 6, 17, 1, 1, 6, 6, 4, 13, 4, 0, 13, 1, 2, 4, 8, 6, 10, 1, 0, 1, 0, 0, 7, 8, 1, 10, 14, 0, 8, 4, 1, 5, 11, 1, 0, 13, 0, 1, 13, 1, 4, 1, 2, 12, 1, 11, 15, 16, 4, 1, 3, 6, 4, 2, 7, 1, 17, 3, 2, 9, 6, 14, 8, 1, 4, 1, 6, 2, 5, 5, 1, 2, 11, 0, 20, 10, 3, 5, 6, 13, 10, 12, 14, 11, 1, 5, 0, 15, 7, 15, 4, 19, 0, 25, 5, 3, 8, 14, 8, 4, 4, 13, 2, 8, 4, 3, 8, 17, 5, 2, 2, 2, 13, 8, 3, 13, 11, 4, 9, 7, 12, 16, 6, 2, 4, 9, 0, 1, 10, 3, 1, 13, 4, 0, 0, 16, 0, 3, 7, 10, 15, 8, 3, 7, 0, 1, 7, 2, 0, 3, 2, 13, 19, 0, 3, 9, 0, 3, 15, 1, 1, 10, 9, 9, 13, 2, 15, 6, 13, 6, 3, 12, 1, 19, 21, 3, 4, 6, 5, 2, 7, 14, 6, 11, 4, 7, 4, 8, 8, 6, 8, 4, 4, 18, 6, 13, 6, 1, 14, 2, 5, 13, 3, 5, 16, 6, 7, 14, 9, 4, 17, 1, 17, 6, 1, 17, 4, 1, 8, 4, 15, 13, 9, 16, 10, 1, 14, 1, 13, 1, 21, 1, 7, 10, 1, 3, 1, 8, 3, 9, 4, 2, 1, 8, 5, 19, 8, 10, 4]

Mean:6.656
Median:5.0
Mode:1
Seed:339


[1, 0, 1, 1, 1, 1, 0, 1, 2, 1, 1, 1, 1, 1, 1, 1, 3, 0, 1, 2, 1, 0, 0, 2, 2, 1, 0, 2, 0, 1, 0, 0, 1, 1, 1, 1, 0, 0, 1, 1, 1, 1, 2, 2, 1, 1, 0, 2, 2, 2, 1, 1, 0, 2, 1, 0, 0, 0, 3, 3, 1, 0, 2, 1, 2, 0, 2, 2, 1, 1, 1, 0, 1, 1, 0, 0, 2, 1, 1, 0, 0, 1, 0, 1, 3, 1, 1, 1, 0, 1, 1, 1, 1, 0, 2, 3, 0, 0, 1, 0, 1, 2, 1, 0, 2, 1, 1, 1, 1, 1, 1, 1, 1, 1, 1, 1, 1, 0, 0, 1, 0, 0, 0, 0, 0, 0, 2, 1, 1, 1, 1, 3, 0, 0, 0, 1, 1, 1, 3, 2, 0, 0, 0, 1, 1, 1, 2, 2, 1, 1, 0, 0, 1, 1, 2, 1, 0, 2, 0, 0, 2, 1, 2, 0, 2, 1, 3, 1, 1, 1, 2, 1, 0, 1, 3, 1, 1, 0, 0, 1, 1, 1, 0, 2, 1, 2, 1, 1, 1, 2, 1, 2, 1, 2, 3, 2, 2, 0, 0, 1, 2, 2, 1, 1, 2, 0, 0, 0, 0, 0, 1, 1, 1, 1, 1, 0, 1, 1, 3, 1, 0, 1, 1, 0, 2, 0, 2, 2, 2, 0, 1, 0, 1, 1, 1, 1, 1, 1, 3, 1, 0, 1, 1, 2, 1, 1, 0, 1, 4, 1, 1, 0, 1, 1, 0, 1, 1, 0, 0, 1, 0, 3, 0, 2, 3, 1, 1, 1, 2, 0, 0, 1, 2, 1, 1, 2, 0, 0, 2, 0, 2, 1, 2, 1, 1, 0, 2, 2, 1, 2, 1, 0, 1, 0, 2, 1, 2, 3, 1, 0, 0, 2, 1, 0, 1, 0, 0, 1, 2, 1, 0, 0, 1, 3, 1, 2, 1, 1, 1, 0, 0, 2, 1, 0, 1, 0, 0, 2, 0, 1, 1, 1, 0, 2, 0, 0, 3, 0, 1, 0, 1, 1, 1, 1, 2, 1, 1, 0, 2, 0, 0, 0, 1, 2, 0, 1, 2, 2, 0, 1, 1, 1, 1, 1, 0, 1, 2, 3, 2, 1, 0, 1, 2, 2, 1, 0, 1, 2, 2, 0, 1, 0, 0, 1, 1, 0, 1, 1, 1, 1, 1, 2, 0, 1, 1, 0, 1, 1, 0, 0, 0, 0, 1, 1, 4, 2, 0, 1, 0, 1, 1, 2, 2, 1, 2, 0, 0, 1, 0, 2, 2, 1, 1, 0, 0, 2, 1, 2, 0, 1, 1, 0, 0, 0, 0, 2, 1, 2, 0, 2, 0, 2, 0, 0, 3, 2, 3, 2, 0, 0, 1, 2, 3, 1, 2, 1, 1, 1, 2, 1, 2, 1, 1, 1, 0, 0, 0, 0, 2, 1, 1, 0, 0, 1, 2, 0, 0, 2, 0, 0, 1, 1, 0, 0, 0, 1, 0, 1, 0, 0, 2, 2, 1, 0, 1, 0, 1, 1, 0, 3]

Mean:0.98
Median:1.0
Mode:1
Seed:415


Seeds:
[796, 283, 433, 153, 430, 426, 229, 743, 339, 415]

Means:
[3.786, 12.144, 21.992, 2.642, 0.986, 1.878, 1.862, 5.356, 6.656, 0.98]

Medians:
[2.0, 12.0, 24.0, 2.0, 1.0, 1.0, 1.0, 5.0, 5.0, 1.0]

Modes:
[0, 13, 24, 2, 1, 0, 0, 2, 1, 1]


Top Level Results:
Mean:5.8282
Median:2.0
Mode:1



