




Variables:
# CONSTANTS
S_RIGHT, S_LEFT, S_UP, S_DOWN = 0, 1, 2, 3
XSIZE, YSIZE = 14, 14
NFOOD = 1
SEED_SIZE = 30
FINAL_ITERATIONS = 1000

#VARIABLES
MAX_HEIGHT = 17
PARSIMONY_SIZE = 1.3
TOURNAMENT_FITNESS_SIZE = 7
CX_ONEPOINT_MAX_SIZE = 3
CROSS_PROB = 0.8
MUT_PROB = 0.2
ITERATIONS = 150
INDIVIDUAL_ITER = 4
HOF_SIZE = 2
POPULATION_SIZE = 500
FIT_FUNC = "steps"
FIT_TYPE = "average"


Seeds:
[644, 947, 56, 757, 78, 434, 851, 844, 64, 660]



[19, 15, 13, 13, 13, 13, 16, 14, 15, 13, 14, 16, 17, 14, 17, 25, 18, 14, 15, 16, 18, 19, 13, 13, 16, 13, 14, 18, 13, 18, 17, 17, 15, 14, 23, 14, 13, 14, 14, 15, 13, 13, 16, 14, 13, 17, 16, 16, 15, 15, 18, 19, 17, 13, 16, 23, 13, 14, 15, 15, 13, 16, 23, 16, 14, 15, 17, 14, 15, 17, 15, 14, 15, 17, 17, 15, 14, 14, 13, 21, 16, 17, 17, 15, 17, 13, 14, 14, 16, 13, 23, 13, 13, 13, 16, 16, 14, 13, 14, 17, 18, 13, 18, 13, 13, 21, 15, 14, 17, 22, 15, 14, 14, 13, 13, 13, 24, 15, 15, 13, 17, 16, 27, 14, 15, 18, 16, 17, 13, 16, 14, 24, 13, 13, 18, 15, 13, 15, 15, 15, 13, 14, 14, 15, 14, 14, 14, 20, 17, 16, 15, 15, 15, 16, 16, 25, 21, 14, 14, 16, 15, 14, 13, 13, 14, 18, 14, 19, 15, 15, 15, 13, 14, 13, 13, 15, 15, 13, 13, 13, 14, 20, 13, 19, 22, 13, 18, 19, 13, 14, 17, 17, 16, 15, 14, 14, 14, 15, 13, 18, 13, 15, 16, 19, 14, 17, 14, 15, 15, 13, 24, 14, 13, 16, 15, 15, 13, 20, 15, 15, 13, 25, 17, 16, 15, 15, 18, 13, 18, 17, 19, 16, 19, 13, 15, 14, 24, 13, 15, 18, 14, 20, 19, 14, 15, 14, 15, 22, 16, 23, 17, 13, 15, 14, 14, 13, 19, 13, 17, 22, 14, 14, 18, 15, 19, 15, 14, 21, 15, 15, 16, 16, 14, 16, 14, 14, 13, 13, 17, 13, 18, 16, 13, 13, 14, 16, 16, 16, 13, 13, 14, 13, 14, 14, 21, 13, 17, 14, 20, 22, 15, 14, 15, 19, 16, 13, 13, 14, 18, 15, 19, 15, 13, 15, 16, 15, 23, 13, 21, 23, 15, 13, 16, 13, 13, 17, 13, 16, 17, 14, 13, 20, 15, 19, 15, 18, 14, 16, 14, 18, 18, 14, 14, 13, 15, 17, 13, 17, 28, 13, 15, 14, 13, 14, 15, 16, 15, 15, 16, 15, 15, 16, 13, 15, 13, 15, 25, 14, 18, 14, 15, 13, 19, 20, 13, 17, 15, 21, 13, 17, 13, 18, 21, 16, 17, 15, 15, 14, 15, 15, 15, 17, 15, 15, 18, 13, 18, 14, 13, 17, 13, 13, 13, 14, 14, 21, 16, 13, 14, 14, 14, 15, 16, 16, 14, 19, 25, 19, 17, 18, 15, 16, 14, 20, 16, 19, 28, 17, 18, 15, 16, 14, 14, 15, 13, 13, 22, 21, 18, 17, 18, 13, 16, 15, 16, 18, 16, 27, 16, 14, 32, 18, 17, 13, 14, 19, 15, 13, 13, 13, 17, 13, 20, 13, 16, 16, 21, 17, 20, 13, 13, 22, 13, 14, 13, 15, 15, 16, 15, 14, 14, 14, 13, 16, 14, 13, 16, 19, 24, 14, 16, 19, 13, 25, 14, 18, 16, 14, 17, 24, 14, 17, 15, 16, 13, 17, 19, 14, 15, 15, 19, 16, 13, 13, 16, 15, 13, 16, 17, 19, 17, 13, 14, 15, 13, 20, 22, 18, 20, 15, 19, 18, 20, 13, 19, 20, 17, 14, 20, 13, 16, 25, 15, 16, 15, 14, 19, 13, 14, 17, 16, 21, 14, 15, 27, 14, 14, 14, 21, 13, 13, 14, 14, 16, 20, 14, 17, 15, 19, 13, 17, 13, 13, 14, 18, 14, 17, 13, 16, 19, 13, 13, 19, 14, 14, 16, 13, 14, 15, 16, 14, 14, 16, 20, 19, 18, 24, 13, 15, 17, 13, 17, 13, 13, 13, 20, 13, 15, 13, 16, 13, 14, 14, 16, 26, 23, 13, 18, 25, 14, 13, 19, 13, 14, 15, 18, 24, 17, 13, 15, 15, 20, 17, 21, 22, 16, 13, 18, 15, 18, 16, 15, 15, 15, 18, 16, 18, 13, 19, 14, 24, 15, 14, 16, 17, 22, 13, 13, 25, 21, 14, 17, 19, 13, 16, 13, 14, 15, 15, 15, 13, 16, 14, 15, 20, 15, 13, 21, 16, 16, 16, 19, 16, 14, 14, 14, 16, 15, 17, 14, 16, 18, 17, 15, 13, 15, 15, 15, 13, 16, 19, 13, 15, 14, 19, 15, 16, 14, 14, 21, 18, 14, 17, 15, 20, 16, 17, 13, 20, 15, 15, 21, 14, 13, 14, 15, 14, 17, 14, 17, 16, 15, 18, 19, 13, 19, 15, 16, 15, 18, 14, 18, 19, 14, 13, 14, 17, 14, 13, 13, 18, 17, 13, 17, 14, 17, 15, 14, 13, 18, 14, 14, 15, 14, 17, 17, 14, 15, 14, 13, 18, 16, 16, 16, 17, 14, 13, 16, 14, 15, 16, 19, 14, 18, 20, 14, 13, 23, 13, 14, 20, 14, 19, 15, 13, 26, 16, 16, 14, 13, 15, 20, 13, 13, 21, 13, 13, 15, 21, 19, 13, 14, 16, 13, 15, 17, 22, 16, 15, 20, 14, 14, 22, 15, 14, 14, 14, 14, 18, 15, 13, 14, 24, 14, 15, 15, 13, 13, 17, 23, 19, 15, 18, 13, 14, 14, 14, 15, 13, 17, 17, 14, 19, 14, 16, 13, 16, 15, 17, 16, 13, 13, 16, 14, 19, 16, 15, 16, 16, 18, 23, 13, 15, 14, 21, 16, 20, 13, 14, 15, 17, 15, 13, 18, 17, 13, 16, 13, 18, 15, 21, 28, 14, 17, 14, 13, 13, 21, 15, 14, 13, 24, 13, 15, 16, 13, 16, 15, 16, 13, 26, 14, 18, 13, 18, 14, 13, 17, 19, 16, 15, 13, 14, 13, 14, 20, 21, 15, 15, 13, 13, 13, 19, 17, 15, 13, 20, 17, 21, 14, 16, 17, 13, 13, 14, 13, 15, 14, 15, 13, 19, 17, 13, 15, 13, 13, 15, 14, 17, 17, 24, 15, 18, 13, 13, 14, 20, 14, 13, 15, 18, 14, 13, 16, 18, 16, 13, 15, 25, 13, 23, 13, 19, 15, 16, 14, 17, 13, 16, 15, 21, 16, 15, 13, 14, 19, 14, 13, 15, 15]

Mean:15.891
Median:15.0
Mode:13
Seed:644


[14, 16, 16, 14, 13, 15, 14, 16, 15, 14, 14, 15, 14, 13, 14, 14, 15, 15, 16, 14, 15, 13, 15, 14, 15, 14, 15, 14, 14, 14, 14, 14, 16, 16, 16, 15, 15, 14, 14, 13, 16, 17, 15, 15, 15, 14, 15, 15, 13, 14, 15, 14, 13, 14, 14, 15, 15, 16, 14, 16, 14, 14, 13, 15, 16, 15, 13, 18, 13, 14, 14, 15, 15, 15, 14, 17, 15, 16, 16, 14, 16, 16, 14, 13, 16, 14, 14, 15, 13, 15, 16, 15, 14, 14, 15, 15, 15, 16, 14, 16, 14, 16, 14, 15, 15, 14, 15, 14, 15, 18, 15, 15, 14, 14, 13, 14, 16, 15, 15, 17, 14, 15, 17, 18, 14, 14, 18, 14, 14, 13, 15, 15, 14, 13, 15, 13, 15, 14, 13, 14, 14, 14, 17, 14, 16, 14, 15, 14, 15, 18, 14, 14, 14, 15, 15, 14, 14, 17, 14, 14, 17, 14, 14, 16, 14, 15, 14, 16, 14, 15, 13, 17, 15, 15, 15, 15, 15, 15, 14, 15, 14, 15, 15, 14, 15, 14, 16, 15, 14, 14, 13, 14, 16, 15, 17, 15, 14, 14, 16, 14, 14, 16, 16, 16, 16, 15, 14, 18, 15, 15, 16, 15, 16, 14, 15, 15, 15, 16, 15, 15, 15, 14, 14, 15, 14, 16, 14, 14, 14, 14, 17, 15, 16, 15, 14, 14, 14, 14, 14, 16, 17, 14, 16, 15, 14, 15, 14, 15, 14, 14, 14, 14, 16, 15, 15, 14, 15, 14, 14, 15, 15, 15, 15, 15, 14, 15, 15, 15, 15, 13, 14, 16, 14, 14, 15, 16, 17, 15, 15, 14, 16, 15, 15, 16, 14, 15, 15, 14, 15, 15, 15, 14, 14, 17, 16, 14, 17, 17, 16, 15, 14, 16, 15, 15, 17, 14, 14, 14, 17, 15, 16, 14, 15, 16, 16, 14, 15, 15, 14, 14, 13, 14, 15, 14, 16, 14, 14, 18, 13, 15, 15, 14, 17, 13, 15, 14, 15, 14, 13, 16, 17, 14, 15, 15, 15, 14, 14, 15, 14, 14, 16, 14, 13, 14, 16, 16, 14, 18, 14, 15, 14, 14, 16, 16, 14, 13, 15, 13, 15, 16, 16, 16, 14, 14, 14, 14, 16, 15, 16, 14, 14, 14, 16, 15, 16, 16, 15, 14, 14, 13, 15, 15, 17, 14, 15, 13, 16, 13, 16, 15, 14, 14, 15, 15, 14, 15, 13, 14, 14, 13, 15, 14, 15, 15, 14, 15, 16, 14, 15, 15, 16, 14, 15, 14, 15, 15, 16, 14, 14, 14, 15, 16, 14, 14, 14, 15, 13, 16, 16, 14, 15, 16, 15, 14, 15, 14, 16, 14, 13, 14, 14, 14, 15, 16, 17, 14, 14, 14, 15, 14, 14, 15, 14, 15, 16, 14, 14, 13, 15, 15, 15, 17, 14, 15, 14, 15, 15, 15, 14, 15, 14, 15, 14, 15, 14, 15, 14, 13, 15, 13, 14, 15, 14, 15, 17, 15, 15, 14, 14, 15, 16, 14, 14, 16, 14, 14, 14, 16, 15, 15, 16, 16, 15, 15, 14, 15, 13, 13, 14, 14, 16, 14, 14, 15, 14, 14, 15, 15, 14, 14, 14, 14, 16, 14, 15, 14, 16, 15, 14, 14, 14, 15, 14, 14, 16, 14, 14, 14, 15, 15, 14, 17, 16, 15, 15, 14, 14, 15, 16, 14, 16, 15, 15, 15, 16, 14, 14, 14, 13, 13, 14, 13, 15, 14, 13, 15, 14, 14, 14, 16, 13, 15, 16, 14, 15, 15, 14, 16, 14, 14, 14, 16, 14, 14, 14, 15, 16, 14, 13, 14, 14, 14, 16, 16, 16, 16, 14, 14, 14, 14, 15, 15, 15, 16, 15, 15, 15, 14, 15, 14, 15, 14, 15, 14, 16, 14, 15, 14, 14, 15, 13, 15, 16, 16, 15, 18, 15, 16, 15, 15, 15, 15, 13, 15, 14, 15, 14, 14, 14, 14, 14, 14, 14, 14, 15, 15, 15, 14, 13, 14, 15, 15, 17, 14, 16, 15, 14, 16, 14, 16, 14, 14, 17, 14, 15, 14, 14, 15, 14, 14, 14, 13, 15, 14, 14, 15, 16, 14, 14, 14, 14, 15, 14, 15, 14, 14, 15, 15, 14, 15, 14, 17, 16, 15, 14, 14, 14, 15, 16, 13, 15, 13, 15, 15, 14, 14, 16, 13, 15, 15, 15, 15, 14, 16, 14, 16, 14, 15, 14, 16, 16, 14, 13, 15, 14, 15, 16, 14, 14, 16, 13, 14, 13, 15, 15, 15, 15, 14, 17, 14, 14, 14, 15, 15, 13, 14, 14, 14, 14, 14, 14, 14, 15, 13, 14, 15, 17, 14, 14, 14, 16, 14, 15, 14, 14, 15, 15, 14, 16, 15, 17, 14, 13, 14, 19, 15, 15, 14, 16, 17, 14, 15, 16, 14, 15, 15, 13, 13, 14, 15, 15, 13, 14, 14, 14, 14, 13, 15, 16, 14, 15, 14, 18, 14, 15, 13, 16, 17, 17, 15, 15, 14, 15, 14, 14, 15, 14, 14, 14, 14, 15, 15, 13, 15, 15, 15, 13, 14, 17, 14, 16, 15, 14, 16, 15, 13, 15, 14, 19, 14, 14, 14, 14, 15, 15, 16, 14, 14, 14, 14, 15, 14, 17, 14, 14, 15, 15, 16, 16, 15, 16, 15, 15, 14, 15, 14, 14, 13, 14, 15, 13, 14, 15, 16, 15, 15, 15, 15, 14, 14, 17, 14, 15, 14, 13, 17, 15, 15, 16, 14, 15, 13, 14, 15, 14, 15, 16, 18, 14, 15, 14, 17, 14, 15, 16, 14, 14, 14, 14, 14, 17, 14, 14, 14, 18, 14, 15, 15, 15, 16, 17, 13, 14, 14, 13, 14, 15, 15, 13, 15, 15, 14, 15, 14, 15, 15, 15, 16, 16, 14, 15, 18, 16, 14, 16, 17, 14, 13, 14, 14, 16, 15, 13, 16, 14, 14, 15, 16, 14, 15, 16, 14, 14, 14, 16, 16, 13, 15, 16, 14, 14, 15, 14, 15, 14, 15, 14, 15, 15, 16, 14, 15, 14, 14, 15, 15, 14, 14, 15, 14]

Mean:14.719
Median:15.0
Mode:14
Seed:947


[17, 17, 25, 19, 19, 22, 16, 22, 17, 26, 21, 22, 21, 18, 18, 20, 16, 15, 19, 20, 19, 18, 20, 17, 21, 16, 25, 28, 19, 17, 20, 17, 20, 15, 17, 18, 28, 20, 21, 15, 19, 16, 17, 15, 22, 15, 20, 19, 19, 21, 17, 17, 18, 18, 20, 22, 15, 18, 16, 20, 18, 19, 22, 25, 19, 16, 18, 19, 15, 19, 15, 22, 21, 21, 21, 25, 21, 15, 23, 17, 16, 15, 24, 16, 22, 28, 18, 22, 22, 19, 23, 24, 17, 28, 17, 17, 20, 10, 22, 19, 20, 15, 16, 22, 25, 21, 23, 17, 18, 15, 26, 23, 19, 19, 23, 15, 27, 26, 20, 19, 26, 24, 23, 20, 29, 19, 22, 19, 20, 19, 22, 20, 18, 21, 21, 19, 18, 21, 22, 19, 26, 19, 21, 15, 22, 18, 17, 15, 19, 22, 18, 25, 22, 22, 15, 15, 16, 21, 15, 16, 23, 21, 19, 22, 20, 15, 17, 21, 21, 16, 26, 17, 15, 25, 17, 18, 17, 18, 21, 20, 19, 17, 20, 18, 19, 20, 15, 15, 15, 23, 21, 26, 15, 21, 16, 21, 16, 25, 18, 15, 18, 25, 20, 20, 21, 15, 18, 24, 17, 26, 27, 23, 21, 16, 25, 19, 18, 15, 16, 20, 24, 20, 22, 17, 15, 22, 25, 15, 22, 21, 16, 17, 16, 19, 16, 19, 26, 20, 17, 19, 25, 19, 20, 19, 17, 23, 20, 28, 15, 22, 23, 18, 19, 17, 17, 23, 17, 17, 28, 19, 19, 23, 20, 23, 20, 24, 19, 30, 18, 20, 15, 21, 24, 22, 15, 20, 21, 18, 20, 22, 15, 22, 15, 20, 21, 17, 15, 20, 27, 17, 15, 22, 21, 21, 18, 19, 20, 15, 23, 20, 15, 17, 17, 21, 17, 23, 18, 16, 25, 19, 26, 18, 16, 18, 16, 21, 24, 19, 26, 22, 17, 18, 24, 18, 19, 20, 16, 18, 16, 22, 20, 15, 21, 28, 29, 20, 22, 22, 18, 18, 17, 22, 24, 18, 22, 21, 19, 20, 21, 21, 18, 22, 24, 15, 19, 19, 18, 27, 29, 18, 23, 19, 21, 24, 22, 21, 18, 20, 19, 24, 17, 18, 17, 23, 18, 17, 17, 23, 16, 15, 21, 19, 22, 25, 20, 15, 19, 22, 16, 19, 29, 27, 27, 22, 17, 20, 19, 18, 16, 16, 19, 17, 23, 22, 19, 18, 15, 25, 23, 21, 20, 18, 23, 18, 22, 19, 19, 18, 19, 26, 21, 19, 18, 20, 17, 22, 26, 24, 24, 19, 21, 23, 24, 23, 28, 20, 28, 22, 23, 20, 17, 26, 22, 22, 16, 19, 19, 16, 21, 21, 16, 25, 21, 21, 19, 22, 22, 20, 23, 20, 17, 18, 17, 22, 21, 18, 23, 20, 19, 19, 19, 22, 17, 25, 21, 18, 22, 20, 18, 22, 21, 17, 17, 20, 17, 18, 16, 18, 20, 19, 18, 23, 16, 18, 16, 22, 23, 22, 18, 16, 17, 21, 20, 22, 16, 16, 17, 16, 19, 19, 21, 21, 15, 20, 16, 19, 19, 20, 21, 15, 16, 26, 27, 18, 16, 27, 17, 17, 19, 19, 23, 15, 29, 18, 15, 15, 20, 27, 18, 20, 17, 21, 20, 22, 20, 16, 15, 25, 19, 20, 23, 25, 19, 17, 21, 20, 22, 20, 28, 26, 19, 17, 20, 19, 26, 19, 24, 20, 22, 19, 19, 21, 19, 21, 20, 15, 18, 19, 26, 21, 18, 19, 19, 15, 18, 18, 18, 19, 17, 15, 19, 19, 21, 17, 17, 19, 18, 16, 21, 22, 15, 24, 21, 25, 24, 15, 15, 22, 19, 16, 17, 23, 24, 19, 26, 18, 20, 22, 17, 22, 25, 18, 22, 24, 22, 26, 17, 15, 18, 20, 17, 17, 21, 22, 18, 17, 20, 20, 20, 15, 26, 21, 20, 23, 16, 20, 19, 16, 16, 25, 22, 18, 28, 29, 18, 17, 19, 16, 20, 18, 20, 18, 26, 16, 26, 17, 19, 20, 17, 18, 19, 22, 20, 18, 17, 20, 23, 22, 21, 25, 19, 27, 21, 21, 18, 19, 17, 18, 21, 21, 23, 26, 20, 23, 21, 22, 17, 15, 19, 18, 20, 30, 24, 22, 23, 21, 18, 17, 18, 21, 18, 17, 18, 24, 21, 21, 20, 20, 24, 31, 21, 19, 20, 28, 19, 23, 17, 22, 17, 15, 22, 18, 16, 25, 20, 21, 20, 21, 18, 20, 18, 19, 21, 21, 23, 18, 29, 17, 21, 23, 27, 27, 18, 25, 25, 15, 25, 20, 17, 22, 25, 17, 18, 18, 23, 18, 18, 19, 21, 22, 21, 17, 19, 22, 16, 18, 31, 22, 16, 18, 20, 22, 20, 15, 18, 21, 23, 16, 21, 18, 26, 17, 16, 21, 18, 19, 21, 16, 24, 20, 17, 15, 25, 24, 17, 17, 23, 19, 15, 17, 20, 26, 30, 18, 22, 18, 25, 29, 17, 20, 25, 23, 19, 22, 20, 22, 20, 19, 24, 22, 19, 22, 27, 18, 22, 21, 25, 22, 26, 16, 19, 20, 20, 18, 19, 21, 20, 25, 18, 17, 19, 16, 17, 18, 19, 21, 20, 23, 16, 22, 19, 24, 28, 21, 25, 24, 19, 18, 16, 19, 19, 19, 18, 25, 24, 19, 18, 15, 20, 24, 23, 18, 17, 18, 17, 19, 19, 25, 23, 24, 19, 21, 17, 18, 20, 22, 19, 19, 18, 17, 18, 19, 23, 28, 17, 16, 18, 22, 21, 20, 24, 19, 24, 17, 22, 21, 18, 19, 20, 25, 15, 22, 18, 21, 23, 17, 23, 17, 21, 19, 21, 21, 19, 27, 21, 26, 25, 21, 20, 15, 20, 21, 21, 20, 22, 21, 24, 18, 20, 20, 20, 16, 25, 22, 20, 17, 22, 18, 20, 19, 22, 17, 18, 16, 17, 19, 25, 20, 20, 19, 19, 21, 18, 23, 21, 22, 15, 17, 23, 21, 25, 20, 22, 16, 18, 23, 22, 15, 20, 22, 18, 15, 19, 24, 20, 17, 22, 20, 23, 21]

Mean:20.032
Median:20.0
Mode:19
Seed:56


[0, 2, 2, 0, 1, 1, 0, 1, 2, 1, 1, 1, 1, 2, 2, 3, 3, 3, 2, 1, 1, 0, 2, 0, 0, 4, 2, 1, 1, 2, 1, 1, 2, 1, 2, 2, 1, 0, 3, 4, 0, 1, 0, 2, 5, 0, 2, 1, 0, 2, 2, 2, 4, 4, 2, 1, 1, 1, 1, 2, 1, 1, 4, 0, 1, 2, 6, 2, 1, 3, 1, 2, 2, 1, 1, 1, 1, 0, 6, 0, 1, 1, 1, 0, 2, 2, 1, 1, 2, 1, 3, 2, 1, 1, 0, 1, 1, 0, 1, 1, 0, 0, 0, 1, 0, 2, 1, 2, 0, 3, 1, 2, 1, 1, 2, 1, 2, 1, 2, 2, 1, 1, 1, 1, 1, 2, 1, 1, 1, 1, 0, 1, 2, 2, 4, 3, 3, 3, 2, 0, 2, 1, 1, 1, 3, 0, 1, 3, 1, 1, 1, 1, 0, 1, 0, 2, 3, 0, 1, 2, 1, 0, 1, 1, 3, 3, 1, 1, 1, 1, 2, 3, 2, 0, 1, 3, 2, 1, 2, 1, 2, 1, 2, 1, 0, 2, 4, 0, 0, 1, 1, 1, 2, 3, 1, 1, 2, 1, 2, 1, 2, 1, 0, 1, 2, 0, 0, 1, 2, 1, 2, 2, 1, 1, 1, 6, 1, 1, 3, 1, 3, 1, 1, 4, 1, 1, 2, 1, 1, 2, 2, 1, 0, 1, 2, 2, 1, 2, 1, 2, 1, 2, 2, 0, 0, 1, 0, 0, 0, 3, 1, 2, 1, 1, 2, 1, 2, 2, 1, 3, 2, 1, 2, 1, 4, 0, 1, 2, 1, 1, 2, 0, 3, 1, 2, 1, 2, 0, 1, 0, 1, 1, 1, 1, 2, 1, 0, 1, 3, 6, 2, 0, 2, 1, 2, 1, 0, 1, 0, 2, 1, 1, 1, 1, 0, 2, 1, 0, 1, 4, 0, 2, 1, 1, 1, 0, 3, 1, 2, 1, 0, 2, 2, 1, 3, 0, 1, 1, 1, 3, 3, 1, 2, 2, 1, 1, 0, 1, 1, 2, 0, 0, 2, 1, 1, 4, 0, 1, 0, 2, 1, 0, 1, 5, 1, 2, 1, 2, 1, 2, 1, 1, 0, 1, 2, 1, 0, 1, 0, 1, 1, 1, 1, 1, 5, 2, 3, 0, 0, 1, 1, 1, 3, 0, 2, 0, 1, 2, 2, 1, 1, 3, 1, 1, 2, 1, 1, 1, 0, 3, 1, 0, 1, 1, 1, 2, 7, 1, 2, 2, 1, 1, 0, 1, 3, 2, 1, 1, 1, 1, 0, 0, 1, 2, 2, 1, 1, 3, 3, 1, 0, 2, 2, 4, 2, 2, 2, 0, 3, 4, 2, 2, 1, 0, 2, 0, 0, 2, 1, 1, 0, 3, 0, 2, 4, 1, 4, 1, 1, 1, 1, 1, 3, 4, 5, 0, 3, 0, 3, 0, 1, 2, 2, 1, 2, 2, 1, 1, 4, 1, 1, 0, 0, 1, 1, 4, 1, 1, 1, 1, 1, 1, 1, 3, 0, 0, 1, 4, 2, 2, 0, 0, 2, 1, 2, 0, 1, 0, 1, 0, 1, 2, 3, 4, 3, 2, 3, 2, 1, 2, 2, 1, 2, 3, 2, 2, 1, 2, 1, 1, 1, 0, 4, 1, 1, 2, 1, 2, 1, 4, 2, 0, 0, 1, 1, 4, 3, 0, 3, 2, 1, 1, 1, 1, 3, 0, 1, 1, 1, 0, 1, 2, 1, 5, 7, 0, 2, 2, 1, 1, 0, 3, 2, 3, 3, 1, 0, 1, 2, 0, 2, 2, 1, 2, 0, 0, 3, 1, 3, 1, 1, 1, 1, 1, 1, 1, 0, 1, 1, 2, 2, 1, 1, 4, 4, 0, 2, 0, 1, 2, 0, 1, 2, 2, 3, 1, 1, 2, 2, 1, 1, 0, 0, 1, 1, 0, 1, 3, 2, 2, 1, 0, 2, 1, 2, 1, 1, 2, 1, 2, 1, 1, 1, 2, 1, 0, 4, 1, 2, 1, 1, 1, 1, 0, 3, 2, 1, 2, 1, 1, 1, 2, 1, 5, 0, 3, 1, 2, 0, 2, 4, 2, 2, 4, 2, 1, 1, 1, 4, 1, 3, 2, 2, 0, 1, 1, 1, 2, 5, 1, 2, 3, 1, 1, 0, 3, 3, 2, 1, 3, 1, 3, 0, 2, 5, 0, 1, 0, 1, 1, 1, 0, 1, 1, 1, 1, 1, 2, 1, 0, 1, 0, 0, 1, 0, 3, 0, 1, 2, 1, 3, 2, 3, 1, 4, 1, 0, 2, 2, 2, 1, 1, 1, 0, 1, 2, 2, 0, 1, 2, 2, 1, 2, 0, 2, 2, 1, 0, 3, 1, 1, 1, 2, 4, 0, 1, 2, 2, 0, 0, 1, 0, 2, 2, 3, 1, 1, 0, 1, 0, 1, 1, 1, 0, 1, 2, 1, 1, 0, 2, 0, 0, 0, 1, 2, 2, 3, 2, 1, 1, 1, 2, 2, 4, 0, 1, 1, 2, 2, 1, 2, 1, 2, 2, 2, 1, 2, 0, 1, 1, 1, 2, 3, 1, 2, 2, 5, 0, 2, 2, 1, 1, 6, 2, 2, 3, 1, 0, 1, 4, 2, 3, 0, 1, 2, 5, 3, 1, 2, 2, 3, 1, 2, 2, 1, 1, 1, 1, 1, 2, 1, 2, 1, 3, 1, 2, 0, 2, 1, 2, 0, 3, 3, 0, 1, 3, 1, 1, 1, 1, 1, 1, 3, 1, 0, 1, 0, 3, 1, 2, 3, 2, 2, 0, 1, 2, 1, 2, 1, 1, 2, 1, 4, 1, 0, 1, 0, 1, 0, 1, 1, 0, 1, 0, 1, 1, 0, 2, 1, 1, 3, 3, 1, 0, 4, 0, 2, 1, 1, 5, 1, 1, 2, 1, 1, 1, 4, 0, 1, 3, 1, 1, 0, 1, 3, 2, 4, 3, 2, 0, 1, 0, 2, 1, 3, 3, 1, 1, 3, 1, 2, 1, 2, 1, 1, 2, 1, 0, 1, 0, 1, 0, 1, 0, 1, 1, 1, 2, 1, 1, 1, 2, 1, 1, 1, 1, 2, 1, 1, 2, 0, 1, 1, 1, 2, 3, 4, 0, 1, 2]

Mean:1.447
Median:1.0
Mode:1
Seed:757


[0, 1, 2, 0, 0, 2, 1, 0, 1, 1, 1, 6, 1, 0, 1, 1, 0, 2, 1, 1, 0, 0, 2, 1, 1, 2, 2, 1, 0, 1, 0, 1, 1, 1, 1, 1, 0, 0, 2, 1, 1, 0, 0, 0, 4, 0, 0, 0, 0, 0, 0, 1, 2, 2, 0, 0, 0, 1, 1, 2, 4, 1, 1, 5, 0, 1, 1, 0, 1, 1, 1, 4, 0, 1, 1, 2, 0, 1, 3, 1, 1, 0, 1, 0, 1, 0, 3, 1, 1, 2, 0, 1, 3, 0, 1, 8, 0, 4, 1, 2, 0, 1, 1, 0, 2, 2, 2, 1, 6, 2, 0, 2, 0, 1, 2, 8, 0, 2, 9, 3, 1, 2, 1, 6, 3, 1, 2, 0, 1, 6, 2, 1, 2, 4, 2, 1, 2, 1, 1, 1, 1, 1, 1, 0, 2, 0, 1, 2, 7, 0, 1, 6, 1, 5, 0, 0, 1, 0, 0, 1, 1, 3, 1, 12, 0, 0, 0, 1, 1, 5, 2, 2, 1, 2, 0, 1, 4, 2, 1, 0, 1, 1, 0, 0, 1, 1, 2, 1, 0, 1, 1, 0, 0, 0, 0, 0, 0, 1, 0, 0, 1, 3, 2, 1, 1, 3, 3, 1, 0, 2, 0, 1, 7, 1, 0, 1, 1, 2, 1, 0, 0, 0, 0, 1, 0, 0, 3, 3, 2, 1, 0, 0, 0, 3, 1, 1, 0, 4, 0, 1, 0, 3, 1, 2, 1, 0, 1, 1, 1, 0, 1, 1, 1, 0, 1, 0, 1, 4, 1, 1, 1, 1, 1, 0, 1, 1, 2, 0, 2, 1, 3, 0, 0, 1, 4, 0, 1, 2, 1, 1, 0, 1, 0, 1, 1, 0, 1, 0, 0, 2, 1, 0, 0, 0, 1, 0, 2, 1, 4, 1, 2, 0, 1, 0, 2, 1, 1, 1, 0, 1, 2, 1, 1, 2, 6, 2, 0, 1, 2, 0, 1, 0, 0, 0, 0, 1, 0, 0, 1, 1, 1, 0, 0, 0, 2, 1, 3, 1, 0, 0, 0, 1, 1, 1, 1, 0, 0, 1, 0, 0, 8, 1, 2, 0, 1, 2, 3, 3, 0, 2, 0, 1, 2, 3, 2, 2, 2, 1, 0, 1, 0, 0, 4, 3, 3, 1, 0, 4, 0, 0, 3, 1, 2, 1, 3, 0, 1, 2, 1, 0, 2, 0, 0, 0, 2, 2, 0, 0, 0, 1, 1, 2, 0, 2, 1, 1, 1, 1, 1, 1, 2, 0, 2, 1, 0, 3, 0, 0, 2, 3, 3, 1, 1, 0, 1, 4, 2, 5, 2, 0, 0, 4, 5, 2, 0, 1, 0, 0, 2, 1, 0, 0, 1, 2, 2, 2, 0, 2, 1, 0, 5, 1, 3, 5, 1, 0, 3, 4, 1, 0, 0, 2, 1, 0, 1, 3, 2, 1, 2, 1, 2, 1, 1, 1, 1, 1, 1, 3, 1, 1, 2, 1, 0, 0, 0, 0, 1, 2, 1, 1, 1, 3, 5, 1, 0, 1, 5, 0, 1, 3, 1, 1, 1, 1, 0, 1, 1, 0, 0, 1, 0, 2, 0, 1, 2, 0, 2, 1, 2, 1, 1, 1, 3, 2, 1, 1, 1, 1, 2, 1, 0, 1, 1, 1, 2, 3, 3, 1, 0, 0, 0, 1, 1, 0, 1, 3, 3, 0, 3, 1, 2, 1, 2, 1, 1, 1, 1, 3, 2, 2, 1, 1, 2, 1, 0, 3, 0, 1, 2, 4, 2, 3, 1, 0, 3, 2, 0, 0, 1, 4, 1, 0, 4, 1, 0, 1, 1, 3, 2, 3, 0, 0, 3, 1, 0, 0, 2, 0, 1, 1, 2, 1, 0, 1, 2, 1, 0, 0, 0, 1, 0, 3, 1, 1, 1, 4, 1, 1, 3, 1, 1, 2, 1, 1, 1, 0, 1, 1, 1, 0, 1, 0, 0, 3, 0, 1, 5, 0, 2, 1, 1, 3, 1, 1, 0, 0, 1, 1, 1, 2, 0, 0, 1, 3, 1, 0, 1, 2, 3, 2, 3, 4, 0, 1, 1, 2, 0, 4, 1, 2, 1, 0, 1, 1, 1, 0, 1, 0, 0, 1, 1, 1, 1, 0, 1, 1, 1, 0, 0, 4, 0, 0, 0, 1, 0, 2, 2, 1, 3, 1, 2, 4, 2, 1, 1, 0, 0, 0, 2, 2, 0, 2, 5, 3, 2, 1, 1, 1, 2, 1, 6, 4, 1, 0, 0, 1, 0, 3, 1, 2, 0, 0, 2, 2, 0, 0, 0, 0, 0, 0, 1, 1, 4, 0, 0, 0, 1, 0, 0, 1, 0, 1, 0, 0, 2, 0, 1, 2, 1, 1, 0, 0, 0, 1, 0, 0, 0, 2, 2, 2, 0, 0, 0, 0, 2, 2, 0, 1, 1, 3, 0, 0, 4, 1, 2, 1, 0, 5, 3, 1, 1, 2, 5, 1, 1, 2, 0, 4, 1, 3, 2, 2, 3, 2, 3, 1, 2, 0, 1, 1, 0, 2, 2, 2, 1, 1, 1, 4, 4, 1, 1, 0, 0, 1, 1, 1, 4, 3, 0, 4, 0, 2, 1, 2, 1, 0, 1, 1, 2, 1, 1, 2, 1, 1, 0, 0, 0, 3, 1, 0, 1, 4, 2, 0, 0, 1, 0, 1, 1, 1, 1, 2, 0, 4, 2, 0, 1, 1, 0, 0, 0, 1, 0, 1, 3, 1, 0, 0, 0, 1, 0, 1, 0, 0, 3, 0, 1, 0, 0, 1, 1, 1, 1, 1, 2, 1, 2, 1, 1, 0, 3, 0, 0, 1, 3, 0, 0, 1, 1, 1, 3, 0, 0, 5, 2, 2, 1, 1, 1, 1, 0, 0, 0, 0, 1, 3, 1, 2, 1, 2, 4, 1, 5, 4, 1, 1, 0, 3, 0, 1, 2, 0, 1, 2, 0, 0, 0, 0, 1, 0, 8, 0, 1, 0, 0, 0, 3, 2, 3, 0, 2, 1, 1, 2, 1, 0, 0, 0, 1, 1, 2, 2, 1, 1, 0, 5, 0, 1, 1, 1, 1, 1, 2, 0, 1, 0, 2, 1, 1, 2, 1, 4, 0, 2, 1, 0, 2, 2, 0, 1]

Mean:1.254
Median:1.0
Mode:1
Seed:78


[14, 14, 14, 14, 15, 14, 16, 14, 15, 14, 14, 15, 14, 14, 15, 14, 14, 16, 15, 15, 14, 15, 13, 14, 16, 16, 16, 14, 13, 14, 13, 16, 15, 16, 14, 14, 14, 14, 14, 15, 14, 16, 16, 17, 14, 15, 16, 14, 14, 17, 15, 14, 14, 14, 14, 14, 16, 17, 15, 14, 15, 15, 15, 15, 13, 14, 14, 16, 15, 15, 16, 14, 14, 15, 19, 14, 14, 14, 14, 14, 15, 14, 14, 14, 15, 15, 14, 14, 17, 16, 15, 15, 14, 14, 15, 15, 15, 14, 15, 15, 14, 14, 15, 15, 16, 14, 14, 14, 16, 14, 14, 15, 15, 17, 14, 14, 17, 15, 14, 15, 15, 15, 15, 16, 14, 15, 15, 13, 15, 14, 15, 15, 14, 14, 15, 14, 16, 14, 14, 14, 15, 14, 14, 14, 14, 14, 18, 16, 14, 15, 14, 15, 16, 15, 16, 14, 15, 16, 15, 14, 15, 16, 17, 14, 16, 14, 14, 15, 14, 13, 16, 13, 15, 15, 14, 16, 15, 14, 15, 16, 15, 17, 16, 14, 15, 14, 14, 15, 14, 16, 18, 16, 14, 14, 15, 14, 14, 14, 16, 15, 14, 14, 13, 14, 14, 14, 15, 14, 14, 14, 13, 15, 15, 15, 14, 14, 14, 14, 15, 15, 16, 14, 15, 15, 14, 14, 15, 14, 15, 15, 15, 13, 18, 13, 13, 14, 14, 14, 16, 14, 14, 15, 15, 15, 15, 16, 15, 14, 15, 15, 16, 15, 14, 15, 13, 16, 14, 15, 14, 14, 16, 17, 14, 15, 14, 15, 16, 14, 14, 14, 15, 17, 14, 13, 16, 15, 15, 14, 14, 14, 17, 14, 15, 14, 14, 14, 17, 14, 15, 14, 13, 15, 14, 14, 13, 14, 13, 14, 18, 15, 15, 13, 14, 14, 16, 14, 16, 15, 13, 15, 14, 15, 16, 14, 14, 15, 18, 15, 20, 14, 14, 15, 14, 16, 17, 15, 14, 16, 15, 15, 16, 14, 15, 16, 14, 16, 14, 15, 15, 14, 14, 14, 14, 14, 14, 15, 14, 14, 14, 13, 13, 14, 14, 14, 16, 15, 15, 13, 15, 15, 16, 16, 15, 19, 14, 14, 16, 16, 14, 16, 15, 14, 15, 15, 15, 14, 16, 14, 15, 14, 15, 13, 15, 14, 14, 15, 14, 14, 14, 14, 14, 14, 15, 14, 16, 13, 14, 15, 14, 14, 15, 17, 15, 14, 13, 15, 17, 13, 14, 13, 15, 14, 14, 13, 15, 14, 15, 16, 15, 16, 14, 14, 13, 15, 14, 14, 14, 17, 14, 14, 14, 14, 14, 14, 15, 16, 14, 16, 13, 14, 14, 14, 13, 15, 14, 15, 16, 15, 15, 14, 13, 16, 14, 14, 14, 14, 14, 14, 14, 13, 15, 14, 14, 15, 14, 15, 14, 15, 16, 14, 17, 14, 14, 15, 14, 15, 13, 15, 15, 15, 16, 14, 15, 16, 15, 14, 16, 16, 14, 13, 14, 16, 14, 15, 14, 15, 14, 14, 15, 15, 17, 15, 14, 15, 14, 14, 14, 15, 15, 15, 15, 14, 14, 16, 14, 16, 15, 16, 15, 14, 14, 14, 14, 16, 16, 17, 15, 15, 15, 15, 14, 14, 14, 16, 13, 15, 16, 16, 16, 15, 16, 15, 17, 14, 14, 14, 16, 14, 15, 14, 15, 15, 14, 15, 14, 15, 15, 16, 14, 14, 15, 14, 15, 15, 14, 16, 14, 14, 13, 14, 14, 14, 16, 16, 14, 14, 15, 15, 14, 15, 14, 14, 16, 14, 14, 17, 16, 15, 14, 14, 15, 14, 15, 14, 18, 15, 16, 13, 16, 15, 14, 17, 15, 14, 13, 16, 18, 15, 13, 15, 14, 15, 14, 16, 15, 16, 15, 14, 16, 14, 14, 14, 13, 14, 16, 14, 16, 15, 15, 14, 14, 14, 15, 16, 15, 16, 16, 14, 15, 15, 14, 15, 13, 16, 16, 14, 16, 14, 14, 15, 15, 15, 14, 16, 15, 14, 14, 15, 14, 14, 16, 15, 15, 14, 14, 15, 15, 16, 14, 15, 15, 15, 15, 14, 17, 16, 16, 17, 15, 14, 14, 14, 14, 15, 15, 14, 16, 15, 15, 15, 15, 16, 15, 15, 14, 14, 14, 14, 14, 17, 15, 15, 14, 14, 13, 16, 15, 15, 15, 16, 15, 14, 15, 14, 17, 13, 14, 14, 14, 14, 13, 15, 14, 15, 14, 14, 15, 15, 16, 18, 14, 17, 14, 15, 14, 15, 14, 15, 14, 13, 15, 15, 15, 17, 14, 15, 15, 16, 14, 15, 14, 14, 15, 15, 14, 13, 16, 15, 13, 14, 14, 16, 14, 15, 14, 14, 13, 14, 17, 16, 14, 14, 14, 14, 15, 14, 15, 14, 15, 14, 16, 16, 14, 14, 16, 14, 15, 15, 14, 13, 16, 15, 14, 14, 14, 14, 15, 14, 14, 13, 15, 14, 15, 16, 14, 16, 17, 13, 16, 13, 14, 15, 18, 14, 14, 13, 14, 14, 16, 14, 16, 18, 14, 14, 14, 15, 14, 15, 14, 15, 14, 15, 14, 14, 14, 14, 14, 15, 14, 16, 14, 14, 17, 14, 14, 15, 14, 14, 15, 15, 15, 15, 15, 14, 15, 15, 14, 14, 14, 15, 15, 14, 14, 14, 14, 15, 14, 13, 15, 14, 13, 15, 13, 14, 14, 14, 14, 14, 18, 14, 14, 14, 15, 15, 14, 14, 15, 14, 14, 16, 13, 15, 15, 13, 14, 19, 13, 14, 14, 13, 16, 15, 14, 15, 14, 14, 16, 14, 17, 15, 16, 13, 16, 14, 17, 15, 14, 14, 13, 15, 14, 14, 14, 15, 14, 16, 14, 14, 14, 14, 15, 14, 14, 14, 13, 14, 20, 14, 15, 15, 14, 14, 15, 15, 15, 15, 14, 14, 14, 14, 15, 16, 15, 15, 15, 15, 15, 14, 14, 15, 15, 17, 17, 14, 15, 15, 15, 14, 14, 16, 14, 14, 14, 14, 15, 14, 15, 13, 14, 15, 14, 15, 15, 13, 15, 14, 16, 15, 14, 15, 14, 15, 13, 13, 15, 15, 15, 13, 15, 14]

Mean:14.679
Median:14.0
Mode:14
Seed:434


[14, 15, 16, 14, 15, 16, 17, 14, 16, 14, 15, 14, 18, 16, 15, 19, 14, 16, 14, 14, 15, 14, 15, 15, 15, 14, 15, 14, 17, 15, 14, 15, 18, 16, 16, 16, 14, 14, 18, 15, 15, 14, 14, 15, 15, 15, 15, 15, 15, 14, 15, 16, 15, 14, 15, 15, 15, 15, 15, 17, 15, 14, 14, 14, 14, 15, 15, 15, 14, 14, 16, 14, 16, 14, 15, 16, 15, 15, 15, 15, 14, 17, 15, 14, 14, 14, 16, 15, 15, 15, 15, 17, 16, 15, 15, 15, 16, 14, 16, 15, 14, 14, 14, 15, 14, 16, 14, 15, 15, 14, 16, 14, 16, 15, 15, 14, 15, 15, 16, 16, 15, 14, 15, 15, 15, 14, 14, 15, 14, 14, 14, 14, 15, 14, 15, 14, 15, 14, 15, 16, 14, 15, 15, 16, 14, 14, 15, 16, 14, 14, 14, 15, 14, 14, 15, 14, 14, 14, 14, 15, 14, 15, 16, 14, 16, 15, 14, 14, 15, 14, 15, 15, 14, 16, 14, 14, 14, 15, 15, 14, 14, 18, 14, 14, 14, 15, 14, 15, 18, 14, 14, 14, 14, 14, 15, 14, 15, 15, 14, 14, 14, 14, 15, 15, 15, 14, 17, 14, 14, 14, 14, 14, 14, 14, 16, 16, 17, 14, 14, 14, 16, 17, 14, 15, 15, 15, 14, 15, 15, 15, 16, 14, 16, 15, 15, 15, 14, 15, 16, 14, 16, 15, 15, 14, 16, 14, 15, 14, 16, 14, 17, 14, 14, 16, 14, 15, 16, 14, 15, 15, 15, 15, 14, 15, 17, 14, 16, 17, 15, 16, 15, 15, 14, 15, 14, 14, 14, 14, 14, 15, 14, 15, 16, 16, 14, 16, 14, 14, 14, 14, 15, 15, 14, 15, 16, 15, 14, 14, 17, 16, 15, 14, 14, 16, 14, 16, 15, 15, 14, 15, 16, 14, 14, 14, 15, 15, 15, 15, 15, 14, 15, 15, 14, 15, 14, 15, 15, 14, 15, 15, 17, 15, 15, 14, 15, 16, 15, 14, 15, 14, 14, 16, 14, 14, 15, 14, 14, 15, 15, 14, 14, 14, 15, 15, 15, 15, 14, 14, 15, 15, 14, 15, 16, 14, 16, 15, 16, 14, 15, 16, 15, 16, 15, 14, 16, 14, 15, 14, 14, 15, 14, 15, 14, 15, 15, 14, 15, 15, 14, 15, 16, 17, 16, 14, 15, 14, 15, 16, 15, 15, 14, 14, 15, 17, 15, 14, 15, 14, 16, 14, 14, 14, 14, 14, 14, 15, 15, 16, 15, 15, 16, 16, 17, 14, 15, 14, 15, 15, 14, 15, 14, 16, 14, 15, 15, 14, 14, 16, 17, 14, 14, 14, 15, 15, 14, 16, 15, 17, 15, 15, 18, 16, 14, 15, 14, 16, 14, 15, 16, 17, 16, 16, 15, 15, 15, 16, 14, 17, 15, 14, 15, 15, 15, 14, 15, 14, 15, 15, 15, 17, 15, 16, 17, 15, 14, 15, 14, 15, 15, 15, 15, 15, 14, 16, 17, 14, 14, 14, 18, 14, 15, 14, 15, 15, 15, 15, 18, 17, 16, 14, 17, 15, 15, 14, 15, 14, 15, 15, 16, 15, 15, 15, 14, 16, 14, 14, 15, 15, 18, 15, 15, 14, 16, 15, 15, 17, 18, 15, 14, 14, 15, 16, 17, 16, 15, 15, 14, 16, 15, 15, 15, 14, 14, 14, 15, 14, 16, 14, 17, 14, 19, 16, 14, 16, 17, 16, 16, 15, 14, 15, 16, 17, 15, 15, 16, 14, 16, 15, 15, 15, 15, 15, 17, 14, 15, 14, 15, 14, 15, 15, 16, 16, 15, 14, 14, 14, 14, 14, 15, 14, 15, 14, 16, 15, 14, 15, 15, 15, 14, 15, 14, 14, 17, 17, 17, 17, 15, 15, 14, 14, 14, 14, 14, 15, 15, 16, 15, 16, 14, 14, 16, 15, 14, 16, 15, 14, 19, 14, 15, 14, 15, 15, 14, 14, 15, 15, 16, 14, 15, 14, 15, 15, 14, 15, 16, 14, 15, 15, 15, 14, 16, 15, 16, 15, 14, 16, 14, 14, 17, 17, 14, 15, 14, 14, 14, 16, 15, 14, 15, 14, 15, 15, 15, 15, 14, 17, 15, 16, 15, 16, 14, 14, 16, 15, 15, 14, 14, 14, 15, 14, 19, 14, 15, 14, 16, 14, 16, 14, 14, 16, 15, 14, 17, 14, 14, 14, 15, 15, 14, 14, 14, 15, 14, 14, 15, 15, 15, 15, 16, 15, 16, 14, 16, 15, 15, 15, 15, 16, 14, 14, 14, 14, 16, 14, 15, 14, 14, 16, 14, 14, 15, 17, 15, 14, 15, 15, 14, 14, 14, 14, 14, 17, 14, 15, 15, 14, 14, 14, 15, 14, 15, 15, 16, 14, 15, 15, 16, 15, 15, 15, 16, 15, 17, 16, 15, 15, 14, 14, 14, 15, 14, 14, 14, 14, 15, 15, 17, 15, 16, 17, 14, 15, 16, 15, 14, 14, 15, 14, 15, 16, 17, 16, 14, 15, 16, 16, 16, 16, 15, 14, 14, 15, 14, 15, 16, 15, 15, 14, 14, 15, 15, 14, 14, 14, 14, 16, 15, 14, 14, 14, 16, 14, 14, 14, 14, 14, 15, 15, 16, 14, 15, 16, 15, 14, 17, 15, 14, 14, 14, 14, 15, 14, 14, 17, 14, 15, 14, 15, 14, 14, 14, 15, 15, 15, 15, 14, 14, 15, 15, 14, 14, 15, 16, 15, 15, 14, 15, 14, 15, 15, 15, 17, 15, 15, 16, 14, 16, 16, 19, 14, 16, 14, 14, 16, 14, 16, 14, 15, 15, 14, 15, 14, 14, 14, 14, 15, 14, 14, 14, 16, 15, 16, 16, 16, 14, 15, 14, 15, 15, 15, 14, 14, 14, 16, 15, 14, 15, 16, 14, 14, 14, 15, 14, 15, 15, 15, 14, 14, 14, 15, 15, 14, 17, 14, 16, 14, 15, 16, 14, 16, 14, 17, 14, 17, 15, 14, 16, 17, 16, 15, 15, 15, 16, 14, 14, 14, 15, 15, 14, 16, 17, 14, 16, 15, 16, 16, 14, 15, 14, 14, 14, 14, 15, 14, 15, 16, 14, 16, 15, 15]

Mean:14.915
Median:15.0
Mode:14
Seed:851


[14, 14, 14, 18, 14, 18, 15, 17, 15, 14, 14, 14, 14, 14, 15, 14, 15, 15, 18, 15, 17, 16, 17, 14, 14, 14, 16, 14, 14, 15, 15, 16, 15, 16, 16, 16, 15, 14, 14, 14, 14, 15, 15, 14, 15, 14, 14, 14, 14, 14, 15, 14, 16, 15, 15, 14, 15, 14, 14, 14, 14, 16, 15, 14, 14, 17, 15, 13, 14, 15, 14, 17, 18, 15, 15, 16, 14, 14, 15, 15, 18, 15, 15, 14, 14, 14, 15, 13, 15, 14, 15, 14, 14, 14, 14, 15, 14, 16, 15, 14, 15, 14, 14, 15, 13, 15, 17, 16, 15, 14, 15, 13, 14, 15, 16, 15, 14, 15, 14, 14, 14, 15, 14, 15, 14, 14, 14, 16, 16, 13, 16, 15, 14, 14, 15, 14, 16, 14, 14, 14, 15, 14, 15, 13, 14, 14, 13, 14, 14, 17, 15, 14, 14, 14, 14, 17, 15, 14, 14, 14, 14, 15, 15, 14, 15, 15, 14, 14, 14, 14, 15, 14, 14, 15, 14, 16, 13, 13, 15, 14, 15, 14, 15, 14, 15, 14, 14, 14, 14, 14, 14, 14, 14, 15, 16, 15, 15, 15, 14, 14, 15, 15, 17, 14, 14, 15, 14, 14, 14, 14, 15, 16, 16, 14, 14, 14, 14, 14, 15, 14, 14, 15, 13, 14, 15, 14, 16, 15, 15, 15, 14, 14, 14, 13, 15, 17, 16, 15, 14, 16, 14, 14, 14, 14, 16, 14, 15, 13, 14, 17, 14, 14, 15, 14, 15, 13, 14, 14, 15, 14, 14, 16, 14, 15, 14, 16, 14, 14, 14, 14, 15, 15, 14, 14, 16, 14, 15, 14, 14, 14, 14, 14, 15, 14, 13, 14, 15, 18, 14, 15, 15, 14, 15, 14, 15, 15, 18, 15, 16, 16, 15, 14, 18, 14, 17, 16, 14, 14, 14, 14, 15, 14, 14, 16, 17, 14, 14, 14, 15, 17, 15, 15, 14, 15, 17, 14, 14, 15, 14, 15, 14, 14, 15, 14, 14, 15, 15, 16, 14, 15, 14, 14, 14, 15, 15, 15, 16, 14, 18, 14, 15, 14, 16, 15, 14, 14, 15, 13, 15, 17, 14, 16, 14, 15, 14, 14, 14, 14, 15, 14, 15, 17, 13, 14, 14, 15, 15, 16, 14, 17, 14, 15, 14, 15, 17, 14, 14, 15, 15, 15, 15, 14, 15, 13, 14, 15, 16, 14, 15, 15, 14, 14, 17, 14, 15, 14, 14, 14, 15, 15, 18, 15, 15, 15, 14, 15, 20, 15, 15, 15, 15, 14, 14, 14, 15, 15, 14, 14, 14, 15, 14, 15, 15, 16, 16, 14, 15, 15, 14, 16, 15, 17, 15, 16, 15, 15, 14, 13, 17, 13, 14, 13, 14, 15, 15, 14, 14, 15, 15, 14, 14, 13, 14, 16, 13, 14, 15, 14, 14, 14, 18, 14, 15, 15, 14, 14, 14, 15, 15, 15, 15, 17, 14, 14, 15, 15, 16, 15, 14, 17, 16, 14, 15, 16, 13, 14, 14, 14, 14, 14, 18, 16, 14, 14, 17, 16, 14, 18, 14, 14, 14, 15, 13, 15, 15, 15, 16, 14, 15, 14, 14, 16, 14, 14, 14, 14, 14, 16, 17, 14, 14, 14, 14, 14, 15, 14, 15, 15, 15, 15, 14, 15, 14, 13, 15, 16, 17, 15, 14, 13, 14, 16, 15, 15, 16, 15, 13, 15, 15, 14, 15, 14, 14, 13, 14, 14, 17, 16, 15, 14, 15, 15, 15, 14, 14, 16, 14, 16, 14, 15, 14, 15, 15, 14, 16, 13, 14, 15, 15, 14, 15, 14, 14, 13, 16, 14, 15, 15, 15, 15, 15, 16, 17, 13, 13, 14, 16, 15, 15, 14, 14, 14, 14, 15, 15, 14, 14, 14, 14, 17, 16, 14, 14, 15, 14, 14, 16, 15, 15, 15, 14, 14, 14, 14, 13, 15, 17, 15, 15, 16, 14, 15, 14, 14, 14, 14, 15, 16, 14, 14, 14, 15, 16, 16, 14, 17, 16, 14, 16, 13, 14, 15, 14, 17, 14, 14, 15, 15, 15, 14, 15, 15, 14, 16, 14, 14, 15, 14, 14, 15, 14, 15, 14, 15, 14, 14, 17, 15, 15, 16, 14, 15, 13, 13, 14, 14, 15, 14, 14, 14, 14, 13, 16, 14, 14, 15, 17, 14, 15, 14, 15, 15, 14, 13, 15, 14, 14, 18, 15, 13, 13, 17, 15, 14, 17, 14, 16, 14, 14, 15, 15, 15, 15, 15, 14, 14, 14, 14, 15, 14, 17, 17, 13, 15, 15, 14, 14, 14, 16, 13, 16, 14, 15, 15, 14, 15, 16, 16, 15, 16, 17, 14, 15, 14, 15, 15, 16, 15, 15, 14, 15, 15, 15, 16, 15, 15, 16, 13, 15, 16, 14, 14, 14, 15, 14, 15, 15, 14, 14, 14, 14, 14, 13, 15, 15, 13, 14, 14, 15, 14, 14, 14, 17, 14, 13, 14, 13, 14, 18, 13, 14, 14, 14, 16, 17, 14, 17, 16, 15, 14, 13, 15, 15, 14, 15, 14, 14, 14, 15, 14, 17, 14, 13, 15, 15, 13, 13, 15, 16, 14, 15, 17, 15, 14, 16, 15, 15, 14, 16, 15, 16, 14, 15, 16, 15, 13, 14, 16, 15, 15, 15, 15, 14, 15, 14, 15, 16, 15, 16, 14, 14, 15, 14, 15, 14, 14, 14, 14, 18, 15, 14, 16, 14, 14, 15, 14, 16, 15, 15, 15, 14, 15, 14, 16, 14, 14, 15, 14, 14, 14, 14, 14, 14, 16, 15, 14, 14, 15, 14, 17, 17, 16, 14, 17, 14, 14, 15, 15, 15, 14, 14, 14, 14, 14, 14, 16, 15, 16, 14, 14, 13, 14, 15, 14, 16, 14, 15, 16, 13, 16, 14, 15, 14, 14, 13, 15, 17, 14, 16, 14, 14, 15, 14, 14, 16, 14, 14, 15, 16, 15, 14, 14, 14, 14, 14, 15, 15, 16, 15, 14, 14, 15, 13, 16, 15, 14, 14, 16, 15, 14, 14, 14, 15, 14, 15, 15, 13, 14, 14, 14, 14, 14, 14, 15, 16, 13, 16, 15, 17, 14]

Mean:14.692
Median:14.0
Mode:14
Seed:844


[14, 13, 14, 15, 13, 14, 14, 13, 13, 15, 14, 15, 14, 13, 18, 15, 16, 13, 16, 13, 14, 13, 13, 15, 13, 14, 13, 13, 14, 14, 15, 14, 14, 15, 13, 13, 14, 15, 15, 14, 14, 14, 13, 14, 13, 13, 13, 13, 14, 16, 14, 15, 13, 16, 16, 15, 14, 14, 13, 14, 14, 13, 13, 13, 14, 13, 15, 13, 15, 14, 14, 13, 14, 16, 13, 14, 15, 14, 13, 13, 14, 13, 14, 14, 14, 13, 14, 13, 15, 15, 14, 14, 14, 14, 16, 14, 13, 13, 13, 14, 14, 14, 14, 13, 16, 13, 13, 14, 13, 13, 13, 16, 13, 14, 14, 15, 15, 15, 13, 14, 15, 14, 13, 14, 15, 13, 13, 15, 14, 13, 13, 14, 13, 13, 13, 13, 13, 15, 14, 13, 13, 13, 13, 13, 14, 14, 14, 13, 14, 14, 13, 13, 14, 13, 16, 15, 13, 13, 14, 13, 13, 14, 13, 15, 14, 14, 13, 13, 13, 15, 13, 13, 13, 13, 14, 15, 13, 14, 14, 13, 13, 15, 13, 13, 13, 13, 13, 13, 14, 14, 14, 14, 13, 14, 15, 13, 13, 14, 14, 13, 14, 14, 13, 13, 14, 14, 16, 13, 14, 14, 14, 13, 14, 15, 13, 14, 13, 13, 15, 13, 13, 13, 14, 13, 13, 14, 15, 13, 14, 14, 13, 13, 18, 14, 13, 13, 13, 14, 14, 14, 13, 15, 14, 15, 15, 13, 13, 15, 13, 15, 13, 15, 14, 13, 17, 14, 13, 15, 15, 13, 15, 14, 14, 13, 16, 13, 14, 13, 14, 13, 13, 15, 14, 14, 13, 13, 14, 13, 13, 14, 13, 14, 14, 13, 13, 13, 13, 13, 13, 16, 13, 14, 13, 13, 13, 17, 14, 16, 13, 14, 13, 15, 14, 13, 13, 13, 14, 17, 15, 15, 14, 17, 15, 14, 15, 14, 13, 15, 14, 13, 13, 13, 13, 16, 14, 13, 15, 15, 16, 14, 14, 13, 14, 14, 15, 14, 17, 17, 13, 15, 14, 13, 14, 14, 15, 13, 13, 15, 14, 14, 16, 15, 14, 15, 15, 13, 14, 13, 13, 15, 13, 13, 15, 13, 15, 14, 14, 13, 15, 14, 13, 14, 14, 14, 13, 13, 14, 13, 14, 14, 17, 13, 15, 13, 15, 14, 13, 13, 14, 14, 13, 15, 14, 13, 14, 14, 15, 14, 15, 14, 14, 13, 14, 14, 14, 13, 14, 14, 13, 13, 15, 15, 13, 15, 13, 14, 13, 13, 13, 13, 14, 15, 15, 14, 14, 13, 15, 13, 15, 14, 14, 13, 13, 14, 13, 13, 14, 14, 14, 14, 13, 13, 14, 13, 13, 14, 15, 15, 14, 14, 13, 13, 13, 13, 13, 14, 16, 13, 14, 13, 14, 13, 15, 13, 14, 15, 14, 13, 13, 13, 13, 15, 13, 13, 15, 14, 15, 13, 14, 13, 14, 13, 13, 13, 13, 14, 13, 14, 13, 14, 14, 14, 13, 14, 13, 13, 13, 14, 13, 13, 16, 15, 14, 13, 13, 14, 17, 16, 14, 14, 14, 17, 13, 13, 16, 14, 14, 13, 15, 13, 14, 16, 15, 14, 14, 13, 13, 14, 13, 13, 14, 15, 14, 15, 13, 13, 13, 13, 14, 15, 14, 14, 13, 14, 16, 15, 13, 13, 13, 14, 14, 16, 13, 15, 14, 13, 14, 13, 13, 15, 13, 14, 13, 14, 13, 14, 13, 14, 15, 14, 13, 13, 14, 13, 13, 13, 14, 13, 14, 14, 15, 13, 15, 13, 14, 15, 13, 13, 14, 15, 13, 15, 14, 13, 14, 14, 14, 14, 14, 14, 16, 14, 13, 14, 16, 13, 14, 14, 13, 13, 13, 14, 14, 13, 14, 13, 15, 14, 14, 15, 13, 13, 13, 15, 13, 13, 13, 15, 14, 13, 14, 13, 16, 14, 16, 14, 13, 17, 13, 14, 14, 14, 13, 13, 13, 14, 14, 13, 15, 13, 13, 13, 13, 14, 13, 14, 16, 13, 13, 13, 14, 14, 14, 13, 15, 13, 16, 13, 15, 13, 13, 13, 14, 13, 14, 15, 13, 16, 13, 16, 14, 13, 14, 13, 14, 16, 15, 13, 13, 13, 13, 15, 13, 14, 13, 14, 14, 13, 13, 13, 13, 13, 13, 17, 14, 13, 13, 17, 15, 13, 13, 13, 14, 14, 15, 13, 13, 14, 13, 14, 14, 14, 16, 13, 13, 15, 16, 14, 16, 13, 15, 13, 15, 14, 13, 13, 13, 14, 13, 13, 14, 13, 15, 13, 15, 13, 14, 14, 13, 13, 15, 14, 13, 14, 14, 13, 13, 15, 14, 13, 13, 15, 16, 14, 14, 13, 15, 14, 15, 14, 13, 13, 13, 14, 13, 14, 16, 15, 16, 15, 14, 13, 13, 14, 13, 14, 13, 13, 14, 14, 15, 14, 13, 16, 14, 16, 13, 14, 13, 13, 13, 14, 13, 16, 13, 13, 13, 13, 16, 13, 13, 13, 15, 13, 15, 16, 13, 13, 15, 13, 15, 14, 14, 14, 13, 13, 13, 14, 14, 17, 16, 15, 14, 13, 15, 13, 14, 13, 14, 13, 13, 14, 13, 15, 14, 14, 13, 14, 13, 13, 13, 13, 14, 14, 14, 13, 13, 16, 13, 14, 13, 13, 14, 14, 16, 13, 14, 13, 13, 15, 16, 14, 14, 13, 14, 13, 13, 13, 13, 14, 14, 15, 13, 15, 13, 14, 15, 13, 16, 14, 13, 13, 15, 14, 13, 13, 14, 13, 13, 14, 14, 13, 13, 13, 13, 17, 13, 13, 14, 13, 13, 14, 15, 13, 13, 13, 13, 13, 13, 14, 13, 14, 15, 15, 13, 14, 13, 13, 14, 15, 13, 15, 14, 13, 13, 15, 14, 13, 14, 15, 13, 14, 14, 16, 13, 15, 13, 14, 16, 14, 14, 15, 13, 13, 17, 13, 14, 14, 14, 14, 13, 13, 13, 13, 13, 13, 13, 14, 13, 15, 13, 13, 14, 13, 13, 13, 14, 15, 13, 14, 13, 14, 14, 14, 14, 14, 13, 13, 16, 14, 13, 14, 15, 14, 13, 14, 13, 16, 14, 13]

Mean:13.858
Median:14.0
Mode:13
Seed:64


[15, 16, 14, 16, 14, 16, 14, 16, 15, 16, 14, 16, 15, 14, 14, 14, 16, 14, 15, 15, 14, 17, 16, 15, 14, 14, 14, 14, 15, 16, 15, 16, 17, 14, 16, 14, 14, 15, 15, 15, 16, 15, 15, 15, 15, 15, 16, 14, 16, 15, 16, 14, 18, 15, 19, 16, 15, 14, 14, 15, 15, 14, 14, 14, 15, 15, 18, 16, 14, 16, 17, 15, 14, 14, 17, 18, 14, 14, 16, 17, 14, 14, 14, 14, 14, 14, 16, 19, 15, 14, 14, 14, 17, 14, 15, 17, 15, 14, 15, 1, 14, 15, 15, 16, 14, 14, 14, 14, 16, 15, 14, 17, 14, 14, 14, 15, 16, 17, 15, 14, 16, 15, 15, 16, 16, 15, 15, 15, 17, 14, 1, 16, 16, 14, 16, 15, 14, 14, 17, 14, 14, 1, 15, 14, 14, 14, 16, 15, 14, 14, 16, 15, 16, 14, 18, 15, 15, 14, 15, 14, 1, 14, 14, 14, 16, 14, 14, 14, 14, 17, 17, 17, 15, 15, 3, 14, 14, 17, 15, 14, 15, 14, 14, 18, 14, 14, 16, 15, 17, 16, 16, 14, 16, 17, 14, 14, 15, 15, 14, 14, 16, 15, 14, 15, 17, 2, 14, 16, 14, 16, 15, 15, 15, 14, 15, 14, 15, 14, 14, 16, 15, 16, 15, 15, 14, 14, 14, 1, 17, 16, 17, 14, 16, 14, 14, 14, 14, 14, 15, 14, 15, 14, 15, 15, 14, 15, 15, 14, 14, 15, 16, 14, 15, 14, 14, 15, 14, 14, 14, 14, 14, 15, 14, 14, 14, 16, 16, 15, 16, 15, 18, 15, 14, 14, 14, 14, 14, 15, 15, 15, 14, 14, 14, 14, 16, 14, 16, 15, 16, 15, 14, 15, 14, 15, 16, 15, 14, 14, 16, 14, 18, 14, 15, 15, 17, 15, 15, 14, 14, 17, 16, 14, 15, 14, 17, 16, 15, 17, 15, 15, 14, 16, 14, 16, 14, 15, 14, 15, 14, 14, 14, 15, 17, 15, 14, 15, 14, 14, 15, 14, 14, 15, 15, 16, 15, 14, 15, 15, 15, 14, 18, 15, 14, 14, 15, 21, 15, 17, 15, 14, 17, 16, 16, 14, 14, 14, 15, 15, 15, 16, 15, 15, 14, 16, 16, 15, 16, 15, 16, 15, 16, 14, 15, 16, 14, 14, 15, 14, 15, 14, 18, 15, 14, 15, 14, 19, 15, 15, 15, 14, 16, 14, 15, 16, 15, 15, 14, 14, 16, 15, 14, 14, 15, 14, 14, 16, 15, 14, 14, 15, 15, 14, 14, 15, 14, 15, 15, 14, 14, 16, 15, 15, 15, 15, 14, 14, 14, 14, 15, 16, 16, 14, 14, 15, 15, 14, 14, 15, 15, 15, 16, 15, 15, 14, 14, 14, 14, 18, 14, 1, 16, 14, 17, 16, 14, 14, 15, 14, 16, 16, 15, 16, 14, 15, 14, 15, 15, 15, 14, 16, 18, 15, 16, 16, 14, 15, 20, 14, 14, 15, 15, 16, 15, 16, 15, 17, 14, 15, 16, 16, 14, 15, 16, 15, 15, 16, 15, 15, 16, 15, 14, 14, 15, 16, 16, 16, 15, 15, 16, 18, 16, 15, 16, 15, 14, 14, 15, 16, 14, 16, 14, 14, 17, 15, 14, 14, 16, 14, 14, 14, 15, 14, 14, 15, 14, 15, 15, 16, 14, 15, 14, 14, 14, 15, 15, 15, 16, 14, 14, 1, 16, 15, 15, 16, 14, 17, 14, 14, 15, 14, 16, 14, 15, 2, 1, 14, 15, 15, 16, 14, 14, 14, 15, 14, 14, 14, 16, 16, 15, 15, 14, 14, 16, 14, 15, 14, 15, 14, 15, 14, 15, 14, 15, 16, 14, 14, 17, 14, 16, 2, 14, 15, 15, 14, 16, 15, 14, 14, 14, 15, 15, 14, 14, 15, 16, 14, 15, 14, 15, 14, 14, 17, 15, 15, 16, 15, 14, 14, 15, 15, 15, 16, 14, 16, 16, 14, 14, 15, 15, 15, 14, 15, 16, 14, 15, 15, 16, 15, 15, 15, 14, 14, 14, 14, 14, 14, 14, 14, 14, 14, 16, 15, 17, 14, 14, 16, 14, 14, 16, 14, 17, 14, 14, 16, 14, 16, 14, 15, 16, 15, 18, 16, 16, 15, 15, 15, 15, 14, 14, 16, 14, 16, 14, 14, 15, 16, 16, 14, 14, 14, 15, 14, 14, 15, 15, 14, 14, 16, 16, 15, 14, 16, 14, 14, 15, 15, 14, 15, 15, 15, 14, 16, 14, 15, 17, 16, 15, 15, 15, 14, 15, 16, 14, 14, 14, 14, 14, 16, 14, 16, 14, 18, 17, 14, 14, 15, 15, 15, 15, 14, 14, 14, 17, 14, 14, 14, 16, 14, 16, 16, 14, 14, 14, 16, 16, 14, 15, 15, 14, 14, 15, 14, 14, 17, 14, 14, 16, 14, 14, 15, 15, 16, 1, 14, 17, 15, 14, 14, 14, 14, 15, 14, 15, 14, 14, 16, 15, 16, 14, 14, 14, 16, 15, 15, 15, 16, 14, 14, 15, 16, 1, 15, 15, 16, 15, 14, 16, 14, 15, 16, 14, 15, 14, 15, 14, 14, 15, 17, 16, 15, 15, 16, 15, 14, 2, 14, 14, 14, 17, 16, 15, 16, 15, 16, 14, 14, 14, 15, 16, 15, 2, 15, 14, 14, 14, 14, 14, 15, 15, 14, 14, 15, 14, 15, 16, 14, 14, 14, 16, 14, 14, 14, 14, 14, 15, 16, 14, 15, 14, 15, 15, 14, 14, 14, 14, 15, 16, 16, 15, 15, 15, 15, 16, 14, 15, 15, 14, 16, 14, 15, 14, 17, 15, 15, 14, 16, 14, 17, 15, 14, 15, 16, 16, 15, 14, 14, 14, 15, 15, 15, 15, 14, 15, 14, 15, 14, 16, 1, 16, 17, 15, 17, 15, 14, 15, 14, 14, 15, 14, 16, 16, 14, 15, 16, 14, 15, 15, 15, 16, 17, 14, 15, 16, 15, 16, 14, 15, 15, 15, 15, 14, 15, 14, 17, 14, 14, 14, 14, 14, 17, 16, 15, 1, 15, 20, 15, 15, 14, 14, 15, 15, 14, 14, 16, 15, 14, 16, 14, 15, 14]

Mean:14.691
Median:15.0
Mode:14
Seed:660


Seeds:
[644, 947, 56, 757, 78, 434, 851, 844, 64, 660]

Means:
[15.891, 14.719, 20.032, 1.447, 1.254, 14.679, 14.915, 14.692, 13.858, 14.691]

Medians:
[15.0, 15.0, 20.0, 1.0, 1.0, 14.0, 15.0, 14.0, 14.0, 15.0]

Modes:
[13, 14, 19, 1, 1, 14, 14, 14, 13, 14]


Top Level Results:
Mean:12.6178
Median:14.0
Mode:14



