[0, 0, 0, 0, 0, 0, 0, 0, 0, 0, 0, 0, 0, 0, 0, 0, 0, 0, 0, 0, 0, 0, 0, 0, 0, 0, 0, 0, 0, 0, 0, 0, 0, 0, 0, 0, 0, 0, 0, 0, 0, 0, 1, 0, 0, 0, 0, 0, 0, 0, 0, 0, 0, 0, 0, 0, 0, 0, 0, 0, 1, 0, 0, 0, 0, 0, 0, 0, 0, 1, 0, 0, 0, 0, 0, 0, 1, 0, 0, 0, 0, 0, 0, 0, 0, 0, 0, 0, 0, 2, 0, 0, 0, 1, 0, 0, 0, 0, 0, 0, 0, 0, 0, 0, 0, 0, 0, 0, 0, 0, 0, 0, 0, 0, 0, 0, 0, 0, 0, 0, 0, 0, 0, 1, 0, 0, 0, 0, 0, 0, 0, 0, 0, 0, 0, 0, 0, 0, 0, 0, 0, 0, 1, 0, 0, 0, 0, 0, 0, 0, 0, 0, 0, 0, 0, 1, 0, 0, 0, 0, 1, 0, 0, 0, 0, 0, 0, 0, 0, 0, 0, 0, 0, 0, 0, 0, 0, 0, 0, 0, 0, 0, 0, 0, 0, 0, 0, 0, 0, 0, 0, 0, 1, 0, 0, 0, 0, 0, 0, 0, 0, 0, 0, 0, 0, 1, 0, 0, 0, 0, 0, 0, 0, 0, 1, 0, 0, 0, 0, 0, 0, 0, 0, 0, 0, 0, 0, 1, 0, 0, 2, 0, 0, 0, 0, 0, 0, 0, 0, 0, 0, 0, 0, 0, 0, 0, 0, 0, 0, 0, 0, 1, 0, 0, 0, 0, 0, 0, 0, 0, 0, 0, 0, 1, 0, 0, 0, 0, 0, 0, 0, 0, 0, 0, 0, 0, 0, 0, 0, 0, 0, 1, 0, 0, 0, 0, 0, 0, 0, 0, 0, 0, 0, 0, 0, 0, 0, 0, 0, 1, 0, 0, 0, 0, 0, 0, 0, 0, 0, 0, 0, 0, 0, 0, 0, 0, 0, 0, 1, 0, 1, 0, 0, 0, 0, 0, 1, 0, 0, 0, 0, 0, 0, 0, 0, 0, 0, 0, 0, 0, 0, 0, 0, 0, 0, 0, 0, 0, 0, 0, 0, 0, 0, 0, 0, 0, 0, 0, 0, 0, 0, 0, 0, 1, 0, 0, 0, 0, 1, 0, 0, 0, 0, 0, 0, 0, 0, 0, 1, 0, 0, 0, 0, 0, 0, 0, 1, 0, 0, 0, 0, 0, 1, 0, 0, 0, 0, 0, 0, 0, 0, 0, 0, 0, 0, 1, 0, 0, 0, 0, 0, 0, 0, 0, 1, 0, 1, 0, 0, 0, 0, 0, 0, 0, 0, 1, 0, 0, 0, 0, 0, 1, 0, 1, 0, 0, 0, 0, 0, 0, 0, 0, 0, 0, 0, 0, 0, 0, 0, 0, 1, 0, 0, 0, 0, 0, 0, 0, 0, 1, 0, 0, 0, 0, 0, 0, 0, 0, 0, 0, 0, 0, 0, 0, 0, 0, 0, 0, 0, 0, 0, 0, 0, 0, 0, 0, 0, 0, 0, 0, 0, 0, 0, 1, 0, 0, 0, 0, 0, 0]

Mean:0.076
Median:0.0
Mode:0
Seed:88


[0, 1, 0, 1, 0, 1, 2, 1, 0, 1, 1, 0, 1, 1, 0, 0, 1, 1, 2, 1, 0, 0, 0, 1, 2, 1, 1, 0, 0, 1, 0, 1, 0, 1, 0, 1, 0, 0, 1, 1, 3, 2, 1, 0, 1, 0, 2, 1, 1, 1, 1, 1, 0, 2, 1, 2, 1, 0, 1, 1, 1, 1, 1, 1, 1, 0, 1, 3, 1, 0, 1, 1, 2, 1, 2, 2, 0, 1, 0, 2, 1, 0, 1, 1, 0, 1, 0, 3, 0, 0, 1, 1, 0, 2, 1, 0, 1, 0, 1, 0, 2, 2, 0, 2, 1, 1, 0, 2, 0, 1, 2, 0, 3, 1, 0, 2, 3, 1, 1, 0, 0, 0, 3, 0, 2, 0, 1, 1, 1, 1, 1, 0, 1, 0, 0, 0, 2, 1, 0, 1, 1, 1, 2, 0, 0, 1, 0, 1, 1, 0, 1, 1, 1, 1, 0, 2, 0, 1, 2, 2, 0, 0, 1, 0, 0, 1, 2, 0, 0, 0, 0, 1, 1, 2, 3, 0, 1, 1, 1, 1, 0, 2, 1, 0, 2, 0, 0, 1, 2, 0, 1, 0, 1, 0, 1, 1, 1, 0, 0, 0, 1, 1, 0, 1, 0, 2, 1, 1, 1, 1, 0, 1, 1, 2, 1, 2, 1, 2, 2, 2, 1, 0, 1, 1, 0, 1, 0, 2, 0, 0, 0, 2, 1, 1, 2, 3, 1, 1, 0, 4, 1, 3, 2, 1, 2, 1, 1, 1, 0, 4, 0, 0, 1, 1, 0, 2, 0, 0, 0, 1, 1, 1, 0, 0, 2, 0, 2, 0, 0, 1, 0, 3, 0, 1, 0, 0, 1, 2, 0, 1, 1, 1, 1, 0, 1, 1, 1, 1, 0, 1, 1, 0, 0, 1, 0, 1, 1, 1, 0, 2, 1, 3, 0, 1, 0, 0, 1, 1, 0, 0, 2, 1, 2, 1, 1, 3, 0, 1, 1, 0, 1, 1, 1, 2, 1, 1, 0, 1, 1, 0, 2, 1, 1, 1, 1, 1, 2, 1, 2, 0, 1, 0, 0, 2, 0, 4, 1, 1, 4, 1, 1, 0, 0, 0, 1, 2, 1, 1, 2, 2, 0, 0, 0, 0, 0, 0, 1, 1, 0, 0, 0, 1, 0, 1, 1, 0, 0, 2, 1, 1, 0, 2, 0, 2, 0, 2, 0, 0, 1, 1, 0, 0, 1, 1, 1, 2, 2, 2, 1, 1, 1, 1, 2, 0, 1, 1, 0, 1, 0, 1, 0, 2, 0, 2, 0, 1, 1, 1, 2, 1, 1, 1, 1, 1, 3, 0, 1, 0, 0, 0, 0, 1, 1, 0, 2, 1, 1, 0, 0, 1, 0, 2, 2, 1, 2, 1, 0, 1, 0, 1, 0, 3, 1, 1, 0, 0, 0, 1, 1, 1, 1, 1, 1, 2, 1, 1, 1, 2, 0, 1, 0, 0, 1, 0, 0, 0, 1, 1, 0, 2, 1, 1, 2, 0, 3, 1, 0, 0, 1, 1, 1, 1, 1, 0, 2, 2, 2, 0, 1, 0]

Mean:0.886
Median:1.0
Mode:1
Seed:562


[0, 1, 1, 0, 2, 1, 0, 1, 2, 1, 0, 0, 1, 0, 2, 2, 1, 1, 1, 1, 1, 2, 0, 1, 1, 0, 0, 1, 1, 0, 0, 1, 0, 2, 0, 0, 0, 0, 1, 0, 0, 1, 0, 1, 1, 0, 2, 0, 0, 2, 0, 2, 0, 1, 0, 1, 0, 0, 0, 0, 2, 1, 0, 2, 1, 1, 1, 0, 0, 0, 1, 1, 2, 0, 0, 1, 2, 2, 0, 0, 0, 0, 2, 2, 0, 1, 0, 0, 2, 0, 1, 1, 0, 1, 2, 1, 0, 0, 1, 1, 0, 0, 0, 1, 0, 1, 0, 0, 0, 1, 1, 2, 3, 1, 0, 0, 2, 1, 0, 1, 0, 0, 1, 0, 0, 1, 1, 1, 1, 1, 0, 0, 2, 0, 1, 0, 0, 0, 1, 1, 1, 0, 1, 0, 0, 0, 0, 1, 1, 1, 1, 0, 2, 1, 0, 0, 0, 0, 1, 1, 0, 0, 1, 2, 1, 0, 0, 1, 0, 0, 1, 0, 1, 1, 0, 0, 2, 0, 0, 1, 0, 1, 2, 2, 0, 0, 0, 0, 0, 1, 0, 0, 0, 1, 1, 0, 2, 2, 1, 0, 1, 1, 1, 0, 0, 1, 0, 1, 1, 1, 0, 2, 1, 1, 0, 1, 0, 0, 0, 0, 1, 1, 0, 1, 1, 0, 2, 1, 0, 1, 0, 1, 1, 0, 1, 0, 0, 1, 1, 0, 1, 2, 0, 1, 1, 0, 1, 1, 0, 0, 1, 2, 1, 1, 0, 0, 2, 1, 0, 0, 1, 1, 1, 1, 0, 0, 1, 0, 0, 1, 0, 2, 1, 2, 0, 0, 1, 0, 1, 1, 0, 0, 0, 1, 1, 0, 1, 0, 1, 0, 0, 1, 0, 0, 1, 0, 0, 1, 0, 0, 0, 1, 1, 0, 2, 0, 1, 1, 0, 0, 0, 0, 1, 0, 1, 1, 0, 0, 0, 1, 0, 1, 1, 0, 1, 0, 2, 0, 0, 0, 0, 0, 1, 1, 0, 1, 1, 0, 0, 1, 0, 1, 2, 1, 1, 0, 0, 1, 0, 1, 0, 3, 1, 1, 1, 1, 1, 1, 0, 0, 1, 1, 0, 1, 1, 0, 1, 1, 0, 2, 2, 1, 1, 0, 0, 1, 1, 1, 0, 2, 1, 1, 1, 1, 0, 1, 0, 1, 0, 1, 1, 0, 1, 2, 1, 0, 1, 2, 0, 0, 1, 0, 0, 1, 1, 0, 0, 1, 1, 1, 2, 0, 3, 0, 1, 0, 0, 0, 1, 0, 0, 0, 0, 1, 1, 0, 1, 1, 1, 1, 0, 0, 1, 4, 0, 0, 1, 0, 0, 1, 1, 1, 2, 1, 0, 1, 1, 2, 0, 1, 0, 1, 1, 1, 1, 1, 0, 3, 1, 0, 0, 2, 0, 1, 0, 0, 0, 0, 1, 0, 0, 1, 0, 1, 1, 0, 2, 1, 0, 1, 0, 0, 1, 1, 0, 0, 0, 0, 1, 0, 1, 0, 1, 1, 0, 1, 2, 0, 0, 0]

Mean:0.652
Median:1.0
Mode:0
Seed:837


[0, 0, 0, 0, 0, 0, 0, 0, 0, 0, 0, 0, 0, 0, 0, 0, 1, 0, 0, 0, 0, 0, 1, 0, 0, 0, 0, 0, 1, 1, 0, 0, 0, 1, 0, 1, 0, 0, 0, 1, 1, 1, 0, 1, 0, 0, 1, 0, 0, 0, 0, 0, 0, 2, 0, 0, 0, 0, 0, 0, 1, 0, 0, 1, 1, 0, 1, 1, 1, 0, 0, 0, 0, 1, 0, 0, 0, 0, 0, 0, 0, 0, 1, 0, 0, 0, 0, 0, 0, 0, 0, 0, 0, 0, 0, 1, 0, 0, 0, 0, 0, 0, 0, 0, 0, 1, 0, 0, 0, 0, 0, 0, 0, 0, 0, 0, 1, 0, 0, 1, 0, 0, 0, 0, 0, 0, 0, 0, 1, 0, 0, 0, 1, 0, 0, 0, 0, 0, 1, 0, 0, 0, 1, 0, 1, 0, 0, 0, 0, 0, 0, 0, 0, 0, 0, 0, 0, 0, 1, 0, 0, 0, 0, 0, 0, 0, 0, 0, 0, 1, 0, 0, 0, 0, 0, 0, 0, 0, 0, 1, 0, 0, 0, 0, 0, 0, 0, 0, 0, 0, 0, 0, 0, 0, 0, 0, 0, 1, 0, 0, 0, 0, 0, 0, 0, 0, 0, 0, 0, 0, 0, 0, 0, 0, 0, 0, 0, 0, 0, 0, 0, 0, 0, 1, 0, 0, 0, 0, 0, 1, 1, 0, 1, 0, 1, 0, 1, 0, 0, 0, 1, 0, 0, 0, 0, 0, 0, 0, 0, 1, 0, 0, 0, 1, 0, 1, 0, 0, 0, 0, 0, 0, 0, 0, 0, 0, 0, 0, 1, 1, 0, 0, 1, 1, 0, 0, 0, 0, 0, 1, 0, 0, 0, 0, 0, 1, 1, 0, 0, 0, 0, 1, 0, 0, 0, 0, 0, 0, 0, 0, 0, 0, 1, 0, 0, 0, 0, 0, 0, 0, 0, 1, 0, 0, 0, 0, 0, 0, 0, 0, 0, 1, 1, 0, 0, 0, 0, 0, 0, 0, 0, 0, 0, 0, 0, 0, 0, 1, 0, 0, 0, 1, 0, 0, 0, 0, 0, 0, 0, 0, 0, 0, 0, 0, 0, 0, 0, 0, 0, 0, 0, 0, 0, 0, 0, 0, 0, 0, 0, 0, 0, 0, 0, 0, 0, 0, 0, 0, 0, 0, 0, 0, 0, 0, 0, 1, 0, 1, 0, 0, 0, 0, 0, 0, 0, 0, 0, 0, 0, 0, 0, 1, 1, 0, 1, 0, 0, 0, 0, 0, 0, 0, 0, 0, 0, 0, 0, 0, 0, 0, 0, 0, 1, 0, 0, 0, 1, 0, 0, 0, 0, 1, 0, 0, 0, 0, 1, 0, 0, 0, 0, 0, 1, 0, 0, 0, 0, 0, 0, 0, 0, 0, 0, 0, 0, 1, 0, 1, 0, 0, 0, 0, 0, 0, 0, 0, 0, 0, 1, 0, 0, 0, 0, 0, 0, 0, 0, 1, 1, 1, 0, 0, 0, 1, 0, 0, 2, 1, 0, 1, 0, 0, 0, 0, 0, 0, 0, 0, 0, 0]

Mean:0.158
Median:0.0
Mode:0
Seed:798


[0, 2, 1, 1, 3, 1, 1, 1, 1, 1, 0, 1, 1, 0, 2, 1, 2, 2, 2, 1, 0, 0, 0, 1, 0, 1, 1, 1, 0, 0, 1, 1, 2, 0, 1, 1, 2, 1, 1, 0, 2, 1, 0, 1, 2, 1, 0, 1, 1, 1, 0, 1, 1, 0, 1, 0, 2, 2, 0, 1, 1, 0, 1, 2, 0, 2, 1, 0, 1, 0, 1, 0, 1, 1, 0, 2, 1, 2, 0, 0, 0, 0, 2, 1, 0, 1, 1, 2, 2, 2, 1, 1, 1, 1, 1, 2, 1, 0, 1, 2, 2, 1, 1, 1, 1, 0, 1, 1, 1, 1, 2, 1, 3, 1, 1, 1, 0, 2, 1, 2, 2, 3, 0, 1, 1, 0, 0, 0, 0, 1, 1, 2, 0, 2, 0, 1, 0, 2, 1, 3, 0, 0, 0, 1, 2, 2, 1, 2, 1, 1, 0, 1, 3, 1, 2, 1, 0, 1, 1, 2, 2, 1, 1, 0, 0, 0, 2, 0, 1, 1, 2, 0, 2, 1, 0, 1, 0, 1, 0, 0, 1, 3, 0, 2, 0, 1, 1, 0, 0, 0, 1, 0, 1, 2, 1, 1, 1, 1, 1, 2, 1, 0, 0, 1, 0, 1, 1, 1, 3, 2, 0, 2, 1, 0, 0, 0, 1, 4, 1, 1, 0, 1, 1, 3, 1, 1, 0, 0, 1, 0, 2, 1, 0, 3, 0, 0, 0, 1, 1, 1, 1, 0, 0, 3, 0, 1, 1, 0, 1, 2, 2, 2, 0, 1, 2, 1, 3, 0, 0, 1, 2, 2, 2, 1, 1, 1, 1, 1, 1, 2, 0, 1, 3, 1, 1, 1, 1, 0, 2, 1, 1, 1, 2, 1, 1, 2, 1, 3, 1, 2, 0, 1, 1, 1, 0, 1, 0, 1, 1, 0, 0, 3, 2, 0, 1, 1, 0, 1, 1, 3, 1, 0, 2, 1, 3, 0, 0, 1, 1, 2, 2, 0, 1, 1, 1, 0, 0, 0, 2, 2, 0, 1, 1, 2, 0, 0, 2, 1, 1, 0, 0, 2, 2, 1, 1, 2, 1, 1, 0, 0, 1, 0, 1, 0, 1, 1, 0, 0, 0, 1, 2, 1, 0, 1, 2, 1, 2, 1, 1, 0, 2, 0, 0, 2, 1, 2, 2, 1, 2, 1, 1, 2, 1, 0, 1, 0, 1, 1, 0, 1, 2, 1, 1, 1, 2, 1, 2, 1, 1, 0, 1, 1, 3, 1, 1, 1, 0, 1, 1, 1, 0, 1, 1, 0, 1, 1, 2, 1, 2, 2, 2, 2, 2, 2, 1, 1, 1, 1, 1, 1, 1, 0, 1, 1, 2, 0, 0, 1, 1, 2, 2, 0, 1, 1, 0, 1, 1, 0, 0, 1, 1, 1, 2, 1, 1, 1, 1, 0, 0, 2, 0, 1, 1, 0, 1, 1, 0, 1, 0, 1, 1, 1, 0, 0, 4, 2, 3, 1, 2, 3, 1, 1, 1, 1, 1, 0, 1, 0, 1, 1, 4, 0, 0, 0, 1, 2, 0, 0, 1, 1]

Mean:0.998
Median:1.0
Mode:1
Seed:434


[2, 3, 1, 1, 2, 0, 0, 2, 0, 2, 1, 2, 1, 1, 2, 1, 1, 0, 1, 1, 1, 0, 2, 3, 4, 1, 3, 0, 2, 0, 1, 0, 2, 0, 2, 0, 1, 0, 2, 1, 1, 2, 1, 1, 3, 2, 1, 4, 2, 2, 1, 0, 0, 1, 3, 2, 2, 2, 4, 0, 0, 2, 1, 2, 2, 2, 1, 0, 2, 1, 1, 4, 0, 1, 0, 0, 1, 1, 1, 1, 1, 3, 0, 3, 3, 2, 3, 0, 1, 0, 0, 1, 3, 0, 1, 2, 1, 2, 1, 1, 4, 2, 3, 1, 5, 3, 1, 2, 0, 3, 0, 2, 1, 0, 3, 1, 1, 1, 0, 3, 1, 2, 1, 2, 2, 0, 1, 1, 2, 0, 3, 2, 1, 2, 2, 1, 2, 3, 2, 0, 3, 0, 3, 2, 1, 1, 1, 0, 2, 1, 2, 0, 1, 2, 4, 2, 1, 3, 0, 0, 1, 1, 2, 2, 0, 2, 2, 1, 1, 0, 0, 1, 1, 2, 2, 2, 2, 1, 1, 3, 1, 5, 0, 2, 1, 0, 0, 1, 3, 2, 1, 1, 0, 2, 2, 0, 1, 2, 1, 0, 2, 1, 2, 1, 0, 2, 0, 3, 0, 4, 2, 2, 2, 2, 1, 1, 3, 1, 1, 1, 1, 0, 2, 2, 2, 1, 0, 0, 0, 2, 0, 3, 3, 0, 1, 1, 1, 0, 1, 0, 2, 1, 0, 0, 1, 2, 4, 0, 1, 1, 0, 1, 2, 4, 2, 2, 2, 0, 0, 0, 2, 1, 0, 1, 2, 1, 1, 1, 2, 0, 0, 1, 2, 2, 1, 2, 2, 1, 1, 0, 3, 2, 1, 4, 2, 1, 1, 2, 1, 2, 1, 0, 0, 1, 1, 1, 2, 2, 1, 1, 2, 2, 0, 1, 1, 1, 0, 1, 1, 1, 2, 1, 1, 1, 1, 2, 0, 2, 1, 0, 1, 0, 0, 0, 2, 1, 0, 1, 4, 2, 0, 2, 1, 0, 1, 1, 2, 0, 0, 0, 2, 0, 1, 1, 1, 2, 1, 1, 1, 0, 0, 1, 3, 3, 0, 2, 0, 0, 4, 2, 0, 2, 2, 1, 1, 1, 2, 0, 3, 1, 2, 4, 0, 2, 1, 2, 3, 2, 1, 3, 1, 1, 2, 1, 2, 1, 1, 2, 3, 2, 2, 3, 2, 0, 2, 2, 2, 0, 1, 2, 1, 2, 0, 0, 1, 1, 0, 2, 5, 0, 1, 0, 3, 1, 1, 4, 1, 3, 1, 1, 1, 1, 2, 2, 3, 0, 3, 1, 3, 0, 1, 3, 1, 1, 1, 1, 1, 0, 4, 0, 2, 0, 2, 1, 1, 4, 3, 1, 2, 2, 3, 3, 1, 2, 2, 0, 2, 2, 4, 1, 1, 3, 1, 1, 0, 1, 2, 0, 2, 2, 2, 1, 2, 1, 0, 2, 0, 1, 1, 1, 2, 1, 2, 1, 4, 3, 1, 2, 1, 1, 1, 0, 1, 0, 4, 0, 1, 0, 2, 0]

Mean:1.368
Median:1.0
Mode:1
Seed:49


[0, 2, 1, 1, 0, 0, 1, 1, 0, 0, 0, 0, 0, 0, 1, 0, 0, 1, 1, 0, 1, 1, 1, 1, 1, 1, 1, 0, 0, 0, 1, 1, 0, 1, 1, 0, 1, 1, 0, 1, 1, 1, 1, 0, 0, 0, 0, 1, 1, 1, 0, 1, 0, 0, 1, 2, 1, 0, 1, 0, 1, 2, 1, 1, 0, 1, 0, 1, 0, 1, 1, 0, 0, 0, 0, 0, 0, 1, 0, 2, 1, 1, 2, 1, 0, 0, 0, 1, 2, 0, 0, 0, 0, 1, 0, 0, 1, 1, 1, 0, 0, 2, 0, 1, 1, 2, 1, 2, 0, 1, 1, 0, 0, 1, 0, 1, 1, 1, 1, 1, 0, 1, 0, 1, 0, 0, 0, 2, 0, 1, 1, 0, 1, 1, 0, 0, 1, 1, 0, 1, 1, 0, 1, 1, 0, 0, 1, 1, 1, 1, 1, 0, 0, 0, 1, 1, 1, 0, 2, 1, 1, 1, 0, 1, 1, 1, 1, 1, 0, 1, 1, 0, 2, 1, 1, 1, 1, 1, 1, 0, 1, 0, 0, 1, 0, 2, 0, 1, 1, 0, 0, 0, 1, 0, 1, 1, 0, 1, 0, 2, 1, 0, 0, 1, 1, 0, 1, 2, 0, 0, 1, 0, 1, 0, 2, 0, 1, 1, 2, 3, 0, 0, 0, 1, 1, 0, 0, 1, 0, 0, 1, 0, 1, 1, 1, 1, 0, 0, 1, 1, 0, 2, 0, 1, 1, 2, 1, 0, 0, 1, 1, 0, 1, 0, 0, 1, 0, 0, 1, 1, 0, 1, 2, 1, 0, 0, 0, 1, 1, 0, 0, 0, 0, 1, 1, 1, 1, 1, 1, 1, 0, 0, 0, 0, 1, 1, 1, 1, 0, 2, 1, 1, 0, 0, 1, 1, 0, 0, 1, 0, 1, 1, 0, 2, 1, 0, 0, 0, 0, 0, 1, 1, 3, 1, 1, 0, 0, 0, 1, 3, 1, 0, 0, 0, 0, 1, 0, 1, 1, 1, 0, 0, 0, 0, 0, 1, 0, 1, 0, 1, 1, 0, 1, 0, 0, 1, 0, 1, 1, 0, 1, 0, 0, 0, 0, 0, 2, 0, 0, 0, 3, 1, 1, 1, 0, 0, 2, 1, 1, 1, 0, 1, 1, 1, 0, 2, 0, 1, 1, 0, 0, 0, 0, 1, 0, 1, 1, 0, 1, 1, 0, 1, 0, 1, 1, 1, 0, 1, 2, 3, 2, 1, 0, 1, 0, 0, 1, 1, 0, 1, 1, 0, 1, 0, 0, 1, 1, 0, 0, 0, 1, 0, 1, 0, 0, 1, 0, 0, 0, 1, 1, 1, 0, 0, 0, 2, 1, 1, 0, 1, 3, 1, 0, 1, 0, 0, 1, 0, 1, 2, 1, 0, 1, 1, 0, 0, 2, 0, 0, 0, 2, 1, 0, 0, 0, 0, 1, 0, 2, 1, 1, 0, 1, 2, 0, 0, 0, 1, 0, 0, 1, 1, 0, 2, 1, 2, 0, 1, 1, 0, 0, 1, 1, 0, 2, 0, 1, 0, 0, 0]

Mean:0.642
Median:1.0
Mode:1
Seed:498


[4, 4, 2, 2, 1, 3, 1, 1, 1, 1, 8, 6, 3, 2, 2, 2, 1, 1, 2, 1, 2, 2, 1, 1, 6, 2, 4, 4, 3, 2, 4, 2, 4, 10, 1, 1, 1, 1, 4, 2, 4, 6, 2, 1, 3, 5, 1, 1, 3, 2, 2, 1, 1, 1, 2, 3, 1, 2, 1, 2, 1, 2, 3, 2, 2, 1, 2, 2, 1, 0, 3, 2, 1, 2, 3, 2, 2, 1, 1, 5, 1, 1, 1, 3, 4, 1, 3, 2, 7, 3, 1, 2, 1, 3, 2, 3, 3, 1, 1, 2, 0, 2, 2, 2, 1, 1, 1, 1, 2, 2, 2, 2, 2, 5, 1, 5, 6, 3, 1, 2, 4, 3, 3, 2, 0, 2, 2, 1, 1, 3, 3, 0, 1, 6, 2, 0, 0, 1, 2, 6, 4, 1, 2, 1, 3, 2, 2, 1, 6, 1, 2, 1, 2, 1, 1, 6, 1, 1, 1, 1, 6, 3, 1, 4, 2, 1, 2, 0, 2, 1, 6, 3, 3, 1, 1, 1, 0, 2, 2, 3, 2, 2, 1, 4, 4, 1, 1, 3, 3, 5, 3, 0, 1, 1, 2, 1, 0, 1, 3, 6, 4, 3, 2, 1, 3, 2, 1, 3, 4, 3, 2, 2, 3, 1, 1, 1, 1, 3, 2, 0, 1, 3, 1, 4, 0, 2, 1, 2, 4, 2, 2, 1, 4, 4, 1, 3, 2, 2, 4, 1, 1, 3, 1, 1, 2, 2, 2, 1, 1, 5, 2, 2, 2, 1, 1, 1, 2, 3, 1, 1, 1, 1, 1, 2, 2, 3, 1, 2, 3, 1, 1, 5, 1, 2, 1, 3, 1, 6, 3, 1, 1, 4, 1, 0, 0, 1, 4, 2, 3, 3, 4, 1, 1, 1, 0, 3, 2, 2, 2, 1, 1, 5, 1, 1, 2, 3, 5, 3, 4, 2, 2, 0, 3, 1, 3, 1, 3, 2, 0, 2, 4, 1, 1, 3, 2, 1, 1, 1, 3, 2, 1, 2, 3, 2, 1, 1, 2, 4, 2, 2, 4, 0, 1, 1, 3, 3, 3, 3, 3, 1, 2, 2, 4, 1, 4, 3, 4, 3, 2, 8, 0, 1, 2, 0, 1, 2, 1, 2, 4, 3, 5, 1, 2, 2, 3, 1, 2, 1, 2, 3, 3, 5, 3, 3, 1, 0, 1, 5, 3, 3, 1, 1, 1, 1, 2, 3, 1, 2, 2, 0, 2, 1, 1, 3, 3, 5, 3, 1, 2, 2, 4, 2, 4, 3, 7, 2, 1, 2, 1, 7, 1, 3, 0, 1, 0, 1, 0, 4, 2, 2, 1, 2, 1, 0, 4, 3, 0, 1, 2, 1, 0, 2, 1, 4, 1, 1, 1, 4, 1, 2, 2, 2, 1, 2, 1, 1, 1, 1, 2, 0, 5, 4, 1, 0, 1, 2, 0, 4, 5, 3, 4, 9, 1, 3, 5, 2, 0, 1, 1, 1, 2, 2, 2, 1, 1, 1, 0, 3, 2, 2, 5, 2, 1, 2, 1, 4, 2, 3, 1, 2]

Mean:2.132
Median:2.0
Mode:1
Seed:64


[0, 0, 1, 1, 0, 0, 0, 0, 0, 0, 0, 0, 0, 0, 0, 0, 1, 0, 0, 0, 0, 0, 0, 0, 0, 1, 0, 0, 0, 0, 0, 0, 0, 0, 0, 0, 0, 1, 0, 1, 0, 0, 0, 0, 0, 0, 1, 0, 0, 0, 0, 1, 0, 0, 0, 0, 0, 0, 0, 0, 0, 1, 0, 0, 0, 0, 0, 0, 0, 0, 0, 0, 0, 0, 1, 0, 0, 0, 0, 1, 0, 0, 0, 0, 0, 0, 0, 0, 1, 0, 0, 0, 0, 0, 0, 0, 0, 0, 0, 0, 0, 1, 1, 0, 0, 0, 1, 0, 0, 0, 1, 1, 0, 0, 0, 0, 0, 1, 0, 0, 0, 0, 0, 0, 0, 1, 0, 0, 0, 1, 1, 0, 0, 0, 0, 0, 0, 0, 0, 0, 1, 0, 0, 1, 0, 0, 0, 0, 0, 0, 1, 1, 0, 0, 0, 0, 0, 1, 0, 0, 1, 0, 0, 0, 1, 0, 1, 0, 0, 0, 0, 1, 0, 1, 0, 1, 0, 0, 0, 0, 0, 1, 0, 0, 0, 0, 2, 0, 0, 0, 1, 0, 0, 1, 0, 0, 0, 0, 0, 1, 0, 0, 0, 1, 0, 0, 0, 0, 0, 0, 0, 0, 0, 0, 0, 0, 0, 0, 0, 0, 0, 0, 2, 0, 1, 0, 0, 2, 0, 0, 0, 0, 0, 1, 0, 0, 0, 0, 1, 0, 1, 0, 0, 0, 0, 0, 0, 0, 0, 0, 0, 1, 0, 0, 0, 1, 0, 0, 1, 0, 0, 0, 0, 0, 0, 0, 0, 0, 0, 0, 1, 0, 0, 1, 1, 0, 0, 1, 0, 0, 0, 0, 0, 0, 0, 0, 0, 0, 0, 0, 1, 0, 0, 0, 0, 1, 0, 0, 1, 0, 1, 0, 0, 0, 0, 0, 0, 0, 0, 0, 0, 0, 1, 0, 0, 0, 0, 2, 1, 0, 0, 0, 1, 0, 0, 0, 0, 0, 0, 0, 0, 0, 0, 0, 0, 0, 0, 0, 0, 1, 0, 0, 0, 0, 1, 0, 0, 0, 1, 0, 0, 0, 0, 0, 1, 0, 0, 0, 0, 1, 1, 0, 0, 1, 0, 0, 0, 0, 0, 0, 1, 0, 0, 0, 0, 1, 0, 0, 0, 0, 1, 0, 0, 0, 0, 1, 0, 0, 0, 0, 0, 0, 0, 0, 0, 0, 0, 0, 0, 0, 1, 1, 0, 1, 0, 0, 1, 0, 0, 0, 0, 0, 0, 0, 0, 1, 0, 0, 0, 1, 2, 0, 1, 1, 0, 0, 0, 0, 0, 0, 0, 0, 0, 0, 1, 0, 0, 0, 0, 1, 0, 1, 2, 0, 0, 1, 0, 0, 0, 0, 1, 0, 0, 0, 0, 0, 1, 0, 0, 0, 0, 0, 0, 0, 0, 1, 0, 0, 0, 0, 0, 0, 0, 0, 0, 1, 0, 0, 0, 0, 0, 1, 0, 0, 1, 0, 0, 0, 0, 0, 0, 0, 0, 0, 0, 0, 0, 0, 0, 0]

Mean:0.192
Median:0.0
Mode:0
Seed:557


[0, 0, 0, 1, 0, 0, 0, 1, 0, 3, 0, 0, 0, 0, 0, 0, 0, 1, 0, 0, 0, 1, 0, 0, 2, 1, 0, 0, 0, 1, 1, 1, 0, 0, 0, 0, 0, 0, 0, 0, 1, 2, 0, 0, 0, 0, 0, 0, 0, 1, 0, 0, 0, 0, 0, 0, 1, 0, 0, 0, 1, 0, 0, 1, 0, 1, 0, 0, 0, 0, 1, 0, 0, 0, 0, 0, 2, 0, 0, 0, 0, 1, 0, 0, 1, 0, 0, 0, 1, 1, 0, 0, 0, 0, 0, 1, 0, 1, 0, 0, 0, 0, 0, 0, 0, 0, 0, 0, 1, 1, 0, 0, 2, 0, 0, 0, 0, 0, 0, 0, 0, 0, 0, 0, 2, 0, 0, 0, 1, 0, 0, 0, 2, 0, 0, 0, 0, 0, 1, 0, 0, 0, 0, 0, 0, 0, 0, 0, 0, 0, 0, 0, 1, 0, 0, 0, 0, 0, 0, 0, 1, 0, 0, 1, 1, 0, 1, 0, 0, 0, 0, 0, 0, 0, 0, 0, 0, 0, 0, 0, 0, 0, 0, 1, 0, 0, 0, 0, 0, 0, 0, 1, 0, 0, 0, 0, 0, 0, 0, 1, 0, 1, 0, 0, 0, 0, 0, 1, 0, 0, 0, 0, 0, 0, 1, 0, 1, 0, 0, 0, 0, 0, 0, 0, 0, 1, 0, 0, 0, 0, 0, 0, 0, 0, 1, 0, 0, 0, 0, 0, 1, 0, 0, 1, 1, 0, 0, 0, 0, 0, 0, 0, 1, 0, 0, 0, 0, 0, 1, 1, 0, 0, 0, 0, 1, 0, 0, 1, 0, 0, 0, 0, 0, 0, 0, 0, 0, 0, 0, 0, 1, 0, 1, 0, 0, 0, 0, 1, 0, 1, 0, 1, 1, 0, 0, 0, 0, 1, 0, 0, 0, 1, 0, 0, 0, 0, 1, 0, 0, 0, 0, 0, 0, 0, 1, 0, 0, 0, 0, 0, 1, 0, 1, 0, 0, 0, 0, 0, 1, 0, 0, 0, 0, 1, 0, 1, 0, 0, 0, 0, 0, 0, 0, 0, 0, 0, 0, 0, 0, 0, 0, 0, 0, 0, 0, 0, 0, 1, 0, 1, 0, 0, 0, 1, 0, 0, 1, 0, 0, 0, 0, 0, 0, 0, 0, 0, 0, 0, 0, 0, 1, 0, 0, 0, 0, 0, 0, 0, 0, 0, 0, 0, 0, 0, 0, 0, 0, 0, 2, 0, 0, 0, 1, 0, 0, 0, 0, 2, 0, 1, 0, 0, 0, 1, 1, 0, 1, 0, 0, 0, 0, 0, 0, 0, 0, 1, 0, 0, 0, 0, 0, 1, 0, 0, 0, 1, 0, 1, 0, 0, 0, 1, 0, 0, 0, 0, 0, 0, 0, 1, 1, 0, 0, 1, 0, 1, 0, 0, 0, 0, 1, 0, 0, 1, 0, 0, 1, 0, 1, 0, 0, 0, 0, 1, 0, 1, 0, 0, 0, 0, 0, 0, 0, 0, 0, 0, 0, 1, 0, 0, 0, 0, 0, 0, 0, 0, 0, 0, 0, 0]

Mean:0.214
Median:0.0
Mode:0
Seed:368


[0, 0, 0, 0, 0, 0, 0, 0, 0, 1, 0, 0, 0, 0, 0, 0, 0, 0, 0, 0, 0, 0, 0, 0, 0, 0, 0, 0, 0, 0, 0, 0, 0, 0, 0, 0, 0, 0, 0, 0, 0, 0, 0, 0, 0, 0, 0, 0, 0, 0, 0, 0, 0, 0, 0, 0, 0, 0, 0, 1, 0, 0, 0, 0, 0, 0, 0, 0, 0, 0, 0, 0, 0, 0, 0, 0, 0, 0, 0, 0, 0, 0, 0, 0, 0, 0, 0, 0, 0, 0, 0, 0, 0, 0, 0, 0, 0, 0, 0, 0, 0, 0, 0, 0, 0, 0, 0, 0, 0, 0, 0, 0, 0, 0, 0, 0, 0, 0, 0, 0, 0, 0, 0, 0, 0, 0, 0, 0, 0, 0, 0, 0, 0, 0, 0, 0, 0, 0, 0, 0, 0, 0, 0, 0, 0, 0, 0, 0, 0, 0, 0, 0, 0, 0, 0, 0, 0, 0, 0, 0, 0, 0, 0, 0, 0, 0, 0, 0, 0, 0, 0, 0, 0, 0, 0, 0, 0, 0, 0, 1, 1, 0, 0, 0, 0, 0, 0, 0, 0, 0, 0, 0, 0, 0, 0, 0, 0, 0, 0, 0, 1, 0, 0, 0, 0, 0, 0, 0, 0, 0, 0, 0, 0, 0, 0, 0, 0, 0, 0, 0, 0, 0, 0, 0, 0, 0, 0, 0, 0, 0, 0, 0, 0, 0, 0, 0, 0, 0, 0, 0, 0, 0, 0, 0, 0, 0, 0, 0, 0, 0, 0, 0, 0, 0, 0, 0, 0, 0, 0, 0, 0, 0, 0, 0, 0, 0, 0, 1, 0, 0, 0, 0, 0, 0, 0, 0, 0, 0, 0, 0, 0, 1, 0, 0, 0, 0, 0, 0, 0, 0, 0, 0, 0, 0, 0, 0, 1, 0, 0, 0, 0, 0, 0, 0, 0, 1, 0, 0, 0, 0, 0, 0, 0, 0, 0, 0, 0, 0, 0, 0, 0, 0, 0, 0, 2, 0, 0, 0, 0, 0, 0, 0, 0, 0, 0, 0, 0, 0, 0, 0, 0, 0, 0, 0, 1, 0, 0, 1, 0, 0, 0, 0, 0, 0, 0, 0, 0, 0, 0, 0, 0, 0, 1, 0, 0, 0, 0, 0, 0, 0, 0, 0, 0, 0, 0, 0, 0, 0, 0, 0, 0, 1, 0, 0, 0, 0, 0, 0, 0, 0, 0, 0, 1, 0, 0, 1, 0, 0, 0, 3, 0, 0, 0, 0, 0, 0, 0, 0, 0, 0, 0, 0, 0, 0, 0, 0, 0, 0, 0, 1, 0, 0, 0, 0, 0, 0, 0, 0, 0, 0, 0, 0, 0, 0, 1, 0, 0, 0, 2, 0, 0, 0, 0, 0, 0, 0, 0, 0, 0, 0, 0, 0, 0, 0, 0, 0, 0, 0, 0, 0, 0, 0, 0, 0, 0, 0, 0, 0, 0, 0, 0, 0, 0, 0, 0, 0, 1, 0, 1, 0, 1, 0, 0, 0, 1, 0, 0, 0, 0, 0, 0, 0, 0, 0, 0, 0, 0, 0, 0, 0]

Mean:0.056
Median:0.0
Mode:0
Seed:313


[2, 2, 1, 3, 0, 2, 0, 0, 0, 0, 2, 2, 0, 2, 1, 2, 0, 1, 1, 1, 2, 3, 2, 0, 2, 0, 1, 0, 1, 2, 2, 3, 1, 2, 0, 0, 0, 2, 1, 2, 2, 1, 2, 1, 0, 0, 1, 2, 1, 1, 1, 1, 1, 1, 1, 0, 1, 2, 0, 0, 1, 0, 1, 1, 1, 1, 1, 3, 0, 1, 2, 2, 0, 2, 1, 1, 0, 2, 0, 1, 0, 1, 0, 2, 1, 2, 2, 1, 1, 0, 0, 2, 0, 0, 1, 1, 0, 0, 1, 1, 1, 2, 0, 0, 0, 1, 1, 0, 0, 1, 1, 1, 1, 1, 1, 1, 2, 1, 1, 2, 2, 1, 1, 1, 2, 2, 1, 1, 1, 3, 0, 1, 1, 0, 1, 2, 2, 1, 1, 0, 1, 1, 2, 2, 0, 2, 1, 1, 2, 3, 0, 0, 1, 1, 1, 2, 2, 1, 0, 3, 1, 0, 0, 1, 2, 1, 1, 1, 2, 1, 2, 1, 0, 2, 0, 1, 3, 1, 1, 0, 2, 1, 3, 2, 1, 1, 1, 1, 0, 2, 2, 4, 3, 0, 2, 1, 0, 1, 0, 1, 1, 0, 0, 1, 0, 0, 0, 1, 0, 0, 0, 4, 2, 0, 3, 0, 1, 1, 2, 3, 1, 0, 1, 1, 0, 2, 3, 0, 4, 1, 1, 0, 2, 0, 1, 2, 0, 0, 1, 1, 1, 0, 1, 1, 1, 3, 1, 1, 0, 1, 1, 2, 2, 0, 0, 1, 2, 2, 1, 0, 1, 0, 0, 2, 0, 1, 1, 0, 1, 0, 1, 0, 1, 1, 0, 2, 1, 0, 0, 1, 1, 4, 0, 3, 0, 0, 1, 1, 0, 1, 1, 0, 1, 2, 2, 0, 1, 0, 0, 0, 1, 1, 2, 1, 0, 1, 1, 2, 0, 0, 2, 0, 1, 0, 1, 0, 1, 1, 2, 0, 1, 0, 0, 1, 1, 1, 0, 1, 1, 1, 2, 2, 1, 3, 0, 1, 1, 1, 1, 1, 0, 1, 1, 1, 0, 0, 1, 1, 1, 1, 1, 1, 2, 1, 1, 0, 0, 1, 2, 1, 0, 2, 2, 1, 0, 0, 1, 0, 2, 1, 1, 0, 1, 1, 1, 0, 1, 0, 0, 1, 0, 0, 2, 1, 1, 2, 1, 2, 0, 1, 1, 1, 2, 2, 2, 0, 1, 1, 1, 0, 1, 1, 1, 2, 4, 1, 0, 1, 2, 0, 1, 1, 2, 1, 1, 0, 0, 1, 1, 1, 2, 0, 1, 3, 1, 1, 3, 3, 2, 3, 2, 2, 1, 0, 1, 1, 0, 0, 0, 2, 1, 3, 1, 1, 0, 2, 0, 1, 1, 1, 0, 1, 1, 1, 1, 1, 1, 4, 1, 1, 2, 1, 1, 1, 1, 0, 1, 0, 1, 1, 2, 0, 1, 0, 2, 2, 1, 1, 1, 2, 0, 2, 1, 0, 1, 0, 2, 0, 3, 0, 1, 1, 2, 2, 0, 1, 0, 2, 1, 4]

Mean:1.04
Median:1.0
Mode:1
Seed:4


[0, 0, 0, 0, 0, 1, 0, 1, 0, 0, 0, 0, 0, 0, 0, 0, 0, 0, 0, 0, 1, 0, 0, 0, 0, 0, 0, 0, 1, 0, 0, 0, 0, 0, 0, 0, 0, 0, 0, 0, 0, 0, 0, 0, 0, 0, 0, 0, 0, 0, 0, 0, 0, 0, 0, 0, 0, 0, 0, 1, 0, 0, 0, 0, 0, 0, 0, 0, 0, 1, 0, 0, 0, 0, 0, 0, 0, 0, 0, 0, 0, 0, 1, 0, 0, 0, 0, 0, 0, 0, 0, 0, 0, 0, 0, 0, 0, 1, 0, 0, 0, 0, 0, 0, 0, 1, 0, 0, 0, 0, 0, 0, 0, 0, 0, 0, 0, 0, 0, 0, 0, 0, 0, 0, 0, 0, 0, 0, 0, 0, 0, 0, 0, 0, 0, 0, 0, 0, 0, 0, 0, 0, 0, 0, 0, 0, 0, 0, 0, 0, 0, 0, 0, 0, 0, 0, 0, 0, 0, 0, 0, 1, 0, 1, 1, 0, 0, 0, 0, 0, 0, 0, 0, 0, 0, 0, 0, 0, 0, 0, 0, 0, 0, 0, 0, 0, 0, 0, 0, 0, 0, 0, 0, 0, 0, 0, 0, 1, 0, 0, 0, 0, 0, 0, 0, 0, 0, 0, 0, 0, 0, 0, 0, 0, 1, 0, 0, 0, 0, 0, 0, 0, 0, 0, 0, 0, 0, 0, 0, 0, 0, 0, 0, 0, 0, 0, 0, 0, 0, 0, 0, 0, 0, 0, 0, 0, 0, 0, 0, 0, 0, 0, 0, 0, 0, 0, 0, 0, 0, 0, 2, 0, 0, 0, 0, 0, 0, 0, 0, 0, 1, 0, 0, 0, 2, 0, 0, 0, 0, 0, 0, 0, 0, 0, 0, 0, 0, 0, 0, 0, 0, 0, 0, 0, 0, 0, 0, 0, 0, 0, 0, 0, 0, 0, 1, 0, 0, 0, 0, 0, 0, 0, 0, 0, 0, 0, 1, 0, 0, 0, 0, 0, 0, 0, 0, 0, 0, 0, 0, 0, 0, 0, 1, 0, 0, 0, 0, 0, 0, 0, 0, 0, 0, 0, 0, 0, 0, 0, 0, 1, 0, 0, 0, 0, 0, 0, 0, 0, 0, 0, 0, 0, 0, 0, 1, 0, 0, 0, 1, 0, 1, 0, 1, 0, 0, 0, 0, 0, 0, 0, 0, 0, 0, 0, 0, 0, 0, 1, 0, 0, 0, 0, 0, 0, 0, 0, 0, 0, 0, 0, 0, 0, 0, 0, 1, 0, 0, 1, 0, 0, 0, 0, 1, 0, 0, 0, 0, 0, 0, 0, 0, 0, 1, 0, 0, 0, 1, 0, 1, 0, 0, 1, 0, 0, 0, 0, 0, 0, 0, 0, 0, 0, 0, 0, 0, 0, 0, 0, 0, 0, 0, 0, 0, 0, 0, 0, 0, 0, 0, 0, 0, 0, 0, 0, 0, 0, 0, 0, 0, 0, 0, 0, 0, 0, 0, 0, 0, 0, 0, 0, 0, 0, 0, 0, 0, 0, 0, 0, 0, 0, 0, 0, 0, 0, 0, 0, 0, 0, 0, 0]

Mean:0.07
Median:0.0
Mode:0
Seed:214


[3, 2, 0, 0, 0, 1, 2, 0, 2, 3, 15, 7, 6, 2, 5, 0, 1, 9, 6, 5, 10, 0, 5, 0, 2, 14, 4, 4, 1, 2, 2, 5, 12, 0, 0, 1, 9, 8, 6, 1, 5, 0, 1, 0, 4, 1, 5, 0, 5, 0, 0, 4, 6, 4, 2, 2, 8, 5, 1, 1, 8, 5, 1, 6, 0, 4, 2, 3, 4, 1, 1, 5, 3, 11, 1, 10, 2, 1, 4, 9, 8, 4, 0, 1, 1, 1, 1, 1, 1, 5, 6, 2, 6, 2, 7, 0, 0, 4, 2, 0, 2, 4, 1, 1, 2, 1, 6, 9, 4, 6, 2, 1, 3, 2, 0, 8, 13, 9, 5, 3, 10, 2, 2, 1, 1, 1, 5, 6, 0, 3, 2, 4, 9, 9, 8, 3, 8, 0, 0, 5, 1, 7, 0, 3, 10, 10, 3, 1, 8, 3, 4, 7, 2, 13, 5, 2, 7, 5, 2, 4, 5, 11, 9, 4, 3, 1, 12, 0, 4, 3, 7, 2, 7, 0, 1, 0, 4, 0, 7, 2, 1, 5, 2, 0, 8, 3, 1, 5, 3, 0, 1, 0, 3, 2, 5, 3, 0, 6, 1, 1, 3, 3, 2, 1, 0, 2, 2, 4, 1, 3, 2, 1, 5, 0, 3, 5, 9, 3, 2, 2, 12, 7, 5, 3, 6, 1, 8, 3, 0, 1, 7, 1, 7, 3, 4, 1, 1, 0, 6, 6, 1, 9, 5, 2, 2, 0, 6, 4, 8, 11, 14, 0, 1, 3, 1, 1, 4, 7, 1, 8, 9, 1, 0, 1, 0, 1, 9, 11, 7, 10, 4, 3, 6, 8, 0, 10, 3, 3, 9, 3, 3, 1, 3, 4, 8, 5, 1, 3, 9, 0, 2, 5, 6, 4, 2, 6, 0, 3, 4, 3, 4, 1, 2, 4, 4, 1, 6, 1, 3, 5, 5, 10, 4, 2, 0, 0, 4, 2, 0, 0, 0, 1, 8, 2, 7, 9, 4, 0, 8, 4, 1, 4, 1, 3, 2, 7, 0, 3, 5, 0, 5, 3, 6, 3, 0, 5, 7, 8, 2, 16, 1, 3, 2, 1, 1, 3, 1, 1, 0, 1, 2, 2, 6, 0, 1, 1, 4, 11, 0, 6, 3, 2, 1, 6, 0, 1, 2, 0, 1, 9, 0, 3, 5, 3, 5, 0, 8, 10, 6, 7, 11, 2, 2, 8, 1, 4, 7, 1, 9, 3, 0, 1, 6, 9, 0, 3, 5, 8, 1, 8, 5, 0, 4, 4, 4, 2, 4, 8, 5, 6, 2, 1, 13, 5, 3, 7, 4, 4, 2, 8, 9, 2, 3, 1, 5, 3, 3, 6, 4, 2, 8, 2, 0, 0, 3, 1, 3, 6, 0, 0, 1, 5, 0, 6, 0, 7, 1, 0, 3, 8, 2, 5, 2, 3, 0, 4, 5, 0, 7, 1, 6, 0, 0, 2, 1, 2, 1, 11, 5, 4, 9, 0, 7, 9, 2, 3, 2, 0, 4, 4, 3, 11, 1, 11, 1, 2, 11, 6, 4, 0]

Mean:3.698
Median:3.0
Mode:1
Seed:111


[2, 0, 3, 0, 2, 1, 2, 3, 0, 1, 2, 0, 0, 2, 1, 2, 0, 0, 0, 2, 2, 0, 1, 1, 0, 2, 0, 0, 1, 0, 1, 1, 1, 1, 0, 1, 0, 1, 0, 1, 2, 1, 0, 1, 0, 1, 1, 0, 0, 1, 0, 2, 1, 2, 0, 1, 1, 1, 1, 1, 1, 1, 1, 0, 2, 2, 2, 2, 0, 0, 0, 0, 2, 3, 1, 0, 0, 2, 1, 0, 1, 1, 1, 4, 1, 2, 0, 1, 2, 1, 2, 3, 1, 4, 1, 1, 0, 2, 2, 0, 2, 1, 0, 0, 2, 1, 1, 3, 2, 3, 0, 0, 2, 0, 1, 0, 1, 0, 1, 0, 0, 1, 0, 1, 1, 1, 0, 0, 1, 1, 2, 0, 3, 0, 1, 0, 1, 1, 0, 0, 0, 1, 2, 0, 1, 2, 1, 1, 1, 1, 2, 1, 0, 1, 0, 1, 2, 2, 0, 2, 2, 3, 0, 1, 1, 0, 0, 0, 1, 1, 0, 0, 2, 1, 1, 0, 0, 2, 3, 0, 2, 1, 2, 0, 0, 2, 0, 0, 0, 0, 0, 0, 1, 0, 1, 2, 2, 2, 0, 0, 0, 3, 0, 2, 2, 1, 0, 1, 0, 0, 3, 0, 2, 0, 0, 0, 0, 0, 2, 1, 2, 0, 4, 0, 3, 1, 1, 1, 1, 2, 0, 1, 1, 0, 0, 1, 0, 2, 1, 0, 1, 2, 2, 2, 1, 0, 2, 1, 0, 1, 0, 0, 1, 2, 2, 0, 1, 0, 2, 2, 1, 1, 0, 0, 1, 0, 0, 2, 3, 0, 1, 0, 2, 3, 0, 0, 2, 2, 1, 1, 1, 1, 3, 2, 0, 0, 0, 3, 2, 0, 1, 0, 1, 0, 0, 0, 1, 1, 1, 2, 1, 1, 1, 0, 1, 3, 1, 0, 2, 0, 2, 2, 1, 0, 2, 1, 1, 0, 0, 0, 1, 1, 3, 1, 0, 0, 0, 1, 1, 0, 0, 1, 0, 0, 1, 3, 2, 0, 1, 1, 0, 2, 0, 1, 2, 2, 2, 1, 0, 1, 0, 0, 2, 1, 0, 1, 2, 1, 0, 0, 2, 0, 0, 0, 0, 1, 2, 2, 1, 2, 0, 0, 2, 0, 1, 1, 0, 0, 1, 0, 2, 0, 2, 0, 2, 1, 1, 0, 1, 1, 0, 0, 3, 0, 1, 2, 0, 0, 0, 0, 0, 1, 0, 1, 1, 2, 2, 1, 0, 2, 2, 0, 0, 2, 3, 2, 0, 0, 0, 0, 2, 0, 1, 1, 1, 1, 1, 1, 2, 0, 1, 0, 0, 1, 2, 0, 3, 2, 2, 3, 1, 0, 1, 0, 2, 1, 1, 0, 1, 1, 0, 2, 0, 2, 3, 0, 0, 0, 1, 0, 1, 2, 0, 1, 1, 2, 0, 1, 0, 1, 1, 0, 0, 0, 1, 0, 1, 3, 1, 2, 1, 0, 0, 1, 1, 2, 1, 0, 0, 1, 1, 2, 0, 0, 3, 2, 2, 1, 2, 0]

Mean:0.946
Median:1.0
Mode:0
Seed:179


[0, 1, 0, 0, 1, 0, 0, 0, 0, 0, 0, 0, 1, 0, 0, 0, 0, 0, 0, 0, 0, 0, 0, 1, 0, 0, 0, 0, 0, 0, 1, 0, 0, 1, 0, 0, 0, 0, 0, 0, 0, 0, 0, 0, 0, 0, 0, 0, 0, 0, 0, 0, 0, 0, 0, 0, 0, 0, 0, 0, 0, 0, 0, 0, 0, 1, 0, 0, 0, 0, 0, 0, 0, 0, 0, 0, 0, 0, 0, 0, 0, 0, 0, 0, 0, 0, 0, 0, 0, 0, 1, 0, 0, 0, 0, 1, 1, 0, 0, 0, 1, 0, 0, 0, 0, 0, 1, 1, 0, 0, 1, 0, 0, 0, 0, 0, 0, 0, 0, 0, 0, 0, 0, 0, 0, 0, 0, 0, 0, 0, 0, 0, 0, 0, 0, 0, 0, 0, 0, 0, 0, 0, 0, 0, 0, 0, 0, 0, 0, 1, 0, 0, 0, 0, 0, 1, 0, 0, 0, 0, 0, 0, 0, 0, 0, 0, 0, 0, 0, 0, 0, 0, 0, 0, 1, 0, 0, 0, 1, 0, 1, 0, 0, 0, 0, 0, 0, 0, 0, 0, 0, 0, 0, 0, 0, 0, 0, 0, 0, 0, 0, 0, 1, 0, 0, 1, 0, 0, 0, 0, 0, 0, 0, 0, 0, 0, 0, 0, 0, 0, 0, 0, 0, 0, 0, 0, 1, 0, 0, 0, 0, 0, 0, 0, 0, 0, 0, 0, 1, 0, 0, 0, 0, 0, 0, 0, 0, 0, 0, 0, 0, 0, 0, 0, 0, 0, 0, 0, 0, 0, 0, 0, 0, 0, 1, 0, 0, 0, 0, 0, 0, 0, 0, 0, 1, 0, 0, 0, 1, 0, 0, 1, 0, 0, 0, 0, 0, 0, 0, 0, 1, 0, 0, 0, 0, 0, 1, 0, 0, 0, 0, 0, 0, 0, 0, 0, 0, 0, 0, 0, 1, 0, 1, 0, 0, 0, 0, 0, 0, 0, 0, 0, 0, 0, 0, 0, 0, 0, 0, 0, 0, 0, 1, 0, 0, 0, 0, 0, 0, 0, 0, 0, 0, 0, 0, 0, 0, 1, 0, 0, 0, 0, 0, 0, 0, 0, 0, 0, 0, 0, 0, 0, 0, 1, 0, 0, 0, 0, 0, 0, 1, 1, 0, 0, 0, 0, 1, 0, 0, 0, 0, 0, 1, 0, 0, 0, 0, 0, 0, 0, 0, 0, 0, 0, 0, 0, 1, 0, 0, 0, 1, 0, 0, 0, 0, 0, 0, 0, 0, 0, 0, 0, 1, 0, 0, 0, 0, 0, 0, 0, 0, 0, 0, 0, 0, 0, 0, 0, 0, 0, 0, 0, 0, 0, 1, 0, 0, 1, 0, 0, 0, 0, 0, 0, 0, 0, 0, 0, 0, 0, 0, 0, 0, 0, 0, 0, 0, 0, 0, 0, 0, 0, 0, 0, 0, 0, 0, 0, 0, 0, 0, 0, 0, 0, 0, 0, 0, 0, 0, 0, 0, 0, 0, 0, 1, 0, 1, 0, 0, 0, 0, 0, 0, 0, 0, 0, 0, 0, 0, 0]

Mean:0.09
Median:0.0
Mode:0
Seed:367


[0, 2, 1, 2, 1, 1, 4, 0, 1, 0, 1, 0, 0, 1, 1, 0, 4, 0, 1, 0, 0, 12, 4, 0, 4, 0, 0, 0, 0, 1, 2, 0, 0, 2, 0, 1, 4, 1, 3, 6, 5, 0, 0, 5, 0, 0, 10, 0, 3, 2, 3, 3, 0, 0, 0, 3, 0, 0, 2, 0, 4, 1, 6, 0, 1, 0, 7, 0, 1, 0, 0, 2, 3, 1, 9, 1, 0, 0, 0, 0, 3, 2, 3, 1, 0, 5, 0, 0, 0, 1, 0, 0, 0, 2, 1, 2, 2, 0, 0, 5, 1, 4, 0, 1, 0, 0, 0, 1, 0, 0, 0, 0, 0, 1, 0, 0, 0, 0, 2, 2, 0, 0, 1, 0, 0, 10, 0, 0, 1, 0, 0, 0, 0, 1, 0, 5, 6, 3, 0, 4, 0, 0, 0, 5, 0, 1, 1, 5, 0, 0, 1, 3, 0, 0, 4, 0, 2, 2, 0, 2, 7, 0, 9, 0, 2, 0, 2, 2, 0, 2, 0, 0, 1, 0, 2, 1, 0, 2, 1, 3, 1, 1, 0, 1, 3, 1, 1, 0, 2, 0, 2, 0, 1, 0, 0, 0, 3, 0, 1, 0, 2, 3, 4, 3, 0, 0, 1, 2, 0, 0, 0, 2, 5, 0, 2, 0, 2, 7, 0, 0, 0, 1, 3, 1, 0, 5, 1, 8, 1, 4, 2, 0, 1, 3, 0, 8, 0, 3, 4, 4, 0, 1, 0, 0, 0, 5, 0, 1, 4, 2, 1, 0, 0, 5, 0, 0, 1, 0, 0, 0, 0, 1, 5, 0, 0, 1, 0, 3, 1, 0, 0, 6, 1, 9, 2, 0, 2, 1, 0, 0, 5, 0, 0, 0, 3, 0, 0, 2, 0, 2, 2, 2, 0, 6, 1, 0, 5, 2, 2, 0, 2, 1, 4, 1, 4, 1, 1, 1, 0, 0, 2, 0, 0, 0, 1, 3, 4, 0, 5, 3, 0, 0, 2, 0, 0, 1, 0, 0, 1, 0, 1, 2, 0, 2, 3, 0, 4, 1, 2, 0, 0, 1, 0, 6, 2, 1, 1, 0, 4, 0, 1, 2, 1, 1, 8, 4, 3, 0, 0, 2, 3, 2, 1, 0, 0, 10, 0, 0, 2, 2, 4, 1, 0, 3, 0, 1, 1, 0, 0, 4, 0, 4, 2, 1, 0, 0, 3, 1, 0, 1, 2, 0, 2, 5, 2, 0, 1, 1, 6, 0, 0, 0, 0, 2, 2, 0, 0, 1, 0, 0, 1, 1, 5, 1, 0, 0, 0, 0, 4, 0, 1, 0, 0, 1, 0, 1, 7, 0, 1, 0, 0, 2, 0, 0, 0, 0, 3, 0, 7, 1, 2, 3, 3, 8, 0, 0, 3, 2, 1, 0, 2, 1, 0, 5, 1, 0, 0, 0, 1, 1, 0, 1, 1, 0, 3, 0, 10, 0, 1, 2, 9, 1, 1, 1, 3, 0, 1, 0, 1, 14, 9, 3, 0, 6, 6, 6, 0, 2, 4, 0, 1, 1, 0, 0, 0, 1, 1, 0, 2, 0]

Mean:1.528
Median:1.0
Mode:0
Seed:907


[0, 3, 3, 2, 0, 2, 1, 3, 4, 1, 3, 0, 3, 0, 0, 0, 0, 0, 4, 0, 0, 0, 3, 1, 0, 1, 2, 1, 0, 0, 5, 1, 1, 1, 1, 0, 0, 0, 2, 0, 3, 1, 2, 2, 2, 2, 3, 3, 0, 1, 0, 1, 2, 1, 0, 2, 1, 4, 2, 1, 0, 0, 3, 5, 0, 1, 0, 1, 9, 1, 5, 0, 0, 0, 1, 0, 3, 1, 1, 2, 3, 1, 2, 3, 2, 4, 0, 3, 5, 4, 0, 2, 2, 0, 4, 2, 2, 0, 0, 2, 3, 1, 0, 1, 0, 2, 0, 1, 0, 5, 0, 1, 4, 6, 1, 5, 0, 2, 2, 1, 5, 0, 0, 2, 3, 0, 0, 0, 0, 3, 1, 2, 3, 1, 3, 2, 2, 0, 0, 0, 2, 0, 4, 2, 2, 1, 2, 1, 2, 4, 3, 0, 0, 5, 2, 3, 0, 3, 1, 1, 6, 0, 1, 2, 0, 1, 0, 5, 0, 0, 2, 4, 1, 2, 0, 0, 4, 0, 0, 9, 2, 3, 0, 1, 3, 0, 6, 1, 1, 1, 2, 2, 0, 0, 5, 2, 0, 2, 0, 0, 1, 3, 4, 2, 0, 0, 0, 1, 3, 1, 1, 1, 1, 0, 3, 0, 1, 1, 7, 0, 0, 2, 0, 3, 1, 0, 1, 6, 3, 2, 4, 0, 1, 5, 4, 2, 1, 7, 5, 0, 1, 0, 1, 1, 2, 0, 0, 4, 3, 0, 0, 1, 1, 5, 0, 0, 0, 0, 0, 0, 0, 3, 6, 2, 0, 1, 2, 0, 0, 6, 2, 2, 4, 1, 0, 1, 1, 3, 0, 0, 2, 1, 2, 0, 1, 0, 7, 0, 0, 1, 1, 2, 1, 6, 1, 2, 1, 1, 3, 0, 0, 3, 3, 0, 4, 1, 2, 0, 2, 0, 3, 0, 0, 0, 0, 0, 0, 4, 1, 0, 1, 3, 0, 3, 3, 0, 1, 2, 0, 2, 3, 7, 5, 1, 2, 0, 4, 1, 2, 1, 2, 1, 2, 5, 5, 1, 1, 2, 1, 0, 0, 5, 0, 2, 8, 1, 0, 3, 0, 3, 4, 0, 4, 3, 2, 1, 2, 0, 0, 0, 0, 2, 1, 0, 6, 0, 2, 0, 4, 3, 1, 1, 1, 1, 1, 3, 2, 0, 3, 0, 0, 0, 1, 0, 3, 1, 0, 0, 0, 2, 1, 0, 0, 2, 2, 1, 2, 3, 1, 0, 3, 0, 1, 0, 2, 0, 4, 4, 3, 2, 4, 0, 3, 10, 1, 0, 1, 1, 0, 1, 0, 3, 3, 0, 3, 2, 4, 1, 1, 1, 0, 2, 0, 0, 4, 1, 2, 0, 1, 0, 1, 2, 1, 1, 1, 0, 0, 2, 0, 1, 4, 4, 3, 3, 0, 2, 0, 0, 4, 0, 6, 1, 1, 1, 2, 0, 1, 1, 2, 1, 0, 2, 2, 1, 3, 3, 3, 2, 3, 4, 0, 1, 0, 2, 1, 0, 0, 1, 0, 0]

Mean:1.596
Median:1.0
Mode:0
Seed:45


[0, 1, 0, 1, 0, 1, 2, 1, 0, 1, 1, 0, 1, 1, 0, 0, 1, 1, 2, 1, 0, 0, 0, 1, 2, 1, 1, 0, 0, 1, 0, 1, 0, 1, 0, 1, 0, 0, 1, 1, 3, 2, 1, 0, 1, 0, 2, 1, 1, 1, 1, 1, 0, 2, 1, 2, 1, 0, 1, 1, 1, 1, 1, 1, 1, 0, 1, 3, 1, 0, 1, 1, 2, 1, 2, 2, 0, 1, 0, 2, 1, 0, 1, 1, 0, 1, 0, 3, 0, 0, 1, 1, 0, 2, 1, 0, 1, 0, 1, 0, 2, 2, 0, 2, 1, 1, 0, 2, 0, 1, 2, 0, 3, 1, 0, 2, 3, 1, 1, 0, 0, 0, 3, 0, 2, 0, 1, 1, 1, 1, 1, 0, 1, 0, 0, 0, 2, 1, 0, 1, 1, 1, 2, 0, 0, 1, 0, 1, 1, 0, 1, 1, 1, 1, 0, 2, 0, 1, 2, 2, 0, 0, 1, 0, 0, 1, 2, 0, 0, 0, 0, 1, 1, 2, 3, 0, 1, 1, 1, 1, 0, 2, 1, 0, 2, 0, 0, 1, 2, 0, 1, 0, 1, 0, 1, 1, 1, 0, 0, 0, 1, 1, 0, 1, 0, 2, 1, 1, 1, 1, 0, 1, 1, 2, 1, 2, 1, 2, 2, 2, 1, 0, 1, 1, 0, 1, 0, 2, 0, 0, 0, 2, 1, 1, 2, 3, 1, 1, 0, 4, 1, 3, 2, 1, 2, 1, 1, 1, 0, 4, 0, 0, 1, 1, 0, 2, 0, 0, 0, 1, 1, 1, 0, 0, 2, 0, 2, 0, 0, 1, 0, 3, 0, 1, 0, 0, 1, 2, 0, 1, 1, 1, 1, 0, 1, 1, 1, 1, 0, 1, 1, 0, 0, 1, 0, 1, 1, 1, 0, 2, 1, 3, 0, 1, 0, 0, 1, 1, 0, 0, 2, 1, 2, 1, 1, 3, 0, 1, 1, 0, 1, 1, 1, 2, 1, 1, 0, 1, 1, 0, 2, 1, 1, 1, 1, 1, 2, 1, 2, 0, 1, 0, 0, 2, 0, 4, 1, 1, 4, 1, 1, 0, 0, 0, 1, 2, 1, 1, 2, 2, 0, 0, 0, 0, 0, 0, 1, 1, 0, 0, 0, 1, 0, 1, 1, 0, 0, 2, 1, 1, 0, 2, 0, 2, 0, 2, 0, 0, 1, 1, 0, 0, 1, 1, 1, 2, 2, 2, 1, 1, 1, 1, 2, 0, 1, 1, 0, 1, 0, 1, 0, 2, 0, 2, 0, 1, 1, 1, 2, 1, 1, 1, 1, 1, 3, 0, 1, 0, 0, 0, 0, 1, 1, 0, 2, 1, 1, 0, 0, 1, 0, 2, 2, 1, 2, 1, 0, 1, 0, 1, 0, 3, 1, 1, 0, 0, 0, 1, 1, 1, 1, 1, 1, 2, 1, 1, 1, 2, 0, 1, 0, 0, 1, 0, 0, 0, 1, 1, 0, 2, 1, 1, 2, 0, 3, 1, 0, 0, 1, 1, 1, 1, 1, 0, 2, 2, 2, 0, 1, 0]

Mean:0.886
Median:1.0
Mode:1
Seed:562


[0, 0, 1, 1, 2, 0, 2, 1, 0, 1, 1, 1, 0, 1, 1, 1, 1, 1, 1, 0, 0, 0, 1, 1, 0, 1, 1, 1, 0, 1, 3, 3, 0, 1, 0, 1, 0, 0, 2, 0, 1, 2, 1, 0, 0, 0, 1, 0, 0, 0, 0, 2, 1, 1, 1, 1, 1, 1, 1, 1, 0, 2, 1, 0, 0, 1, 0, 0, 1, 0, 1, 0, 2, 2, 0, 0, 2, 0, 1, 1, 0, 2, 2, 0, 0, 2, 1, 0, 2, 1, 1, 1, 1, 2, 0, 3, 2, 1, 0, 0, 1, 1, 1, 2, 1, 0, 1, 1, 0, 1, 1, 1, 1, 0, 0, 2, 1, 3, 1, 1, 1, 0, 0, 0, 3, 1, 1, 0, 0, 0, 1, 1, 2, 1, 0, 0, 1, 1, 3, 1, 3, 0, 2, 1, 0, 1, 0, 1, 0, 0, 1, 1, 1, 0, 0, 1, 1, 1, 1, 0, 1, 0, 1, 2, 1, 0, 0, 2, 0, 0, 1, 1, 1, 0, 0, 0, 0, 0, 0, 1, 1, 0, 1, 2, 1, 1, 1, 1, 1, 1, 0, 3, 0, 1, 1, 5, 0, 2, 1, 2, 0, 1, 1, 1, 1, 1, 0, 2, 0, 0, 2, 1, 1, 0, 0, 0, 2, 0, 2, 1, 1, 0, 0, 0, 0, 1, 1, 0, 0, 2, 2, 0, 2, 1, 0, 2, 0, 0, 1, 1, 1, 0, 1, 1, 0, 1, 1, 1, 2, 0, 4, 2, 2, 0, 0, 1, 0, 0, 1, 2, 0, 0, 0, 0, 0, 1, 1, 0, 1, 1, 1, 1, 0, 2, 1, 1, 2, 3, 0, 1, 1, 1, 1, 1, 0, 1, 0, 1, 1, 1, 2, 1, 0, 1, 1, 0, 1, 1, 1, 1, 1, 0, 2, 0, 2, 1, 0, 1, 1, 1, 0, 0, 1, 0, 2, 1, 2, 0, 1, 1, 0, 0, 1, 1, 2, 1, 1, 2, 1, 2, 1, 1, 1, 1, 1, 1, 1, 0, 2, 1, 0, 1, 0, 0, 0, 0, 0, 1, 1, 2, 1, 0, 0, 1, 0, 2, 0, 2, 1, 1, 1, 1, 1, 2, 0, 1, 0, 1, 1, 0, 1, 1, 1, 1, 1, 0, 1, 1, 1, 1, 1, 0, 1, 1, 1, 0, 1, 0, 0, 1, 1, 0, 2, 0, 1, 0, 1, 0, 1, 1, 1, 1, 1, 4, 1, 1, 1, 2, 1, 1, 1, 1, 0, 1, 3, 1, 0, 1, 2, 1, 0, 1, 1, 1, 2, 1, 1, 2, 0, 3, 2, 2, 1, 1, 1, 1, 0, 1, 0, 1, 1, 1, 1, 0, 0, 1, 2, 2, 0, 2, 1, 1, 1, 0, 1, 1, 1, 1, 2, 0, 2, 1, 2, 2, 0, 0, 2, 1, 0, 1, 0, 1, 0, 1, 1, 1, 1, 1, 2, 1, 1, 1, 2, 0, 0, 0, 1, 0, 1, 1, 0, 0, 1, 2, 1, 2, 3, 1, 1, 0]

Mean:0.876
Median:1.0
Mode:1
Seed:166


[3, 3, 0, 5, 5, 2, 4, 2, 4, 1, 2, 0, 1, 2, 6, 1, 5, 1, 2, 4, 2, 2, 4, 2, 0, 2, 0, 7, 3, 8, 1, 6, 0, 6, 5, 3, 3, 6, 1, 2, 1, 5, 4, 2, 0, 1, 2, 0, 6, 4, 4, 1, 4, 2, 2, 8, 0, 5, 0, 2, 5, 3, 1, 2, 2, 0, 3, 4, 2, 1, 11, 2, 2, 5, 1, 2, 0, 1, 1, 1, 4, 1, 0, 9, 0, 1, 1, 1, 9, 2, 3, 2, 5, 1, 2, 4, 6, 2, 7, 6, 1, 1, 1, 3, 0, 3, 3, 1, 1, 0, 6, 6, 1, 3, 1, 2, 6, 5, 1, 3, 6, 1, 3, 0, 3, 3, 1, 11, 7, 0, 0, 7, 3, 2, 3, 2, 2, 4, 2, 4, 5, 1, 0, 0, 0, 2, 1, 2, 4, 0, 2, 0, 5, 2, 1, 2, 0, 0, 1, 6, 4, 7, 3, 7, 1, 0, 1, 2, 1, 1, 0, 0, 3, 6, 3, 1, 2, 1, 0, 1, 0, 2, 4, 3, 0, 3, 3, 1, 4, 0, 8, 2, 2, 4, 0, 3, 5, 1, 8, 1, 10, 5, 2, 3, 11, 4, 8, 2, 1, 4, 5, 0, 2, 0, 2, 4, 2, 3, 0, 7, 3, 3, 5, 3, 4, 1, 4, 3, 4, 0, 0, 4, 3, 2, 2, 2, 0, 3, 5, 1, 1, 2, 2, 0, 0, 3, 4, 4, 2, 1, 0, 2, 0, 4, 6, 1, 3, 2, 2, 2, 0, 0, 0, 0, 0, 0, 2, 1, 1, 0, 3, 3, 3, 3, 5, 7, 3, 2, 2, 5, 9, 3, 4, 4, 1, 3, 9, 6, 1, 1, 6, 2, 1, 2, 1, 8, 0, 1, 1, 2, 0, 3, 4, 1, 0, 7, 7, 0, 5, 0, 4, 14, 1, 3, 1, 8, 7, 2, 3, 4, 1, 5, 6, 4, 0, 1, 0, 0, 2, 3, 6, 4, 0, 0, 2, 2, 4, 4, 0, 2, 1, 8, 1, 3, 3, 2, 5, 2, 2, 4, 0, 6, 1, 4, 1, 3, 0, 6, 2, 5, 0, 1, 4, 5, 3, 1, 2, 4, 0, 2, 3, 6, 11, 3, 1, 3, 1, 2, 1, 3, 0, 7, 1, 1, 1, 0, 2, 0, 3, 1, 0, 0, 1, 5, 7, 3, 1, 1, 2, 0, 1, 1, 1, 10, 4, 3, 1, 6, 4, 0, 5, 0, 2, 0, 2, 6, 3, 0, 4, 1, 5, 4, 6, 6, 5, 1, 1, 7, 0, 3, 1, 4, 7, 6, 1, 4, 2, 3, 1, 6, 2, 2, 2, 2, 1, 5, 1, 1, 3, 0, 2, 2, 3, 3, 0, 5, 2, 0, 1, 2, 1, 0, 0, 1, 1, 1, 5, 4, 6, 1, 4, 2, 2, 5, 4, 3, 3, 2, 2, 4, 5, 3, 1, 0, 5, 0, 1, 0, 5, 0, 0, 0, 2, 0, 2, 0, 2, 5, 0, 0]

Mean:2.64
Median:2.0
Mode:1
Seed:675


[1, 0, 0, 0, 0, 0, 0, 0, 0, 0, 0, 0, 0, 0, 0, 1, 1, 0, 0, 0, 0, 0, 0, 1, 1, 1, 1, 0, 0, 0, 0, 0, 0, 0, 0, 0, 0, 0, 0, 1, 0, 1, 1, 0, 0, 0, 0, 0, 0, 0, 0, 0, 1, 0, 0, 0, 0, 1, 0, 0, 1, 1, 0, 0, 0, 0, 0, 0, 0, 0, 0, 0, 0, 1, 0, 0, 1, 1, 0, 2, 0, 0, 0, 0, 0, 0, 0, 0, 1, 1, 1, 0, 0, 0, 1, 0, 0, 1, 1, 0, 0, 0, 1, 0, 0, 0, 0, 1, 0, 0, 0, 0, 0, 0, 0, 0, 0, 0, 0, 0, 0, 0, 0, 0, 0, 0, 0, 0, 1, 0, 0, 0, 0, 0, 1, 0, 0, 0, 1, 1, 0, 0, 0, 1, 0, 0, 1, 0, 0, 0, 0, 1, 0, 0, 0, 0, 0, 1, 0, 0, 0, 0, 0, 0, 0, 0, 2, 1, 0, 0, 0, 0, 0, 0, 0, 0, 0, 0, 0, 0, 0, 0, 1, 0, 0, 0, 1, 1, 0, 0, 0, 0, 0, 0, 0, 0, 0, 0, 0, 0, 0, 0, 0, 1, 0, 0, 1, 0, 0, 0, 0, 0, 1, 0, 0, 0, 0, 0, 0, 0, 0, 1, 0, 0, 0, 2, 0, 0, 0, 0, 0, 0, 0, 0, 0, 0, 0, 0, 0, 0, 1, 0, 0, 0, 1, 0, 0, 1, 1, 1, 1, 0, 0, 0, 0, 0, 0, 0, 0, 1, 0, 0, 1, 0, 0, 0, 0, 0, 0, 0, 0, 1, 0, 0, 1, 0, 0, 0, 0, 0, 0, 0, 0, 0, 1, 0, 0, 0, 1, 1, 0, 0, 0, 0, 1, 0, 0, 0, 0, 0, 0, 0, 0, 1, 0, 0, 0, 1, 0, 1, 0, 1, 0, 0, 0, 0, 0, 0, 0, 0, 1, 0, 1, 0, 2, 0, 0, 0, 0, 0, 0, 1, 0, 0, 0, 0, 1, 0, 0, 1, 0, 0, 0, 0, 0, 0, 1, 0, 1, 0, 0, 0, 1, 0, 0, 1, 1, 0, 0, 0, 0, 0, 0, 0, 1, 0, 0, 1, 1, 1, 0, 0, 1, 0, 0, 0, 2, 1, 0, 0, 0, 0, 0, 0, 0, 1, 0, 0, 0, 0, 0, 0, 1, 1, 0, 0, 0, 0, 0, 0, 0, 0, 0, 0, 0, 0, 1, 0, 0, 0, 0, 0, 0, 0, 1, 0, 0, 1, 0, 0, 0, 0, 0, 0, 0, 0, 0, 0, 0, 0, 0, 0, 0, 1, 1, 0, 0, 0, 0, 0, 1, 0, 1, 0, 0, 0, 0, 1, 0, 1, 0, 0, 0, 0, 0, 0, 0, 1, 0, 1, 0, 0, 0, 0, 0, 0, 1, 0, 0, 0, 0, 0, 0, 0, 0, 0, 0, 0, 0, 0, 0, 0, 1, 0, 0, 0, 0, 1, 0, 0, 1, 0, 1, 0, 0, 0, 0, 0, 0, 1]

Mean:0.21
Median:0.0
Mode:0
Seed:542


[0, 1, 0, 0, 0, 1, 0, 0, 1, 0, 1, 0, 0, 1, 0, 0, 0, 1, 1, 1, 0, 1, 1, 0, 0, 1, 1, 0, 0, 0, 1, 0, 1, 0, 0, 1, 1, 0, 0, 0, 0, 0, 0, 1, 0, 0, 1, 0, 0, 0, 0, 0, 0, 0, 2, 1, 0, 0, 0, 0, 0, 0, 1, 2, 0, 0, 0, 1, 2, 0, 0, 0, 1, 1, 0, 0, 2, 0, 1, 0, 0, 0, 1, 3, 0, 0, 0, 1, 0, 0, 0, 1, 1, 1, 0, 3, 3, 0, 0, 2, 0, 0, 0, 0, 1, 0, 1, 0, 1, 2, 0, 0, 1, 0, 1, 0, 0, 1, 0, 0, 1, 1, 0, 0, 1, 0, 0, 0, 0, 0, 1, 0, 1, 0, 1, 0, 0, 0, 0, 1, 0, 1, 1, 0, 0, 0, 0, 1, 1, 0, 0, 0, 2, 0, 0, 0, 0, 0, 0, 0, 1, 0, 0, 0, 1, 0, 0, 0, 0, 0, 0, 0, 1, 0, 0, 0, 1, 0, 2, 1, 0, 0, 0, 1, 1, 0, 0, 0, 1, 0, 0, 0, 0, 0, 0, 3, 0, 0, 1, 1, 0, 1, 2, 2, 0, 0, 0, 0, 0, 1, 0, 2, 0, 0, 0, 0, 0, 1, 0, 0, 0, 0, 0, 0, 0, 0, 0, 0, 0, 1, 0, 0, 0, 0, 0, 0, 0, 0, 1, 1, 0, 0, 0, 0, 0, 0, 0, 0, 0, 0, 0, 0, 1, 1, 0, 1, 1, 0, 0, 1, 0, 0, 0, 1, 1, 0, 0, 1, 2, 0, 0, 0, 2, 0, 0, 0, 0, 0, 0, 1, 0, 0, 1, 3, 0, 0, 1, 1, 1, 0, 0, 0, 0, 0, 1, 1, 0, 0, 0, 1, 1, 0, 0, 0, 0, 0, 0, 0, 0, 1, 0, 0, 0, 0, 0, 0, 1, 1, 0, 1, 1, 0, 0, 1, 0, 0, 0, 0, 0, 0, 0, 0, 0, 0, 1, 0, 0, 0, 0, 2, 0, 0, 0, 1, 2, 0, 1, 1, 0, 0, 0, 1, 0, 1, 0, 0, 0, 0, 1, 0, 0, 0, 0, 0, 1, 2, 0, 1, 0, 0, 0, 0, 0, 2, 1, 2, 0, 0, 0, 0, 0, 0, 1, 1, 0, 1, 0, 0, 1, 1, 1, 0, 0, 0, 0, 2, 0, 0, 0, 1, 0, 0, 2, 0, 1, 1, 0, 0, 0, 0, 0, 0, 1, 1, 0, 0, 0, 1, 1, 1, 1, 0, 0, 2, 0, 0, 1, 0, 1, 0, 0, 0, 0, 0, 2, 1, 0, 1, 0, 0, 0, 0, 1, 0, 0, 0, 0, 0, 0, 0, 0, 1, 0, 0, 1, 0, 0, 1, 0, 0, 0, 0, 0, 1, 0, 0, 0, 0, 0, 1, 1, 0, 1, 0, 0, 0, 2, 0, 1, 0, 1, 0, 0, 0, 0, 0, 1, 0, 1, 0, 0, 0, 0, 1, 0, 1, 0, 0, 0, 1]

Mean:0.38
Median:0.0
Mode:0
Seed:298


[2, 1, 1, 0, 1, 2, 1, 1, 0, 0, 1, 2, 1, 1, 0, 1, 1, 0, 1, 2, 1, 1, 1, 0, 1, 1, 2, 2, 1, 0, 1, 0, 0, 1, 2, 1, 1, 0, 1, 0, 2, 0, 1, 0, 1, 0, 2, 2, 1, 1, 0, 1, 1, 0, 0, 2, 0, 0, 0, 1, 2, 2, 0, 1, 1, 1, 1, 1, 1, 0, 1, 0, 0, 0, 0, 0, 0, 1, 1, 1, 1, 1, 3, 1, 2, 1, 1, 1, 1, 1, 0, 3, 1, 0, 0, 0, 0, 2, 1, 0, 1, 0, 1, 0, 1, 0, 1, 2, 0, 0, 1, 0, 1, 0, 1, 0, 2, 0, 1, 1, 0, 1, 2, 1, 1, 1, 1, 0, 0, 1, 1, 0, 3, 0, 1, 3, 1, 0, 1, 1, 0, 1, 1, 1, 1, 1, 0, 1, 2, 1, 1, 0, 0, 1, 1, 1, 1, 0, 0, 0, 0, 0, 1, 1, 0, 0, 1, 1, 0, 0, 0, 0, 0, 2, 1, 0, 1, 2, 0, 1, 1, 0, 1, 0, 0, 0, 2, 2, 1, 0, 0, 1, 0, 0, 2, 2, 0, 0, 1, 1, 1, 2, 1, 1, 1, 0, 0, 0, 0, 2, 0, 1, 1, 1, 1, 0, 2, 1, 1, 0, 1, 1, 1, 0, 1, 0, 1, 0, 1, 0, 1, 2, 0, 1, 0, 0, 1, 1, 1, 2, 0, 1, 0, 0, 1, 1, 1, 2, 0, 2, 1, 2, 0, 1, 1, 1, 0, 1, 1, 2, 1, 0, 2, 0, 0, 1, 0, 0, 2, 1, 0, 0, 0, 1, 0, 1, 1, 1, 1, 0, 1, 1, 0, 0, 0, 1, 1, 2, 0, 0, 1, 1, 1, 1, 1, 1, 1, 0, 1, 0, 0, 1, 1, 0, 1, 2, 2, 0, 1, 1, 0, 1, 0, 1, 0, 2, 1, 0, 2, 0, 0, 0, 1, 1, 1, 0, 1, 1, 0, 0, 1, 0, 2, 2, 1, 1, 1, 1, 1, 0, 1, 1, 0, 1, 1, 1, 1, 1, 0, 2, 1, 1, 0, 3, 2, 1, 0, 1, 1, 1, 2, 1, 1, 0, 1, 1, 1, 0, 1, 2, 1, 1, 1, 1, 2, 0, 0, 0, 0, 1, 1, 2, 1, 1, 0, 1, 1, 1, 1, 1, 0, 1, 0, 0, 1, 2, 2, 1, 1, 0, 1, 2, 1, 3, 0, 0, 0, 0, 0, 1, 1, 1, 0, 1, 1, 1, 1, 2, 1, 0, 0, 2, 1, 1, 0, 1, 1, 2, 1, 1, 0, 1, 2, 0, 0, 0, 0, 0, 0, 0, 1, 0, 1, 1, 1, 1, 0, 0, 0, 0, 2, 1, 1, 0, 1, 0, 1, 0, 1, 1, 0, 0, 1, 1, 2, 1, 0, 0, 0, 1, 1, 2, 1, 1, 2, 0, 0, 1, 0, 2, 0, 1, 1, 0, 1, 1, 1, 0, 1, 0, 1, 0, 1, 1, 0, 1, 0, 0, 0, 1]

Mean:0.774
Median:1.0
Mode:1
Seed:927


[0, 0, 0, 0, 0, 1, 0, 0, 0, 1, 0, 0, 0, 0, 0, 0, 0, 0, 1, 0, 2, 0, 0, 0, 0, 0, 0, 0, 0, 1, 0, 0, 0, 0, 0, 0, 0, 0, 0, 0, 0, 0, 0, 1, 1, 0, 0, 0, 0, 0, 0, 0, 1, 1, 0, 0, 0, 0, 0, 0, 0, 0, 0, 0, 1, 0, 0, 0, 0, 0, 0, 0, 0, 0, 0, 0, 0, 1, 0, 0, 1, 0, 0, 0, 0, 1, 0, 0, 0, 0, 0, 0, 0, 0, 0, 0, 1, 0, 0, 0, 0, 0, 0, 0, 0, 0, 0, 0, 0, 1, 0, 0, 1, 0, 0, 1, 0, 0, 0, 0, 0, 0, 0, 0, 0, 0, 0, 0, 0, 0, 0, 0, 0, 0, 2, 0, 0, 0, 1, 0, 0, 0, 0, 0, 0, 1, 0, 0, 0, 0, 0, 0, 0, 0, 0, 0, 1, 0, 0, 0, 0, 0, 0, 0, 0, 2, 0, 0, 0, 0, 0, 0, 0, 0, 0, 0, 0, 1, 0, 0, 0, 0, 0, 0, 0, 0, 0, 1, 0, 1, 0, 0, 0, 0, 0, 0, 0, 0, 0, 0, 1, 0, 0, 0, 0, 1, 0, 0, 1, 0, 2, 1, 0, 1, 0, 0, 0, 0, 1, 0, 0, 0, 0, 0, 0, 0, 0, 0, 0, 0, 0, 0, 0, 1, 0, 0, 0, 0, 0, 0, 0, 0, 0, 1, 1, 0, 0, 0, 0, 0, 1, 1, 0, 0, 0, 1, 0, 0, 0, 0, 0, 0, 0, 0, 0, 0, 0, 0, 0, 0, 0, 0, 0, 0, 0, 0, 0, 1, 0, 0, 0, 0, 0, 0, 0, 0, 0, 1, 0, 0, 0, 1, 0, 0, 0, 0, 1, 0, 1, 0, 0, 0, 0, 0, 1, 0, 0, 0, 1, 0, 1, 0, 0, 0, 0, 0, 0, 1, 0, 1, 0, 0, 0, 0, 0, 0, 0, 0, 0, 0, 0, 0, 0, 0, 0, 0, 0, 0, 0, 0, 0, 0, 0, 0, 0, 0, 0, 0, 0, 0, 0, 0, 0, 1, 0, 0, 0, 0, 0, 0, 0, 0, 0, 0, 0, 1, 0, 0, 0, 0, 0, 0, 0, 0, 0, 0, 0, 1, 0, 0, 0, 0, 1, 0, 0, 0, 0, 0, 0, 1, 0, 1, 0, 0, 0, 0, 0, 0, 0, 1, 0, 0, 0, 0, 0, 0, 0, 1, 0, 1, 0, 0, 0, 0, 0, 0, 0, 0, 0, 0, 0, 0, 0, 0, 0, 0, 1, 1, 0, 0, 2, 0, 0, 0, 0, 0, 0, 0, 0, 0, 0, 0, 0, 1, 0, 0, 0, 0, 0, 1, 0, 0, 0, 0, 1, 0, 0, 0, 0, 0, 0, 0, 0, 0, 0, 0, 0, 0, 0, 0, 0, 0, 1, 0, 0, 1, 0, 0, 0, 0, 0, 0, 0, 0, 0, 0, 0, 0, 0, 1, 0, 0, 0, 0, 0, 0, 0, 0, 0, 0]

Mean:0.142
Median:0.0
Mode:0
Seed:187


[2, 0, 0, 3, 0, 2, 1, 1, 0, 2, 1, 0, 2, 0, 1, 1, 1, 1, 3, 0, 1, 3, 1, 1, 2, 2, 0, 2, 1, 1, 0, 2, 0, 1, 2, 3, 3, 1, 2, 0, 0, 2, 0, 1, 1, 2, 1, 0, 1, 2, 1, 0, 1, 3, 1, 0, 1, 2, 0, 1, 2, 0, 1, 1, 2, 1, 0, 1, 1, 3, 2, 1, 2, 1, 0, 2, 1, 1, 2, 2, 2, 1, 2, 2, 2, 1, 1, 2, 0, 2, 1, 1, 1, 0, 1, 1, 1, 1, 2, 1, 0, 1, 2, 1, 2, 1, 1, 1, 0, 5, 1, 1, 2, 1, 2, 0, 1, 2, 1, 0, 1, 1, 1, 0, 0, 0, 1, 1, 2, 0, 1, 0, 1, 1, 2, 1, 1, 2, 0, 1, 1, 1, 0, 1, 1, 1, 3, 1, 0, 1, 3, 3, 1, 1, 1, 2, 1, 0, 0, 1, 2, 1, 2, 1, 0, 1, 1, 0, 2, 2, 1, 0, 0, 1, 2, 0, 1, 1, 1, 2, 1, 2, 2, 1, 1, 1, 0, 1, 2, 0, 1, 2, 0, 1, 1, 1, 1, 1, 0, 0, 0, 5, 2, 2, 1, 4, 1, 2, 2, 1, 2, 0, 1, 2, 2, 1, 1, 0, 1, 1, 2, 1, 1, 1, 1, 1, 2, 2, 1, 1, 0, 0, 1, 2, 0, 1, 1, 0, 0, 1, 1, 0, 1, 0, 2, 0, 0, 2, 2, 1, 0, 1, 3, 0, 0, 0, 2, 2, 2, 1, 0, 1, 1, 2, 0, 1, 2, 1, 1, 1, 1, 0, 1, 3, 0, 1, 1, 1, 3, 0, 2, 1, 0, 2, 1, 1, 0, 1, 0, 0, 1, 0, 2, 1, 1, 3, 3, 2, 2, 1, 2, 2, 2, 1, 0, 0, 1, 2, 1, 1, 0, 0, 1, 3, 0, 1, 1, 1, 1, 1, 1, 1, 2, 1, 0, 0, 2, 1, 2, 1, 0, 0, 1, 1, 1, 0, 0, 1, 0, 2, 1, 2, 1, 0, 0, 1, 2, 1, 1, 2, 1, 2, 1, 1, 1, 1, 1, 3, 1, 0, 0, 1, 1, 1, 1, 0, 1, 0, 1, 1, 1, 2, 2, 1, 2, 1, 1, 0, 0, 1, 0, 1, 2, 0, 0, 0, 2, 0, 1, 2, 1, 1, 2, 2, 2, 3, 0, 0, 1, 1, 1, 1, 1, 2, 1, 1, 0, 2, 2, 1, 0, 1, 1, 0, 2, 0, 0, 1, 1, 3, 2, 0, 2, 1, 0, 1, 1, 1, 1, 1, 1, 2, 1, 2, 2, 1, 1, 1, 1, 1, 1, 2, 2, 0, 1, 1, 1, 0, 1, 1, 1, 1, 1, 1, 0, 1, 2, 2, 2, 0, 0, 1, 1, 1, 1, 0, 2, 2, 1, 1, 0, 1, 3, 2, 0, 0, 1, 1, 1, 0, 1, 2, 0, 0, 0, 1, 1, 1, 0, 1, 1, 2, 1, 0, 1, 1, 1, 1, 1, 0]

Mean:1.08
Median:1.0
Mode:1
Seed:936


[0, 0, 0, 1, 0, 0, 0, 1, 0, 1, 0, 0, 1, 1, 0, 0, 0, 2, 0, 1, 0, 0, 1, 0, 0, 1, 0, 1, 0, 0, 1, 0, 0, 0, 2, 1, 0, 1, 1, 0, 0, 1, 0, 0, 0, 0, 0, 0, 1, 0, 0, 0, 0, 0, 1, 0, 0, 0, 0, 0, 0, 0, 0, 0, 0, 0, 1, 0, 0, 0, 0, 0, 0, 0, 0, 0, 0, 0, 0, 1, 0, 0, 2, 0, 0, 0, 0, 0, 0, 1, 0, 0, 0, 0, 1, 1, 0, 0, 0, 0, 1, 0, 0, 0, 0, 0, 1, 1, 0, 1, 0, 1, 0, 0, 0, 1, 0, 0, 0, 0, 1, 0, 0, 0, 2, 0, 0, 0, 1, 0, 0, 0, 0, 2, 0, 0, 0, 0, 0, 0, 0, 0, 0, 0, 1, 0, 1, 0, 0, 0, 0, 1, 0, 0, 1, 0, 1, 2, 1, 2, 0, 0, 3, 0, 0, 1, 0, 0, 0, 0, 0, 0, 1, 0, 0, 1, 0, 0, 0, 1, 1, 0, 0, 0, 1, 0, 0, 0, 0, 0, 0, 0, 1, 0, 0, 0, 0, 0, 1, 0, 0, 1, 1, 0, 0, 1, 0, 1, 0, 0, 0, 0, 1, 0, 1, 0, 1, 0, 1, 0, 0, 0, 0, 0, 0, 1, 0, 0, 1, 0, 0, 0, 0, 1, 1, 0, 0, 0, 0, 1, 1, 0, 0, 0, 0, 0, 0, 0, 0, 0, 1, 0, 0, 1, 1, 1, 0, 0, 0, 0, 0, 0, 0, 0, 0, 0, 0, 0, 0, 0, 0, 1, 0, 0, 0, 0, 0, 0, 1, 0, 0, 0, 0, 0, 0, 1, 1, 0, 1, 0, 0, 0, 0, 0, 1, 1, 0, 0, 0, 0, 1, 0, 0, 0, 0, 0, 0, 0, 1, 0, 1, 0, 0, 0, 0, 0, 0, 0, 0, 0, 1, 0, 0, 0, 1, 0, 1, 0, 0, 0, 0, 0, 0, 1, 0, 0, 1, 1, 0, 0, 0, 0, 0, 0, 0, 0, 0, 0, 1, 1, 0, 1, 0, 0, 0, 0, 1, 0, 0, 2, 0, 0, 0, 0, 0, 0, 0, 1, 0, 0, 0, 1, 1, 0, 1, 0, 0, 0, 2, 0, 1, 0, 0, 1, 1, 0, 1, 1, 0, 0, 0, 0, 0, 0, 1, 0, 0, 0, 0, 1, 0, 0, 0, 1, 0, 0, 0, 0, 0, 0, 0, 0, 0, 0, 0, 0, 0, 1, 1, 1, 1, 0, 0, 0, 1, 0, 0, 0, 0, 0, 1, 0, 0, 0, 0, 1, 0, 0, 0, 0, 0, 1, 0, 0, 0, 1, 1, 0, 0, 1, 0, 0, 0, 0, 0, 1, 1, 0, 0, 0, 0, 1, 0, 0, 1, 0, 0, 1, 0, 0, 1, 1, 0, 0, 1, 0, 0, 1, 2, 1, 1, 0, 1, 1, 0, 1, 0, 1, 2, 0, 0, 0, 0, 0, 0, 0, 0, 0, 0, 1]

Mean:0.29
Median:0.0
Mode:0
Seed:92


[0, 0, 0, 0, 0, 1, 0, 0, 0, 1, 0, 0, 0, 0, 0, 0, 0, 0, 1, 0, 2, 0, 0, 0, 0, 0, 0, 0, 0, 1, 0, 0, 0, 0, 0, 0, 0, 0, 0, 0, 0, 0, 0, 1, 1, 0, 0, 0, 0, 0, 0, 0, 1, 1, 0, 0, 0, 0, 0, 0, 0, 0, 0, 0, 1, 0, 0, 0, 0, 0, 0, 0, 0, 0, 0, 0, 0, 1, 0, 0, 1, 0, 0, 0, 0, 1, 0, 0, 0, 0, 0, 0, 0, 0, 0, 0, 1, 0, 0, 0, 0, 0, 0, 0, 0, 0, 0, 0, 0, 1, 0, 0, 1, 0, 0, 1, 0, 0, 0, 0, 0, 0, 0, 0, 0, 0, 0, 0, 0, 0, 0, 0, 0, 0, 2, 0, 0, 0, 1, 0, 0, 0, 0, 0, 0, 1, 0, 0, 0, 0, 0, 0, 0, 0, 0, 0, 1, 0, 0, 0, 0, 0, 0, 0, 0, 2, 0, 0, 0, 0, 0, 0, 0, 0, 0, 0, 0, 1, 0, 0, 0, 0, 0, 0, 0, 0, 0, 1, 0, 1, 0, 0, 0, 0, 0, 0, 0, 0, 0, 0, 1, 0, 0, 0, 0, 1, 0, 0, 1, 0, 2, 1, 0, 1, 0, 0, 0, 0, 1, 0, 0, 0, 0, 0, 0, 0, 0, 0, 0, 0, 0, 0, 0, 1, 0, 0, 0, 0, 0, 0, 0, 0, 0, 1, 1, 0, 0, 0, 0, 0, 1, 1, 0, 0, 0, 1, 0, 0, 0, 0, 0, 0, 0, 0, 0, 0, 0, 0, 0, 0, 0, 0, 0, 0, 0, 0, 0, 1, 0, 0, 0, 0, 0, 0, 0, 0, 0, 1, 0, 0, 0, 1, 0, 0, 0, 0, 1, 0, 1, 0, 0, 0, 0, 0, 1, 0, 0, 0, 1, 0, 1, 0, 0, 0, 0, 0, 0, 1, 0, 1, 0, 0, 0, 0, 0, 0, 0, 0, 0, 0, 0, 0, 0, 0, 0, 0, 0, 0, 0, 0, 0, 0, 0, 0, 0, 0, 0, 0, 0, 0, 0, 0, 0, 1, 0, 0, 0, 0, 0, 0, 0, 0, 0, 0, 0, 1, 0, 0, 0, 0, 0, 0, 0, 0, 0, 0, 0, 1, 0, 0, 0, 0, 1, 0, 0, 0, 0, 0, 0, 1, 0, 1, 0, 0, 0, 0, 0, 0, 0, 1, 0, 0, 0, 0, 0, 0, 0, 1, 0, 1, 0, 0, 0, 0, 0, 0, 0, 0, 0, 0, 0, 0, 0, 0, 0, 0, 1, 1, 0, 0, 2, 0, 0, 0, 0, 0, 0, 0, 0, 0, 0, 0, 0, 1, 0, 0, 0, 0, 0, 1, 0, 0, 0, 0, 1, 0, 0, 0, 0, 0, 0, 0, 0, 0, 0, 0, 0, 0, 0, 0, 0, 0, 1, 0, 0, 1, 0, 0, 0, 0, 0, 0, 0, 0, 0, 0, 0, 0, 0, 1, 0, 0, 0, 0, 0, 0, 0, 0, 0, 0]

Mean:0.142
Median:0.0
Mode:0
Seed:187


[6, 15, 12, 10, 9, 11, 12, 13, 2, 10, 6, 4, 0, 6, 11, 13, 14, 7, 15, 6, 4, 15, 9, 10, 13, 13, 4, 0, 10, 11, 10, 3, 12, 11, 4, 15, 8, 5, 10, 14, 16, 2, 0, 10, 10, 13, 10, 5, 15, 6, 7, 12, 11, 6, 10, 15, 12, 5, 7, 11, 11, 16, 12, 5, 15, 1, 12, 5, 3, 11, 11, 2, 13, 11, 11, 11, 11, 13, 10, 11, 10, 12, 13, 15, 6, 14, 6, 1, 13, 10, 3, 16, 1, 11, 1, 0, 0, 10, 11, 10, 12, 15, 14, 16, 15, 10, 15, 11, 10, 0, 13, 7, 1, 14, 1, 14, 0, 12, 13, 10, 10, 10, 7, 11, 17, 10, 1, 8, 12, 13, 13, 10, 14, 10, 4, 10, 10, 4, 10, 10, 14, 16, 11, 12, 4, 14, 7, 6, 9, 11, 9, 10, 10, 10, 15, 0, 10, 1, 10, 2, 13, 15, 12, 6, 11, 11, 15, 11, 11, 10, 7, 2, 13, 11, 14, 3, 10, 11, 14, 10, 10, 3, 5, 6, 4, 15, 11, 13, 0, 12, 0, 10, 11, 9, 11, 15, 3, 0, 4, 3, 14, 12, 12, 11, 5, 11, 8, 12, 11, 14, 1, 11, 5, 12, 2, 4, 13, 14, 12, 11, 2, 15, 3, 1, 11, 9, 14, 11, 6, 11, 1, 10, 11, 8, 12, 0, 13, 11, 14, 1, 0, 16, 11, 13, 10, 11, 4, 12, 13, 12, 6, 12, 4, 14, 1, 15, 11, 10, 7, 12, 11, 12, 14, 14, 10, 12, 10, 15, 3, 15, 4, 10, 10, 10, 0, 3, 6, 11, 11, 10, 0, 15, 12, 5, 10, 17, 10, 11, 12, 13, 13, 11, 13, 10, 14, 0, 14, 10, 13, 15, 11, 5, 0, 12, 8, 16, 10, 10, 4, 4, 3, 5, 10, 2, 12, 0, 15, 11, 4, 14, 4, 11, 10, 4, 10, 10, 11, 10, 0, 11, 1, 1, 5, 17, 10, 13, 6, 11, 12, 14, 11, 0, 11, 13, 0, 3, 14, 10, 10, 13, 16, 11, 8, 11, 6, 11, 0, 9, 5, 0, 4, 0, 12, 14, 10, 11, 10, 3, 14, 2, 14, 10, 10, 17, 9, 7, 14, 16, 14, 11, 10, 11, 7, 14, 2, 10, 0, 2, 14, 12, 14, 11, 9, 10, 16, 14, 15, 5, 10, 11, 12, 12, 10, 16, 10, 9, 2, 2, 9, 6, 15, 15, 10, 0, 11, 3, 1, 2, 0, 9, 2, 12, 1, 12, 14, 10, 5, 0, 12, 11, 2, 16, 10, 14, 10, 10, 12, 1, 10, 10, 5, 11, 13, 0, 0, 0, 12, 12, 16, 4, 14, 12, 10, 11, 11, 10, 3, 13, 10, 12, 11, 11, 14, 0, 11, 13, 11, 10, 12, 14, 11, 14, 16, 11, 10, 9, 12, 15, 1, 14, 0, 13, 11, 12, 4, 12, 11, 8, 12, 13, 11, 15, 13, 13, 10, 2, 9, 0, 14, 11]

Mean:9.216
Median:10.0
Mode:10
Seed:814


[7, 3, 4, 10, 11, 0, 10, 3, 1, 10, 1, 4, 9, 1, 7, 1, 4, 6, 7, 2, 6, 7, 4, 9, 14, 5, 5, 3, 4, 10, 5, 11, 7, 3, 18, 5, 4, 10, 6, 12, 6, 12, 12, 5, 12, 3, 0, 5, 3, 2, 7, 8, 0, 1, 8, 0, 1, 10, 3, 3, 14, 7, 4, 1, 3, 1, 4, 7, 8, 8, 9, 6, 2, 10, 5, 3, 8, 0, 9, 5, 9, 0, 11, 3, 9, 6, 7, 1, 5, 11, 6, 4, 1, 3, 1, 0, 2, 5, 2, 6, 0, 1, 2, 5, 10, 2, 5, 4, 1, 4, 2, 2, 3, 2, 2, 10, 1, 4, 2, 3, 11, 2, 8, 2, 2, 1, 5, 11, 3, 3, 2, 7, 1, 3, 1, 1, 10, 13, 2, 12, 10, 5, 2, 7, 10, 1, 8, 2, 11, 5, 11, 0, 5, 5, 6, 5, 9, 0, 1, 9, 18, 2, 5, 8, 6, 13, 9, 9, 1, 2, 8, 2, 2, 0, 13, 8, 1, 9, 9, 7, 5, 8, 0, 5, 3, 13, 6, 13, 1, 0, 12, 1, 5, 9, 19, 5, 1, 7, 16, 3, 14, 2, 15, 1, 7, 1, 11, 6, 5, 6, 3, 3, 4, 6, 7, 9, 1, 0, 5, 4, 14, 2, 1, 1, 10, 1, 8, 11, 4, 11, 10, 11, 10, 8, 0, 3, 2, 2, 11, 11, 14, 11, 1, 8, 1, 9, 7, 8, 4, 2, 11, 0, 0, 3, 3, 4, 6, 6, 6, 11, 1, 8, 4, 7, 1, 8, 12, 6, 1, 6, 2, 4, 2, 1, 0, 0, 2, 16, 2, 1, 7, 1, 10, 1, 2, 10, 4, 6, 2, 2, 5, 11, 4, 1, 2, 4, 5, 4, 3, 0, 0, 0, 6, 8, 3, 6, 3, 1, 2, 6, 8, 11, 3, 1, 1, 9, 1, 1, 5, 5, 3, 13, 3, 2, 5, 2, 7, 4, 3, 2, 6, 0, 2, 5, 7, 7, 6, 5, 5, 1, 9, 2, 2, 4, 0, 3, 7, 10, 8, 3, 6, 3, 1, 13, 9, 3, 2, 1, 1, 1, 5, 15, 1, 5, 0, 2, 6, 2, 1, 2, 11, 2, 3, 7, 8, 2, 3, 6, 1, 4, 3, 5, 6, 0, 7, 2, 8, 3, 13, 1, 12, 5, 19, 2, 7, 2, 14, 9, 5, 2, 5, 1, 1, 4, 1, 6, 1, 1, 4, 3, 5, 0, 3, 3, 10, 0, 5, 4, 7, 1, 1, 6, 2, 3, 7, 3, 1, 5, 1, 12, 4, 0, 7, 11, 1, 2, 12, 1, 3, 13, 9, 3, 1, 13, 3, 12, 8, 2, 4, 14, 13, 8, 4, 8, 2, 1, 11, 3, 7, 12, 5, 9, 2, 6, 3, 4, 2, 3, 2, 1, 7, 4, 13, 11, 1, 0, 1, 5, 3, 9, 3, 9, 1, 3, 2, 2, 5, 0, 8, 12, 3, 8, 2, 11, 7, 16, 5, 8, 0, 5]

Mean:5.174
Median:4.0
Mode:1
Seed:162


Seeds:
[88, 562, 837, 798, 434, 49, 498, 64, 557, 368, 313, 4, 214, 111, 179, 367, 907, 45, 562, 166, 675, 542, 298, 927, 187, 936, 92, 187, 814, 162]

Means:
[0.076, 0.886, 0.652, 0.158, 0.998, 1.368, 0.642, 2.132, 0.192, 0.214, 0.056, 1.04, 0.07, 3.698, 0.946, 0.09, 1.528, 1.596, 0.886, 0.876, 2.64, 0.21, 0.38, 0.774, 0.142, 1.08, 0.29, 0.142, 9.216, 5.174]

Medians:
[0.0, 1.0, 1.0, 0.0, 1.0, 1.0, 1.0, 2.0, 0.0, 0.0, 0.0, 1.0, 0.0, 3.0, 1.0, 0.0, 1.0, 1.0, 1.0, 1.0, 2.0, 0.0, 0.0, 1.0, 0.0, 1.0, 0.0, 0.0, 10.0, 4.0]

Modes:
[0, 1, 0, 0, 1, 1, 1, 1, 0, 0, 0, 1, 0, 1, 0, 0, 0, 0, 1, 1, 1, 0, 0, 1, 0, 1, 0, 0, 10, 1]


Top Level Results:
Mean:1.2717333333333334
Median:0.0
Mode:0



