[1, 1, 2, 3, 1, 2, 4, 3, 2, 1, 1, 3, 1, 1, 3, 1, 1, 12, 2, 1, 1, 4, 1, 1, 1, 5, 1, 1, 3, 12, 3, 1, 1, 2, 3, 1, 1, 4, 1, 4, 3, 2, 3, 1, 7, 1, 1, 1, 2, 1, 1, 1, 1, 5, 2, 4, 7, 3, 2, 1, 1, 1, 1, 1, 2, 2, 1, 8, 6, 1, 5, 1, 10, 11, 1, 4, 4, 2, 2, 1, 2, 2, 5, 1, 1, 2, 3, 3, 2, 4, 2, 1, 1, 2, 1, 10, 3, 2, 5, 4]

Mean:2.67
Median:2.0
Mode:1
Seed:679


[3, 1, 8, 1, 0, 5, 1, 0, 7, 12, 2, 2, 9, 0, 1, 2, 2, 4, 1, 10, 4, 7, 0, 1, 2, 5, 0, 0, 0, 6, 0, 2, 14, 1, 3, 2, 2, 4, 0, 2, 2, 4, 1, 2, 0, 2, 1, 3, 0, 1, 1, 5, 1, 0, 1, 0, 2, 0, 1, 1, 5, 3, 0, 0, 3, 2, 5, 1, 4, 3, 3, 4, 0, 3, 2, 2, 10, 0, 1, 0, 5, 0, 4, 8, 0, 4, 8, 0, 1, 1, 2, 5, 7, 2, 0, 2, 3, 0, 5, 6]

Mean:2.68
Median:2.0
Mode:0
Seed:670


[0, 0, 0, 0, 0, 0, 0, 0, 0, 0, 0, 0, 0, 0, 0, 0, 0, 0, 0, 0, 0, 0, 0, 0, 0, 0, 0, 0, 0, 0, 0, 1, 0, 1, 1, 0, 0, 0, 1, 0, 0, 0, 0, 0, 0, 0, 0, 0, 0, 0, 0, 0, 0, 0, 0, 1, 0, 1, 0, 0, 0, 1, 0, 0, 0, 0, 1, 0, 0, 0, 1, 1, 0, 1, 0, 1, 0, 0, 0, 0, 0, 0, 0, 1, 0, 0, 0, 0, 0, 0, 0, 0, 0, 1, 0, 0, 0, 0, 1, 0]

Mean:0.15
Median:0.0
Mode:0
Seed:381


[4, 2, 6, 2, 13, 5, 2, 11, 5, 12, 7, 9, 4, 12, 1, 7, 9, 13, 11, 10, 7, 10, 13, 12, 3, 13, 12, 3, 0, 7, 11, 9, 1, 6, 4, 11, 16, 10, 7, 7, 10, 10, 3, 3, 12, 8, 21, 9, 5, 11, 3, 11, 0, 4, 11, 8, 2, 10, 1, 6, 12, 10, 1, 4, 14, 15, 7, 15, 8, 1, 12, 7, 11, 20, 1, 3, 6, 11, 9, 3, 13, 3, 5, 10, 5, 8, 6, 11, 10, 5, 16, 11, 7, 11, 6, 7, 14, 9, 14, 1]

Mean:7.97
Median:8.0
Mode:11
Seed:854


[2, 1, 1, 1, 1, 1, 3, 0, 0, 1, 0, 0, 3, 2, 1, 0, 1, 1, 1, 0, 0, 2, 0, 2, 3, 1, 1, 0, 0, 3, 2, 1, 1, 1, 1, 1, 1, 1, 3, 1, 1, 1, 1, 0, 0, 0, 2, 1, 1, 1, 0, 0, 0, 0, 1, 3, 1, 2, 1, 2, 1, 1, 0, 1, 0, 1, 0, 2, 1, 0, 0, 2, 2, 2, 0, 0, 1, 0, 1, 1, 0, 0, 0, 0, 0, 1, 2, 2, 1, 3, 1, 1, 1, 0, 2, 1, 0, 2, 0, 0]

Mean:0.96
Median:1.0
Mode:1
Seed:577


[0, 1, 9, 17, 1, 2, 15, 6, 17, 5, 3, 9, 3, 4, 11, 13, 5, 0, 4, 7, 7, 7, 9, 13, 5, 3, 4, 6, 2, 3, 1, 9, 2, 1, 2, 5, 15, 4, 2, 8, 5, 6, 1, 3, 2, 13, 14, 15, 17, 0, 14, 11, 7, 9, 1, 16, 8, 5, 2, 16, 10, 2, 10, 17, 5, 7, 7, 7, 8, 7, 3, 4, 0, 1, 3, 5, 5, 15, 7, 8, 8, 2, 7, 5, 7, 10, 2, 2, 6, 7, 3, 1, 12, 4, 0, 11, 3, 8, 0, 15]

Mean:6.49
Median:5.5
Mode:7
Seed:51


[0, 0, 0, 0, 1, 0, 0, 1, 0, 1, 1, 0, 2, 3, 0, 2, 0, 0, 1, 0, 1, 0, 0, 2, 2, 1, 1, 3, 1, 1, 2, 1, 0, 0, 2, 0, 1, 3, 0, 0, 1, 2, 0, 1, 2, 2, 2, 3, 2, 2, 3, 0, 0, 1, 2, 4, 1, 0, 1, 3, 0, 0, 2, 2, 1, 1, 1, 1, 0, 1, 1, 2, 0, 1, 1, 3, 2, 4, 1, 0, 3, 1, 2, 0, 0, 2, 1, 0, 3, 2, 0, 5, 0, 1, 3, 1, 0, 0, 1, 1]

Mean:1.15
Median:1.0
Mode:0
Seed:647


[1, 1, 3, 7, 2, 16, 2, 16, 6, 6, 4, 17, 15, 8, 1, 4, 10, 2, 8, 9, 11, 3, 1, 1, 8, 1, 2, 1, 14, 5, 5, 0, 6, 2, 14, 10, 5, 1, 3, 9, 5, 5, 1, 11, 11, 9, 10, 13, 3, 11, 9, 5, 4, 10, 2, 6, 7, 3, 10, 1, 7, 8, 12, 7, 2, 12, 2, 17, 1, 6, 1, 8, 2, 1, 4, 2, 7, 6, 4, 12, 4, 6, 9, 11, 6, 18, 1, 9, 16, 7, 5, 5, 1, 5, 4, 1, 7, 7, 3, 1]

Mean:6.23
Median:5.5
Mode:1
Seed:648


[2, 1, 1, 0, 1, 1, 1, 1, 2, 0, 0, 0, 1, 0, 0, 1, 2, 2, 1, 0, 0, 1, 0, 1, 1, 0, 1, 1, 0, 1, 0, 2, 0, 1, 0, 2, 0, 0, 1, 2, 1, 1, 0, 0, 1, 0, 0, 1, 1, 1, 0, 1, 1, 0, 1, 1, 2, 0, 1, 1, 1, 0, 1, 2, 1, 0, 0, 1, 0, 1, 0, 1, 0, 1, 0, 0, 2, 1, 1, 0, 1, 0, 0, 1, 3, 1, 1, 0, 2, 1, 1, 2, 0, 1, 0, 1, 0, 1, 0, 2]

Mean:0.76
Median:1.0
Mode:1
Seed:728


[3, 1, 10, 11, 3, 8, 6, 8, 4, 1, 5, 9, 3, 11, 1, 6, 1, 4, 3, 1, 5, 1, 2, 3, 1, 3, 3, 1, 4, 1, 6, 2, 6, 8, 1, 5, 13, 4, 4, 3, 9, 8, 11, 1, 4, 3, 1, 6, 4, 2, 14, 9, 7, 5, 5, 5, 8, 3, 1, 1, 1, 7, 3, 5, 5, 6, 6, 4, 1, 7, 9, 1, 4, 7, 4, 8, 8, 8, 9, 8, 3, 7, 1, 5, 7, 6, 2, 1, 1, 4, 7, 6, 2, 2, 1, 1, 4, 1, 8, 5]

Mean:4.67
Median:4.0
Mode:1
Seed:917


[0, 2, 2, 2, 2, 0, 1, 1, 0, 2, 0, 2, 2, 0, 4, 0, 2, 2, 1, 1, 3, 0, 2, 2, 0, 1, 0, 0, 0, 0, 1, 0, 0, 1, 0, 0, 1, 3, 2, 0, 2, 1, 2, 0, 0, 2, 0, 0, 2, 2, 1, 1, 1, 0, 0, 1, 0, 1, 2, 5, 2, 1, 0, 0, 2, 2, 2, 0, 1, 0, 1, 0, 2, 2, 0, 2, 0, 0, 0, 0, 0, 2, 3, 1, 0, 1, 2, 0, 0, 2, 0, 1, 2, 0, 0, 2, 1, 0, 0, 0]

Mean:0.99
Median:1.0
Mode:0
Seed:828


[0, 2, 2, 6, 0, 6, 1, 2, 3, 0, 3, 1, 3, 2, 6, 5, 3, 0, 5, 3, 4, 0, 2, 1, 0, 0, 0, 1, 0, 0, 5, 6, 2, 3, 3, 0, 1, 2, 3, 1, 6, 3, 3, 5, 2, 0, 5, 2, 6, 2, 4, 5, 0, 2, 3, 2, 2, 2, 3, 5, 1, 3, 2, 3, 2, 0, 2, 5, 2, 2, 4, 1, 1, 1, 3, 0, 5, 0, 1, 2, 2, 0, 4, 0, 3, 5, 6, 0, 1, 0, 3, 0, 3, 5, 3, 0, 3, 2, 1, 0]

Mean:2.3
Median:2.0
Mode:0
Seed:997


[1, 6, 0, 8, 2, 11, 0, 5, 7, 0, 1, 7, 5, 0, 9, 8, 0, 5, 1, 1, 0, 1, 13, 0, 10, 2, 3, 1, 7, 1, 0, 1, 0, 1, 2, 4, 6, 5, 7, 0, 10, 0, 15, 7, 7, 2, 4, 2, 4, 1, 1, 16, 12, 6, 0, 3, 6, 2, 5, 13, 3, 4, 13, 8, 8, 0, 15, 2, 3, 1, 0, 3, 0, 0, 2, 6, 1, 10, 1, 15, 0, 0, 14, 0, 7, 9, 0, 15, 15, 13, 2, 5, 12, 2, 1, 0, 5, 12, 4, 2]

Mean:4.7
Median:3.0
Mode:0
Seed:698


[31, 29, 16, 29, 20, 25, 35, 30, 27, 23, 19, 17, 15, 21, 27, 20, 20, 18, 30, 31, 7, 22, 21, 25, 24, 22, 27, 19, 23, 34, 31, 29, 28, 3, 27, 27, 15, 33, 25, 25, 21, 20, 29, 34, 32, 19, 12, 30, 23, 23, 34, 11, 25, 27, 36, 20, 23, 22, 19, 28, 26, 25, 21, 16, 22, 13, 35, 28, 25, 10, 2, 14, 19, 32, 24, 21, 18, 25, 29, 30, 24, 32, 33, 35, 33, 30, 20, 3, 19, 31, 32, 31, 25, 8, 17, 22, 17, 10, 22, 24]

Mean:23.41
Median:24.0
Mode:25
Seed:477


[14, 14, 14, 14, 16, 15, 14, 14, 14, 14, 14, 14, 14, 15, 14, 14, 14, 14, 14, 14, 14, 14, 15, 15, 14, 15, 15, 14, 14, 14, 14, 15, 15, 15, 14, 14, 14, 14, 14, 14, 14, 15, 14, 14, 14, 14, 14, 15, 14, 14, 14, 17, 15, 14, 15, 14, 14, 15, 15, 16, 14, 15, 14, 14, 15, 15, 14, 16, 14, 14, 14, 14, 14, 15, 14, 14, 15, 15, 14, 14, 15, 14, 14, 15, 15, 14, 14, 14, 14, 14, 15, 15, 14, 14, 14, 15, 16, 14, 14, 14]

Mean:14.38
Median:14.0
Mode:14
Seed:552


[0, 4, 1, 1, 5, 0, 4, 3, 1, 2, 2, 3, 13, 8, 3, 3, 6, 9, 3, 0, 12, 3, 1, 9, 1, 5, 1, 1, 2, 1, 1, 0, 1, 6, 1, 2, 7, 5, 2, 5, 0, 2, 2, 2, 0, 0, 8, 0, 2, 2, 0, 6, 1, 0, 8, 5, 2, 1, 6, 3, 8, 3, 5, 4, 1, 1, 5, 1, 6, 4, 2, 1, 3, 0, 9, 4, 1, 1, 4, 2, 6, 0, 1, 2, 4, 1, 6, 8, 1, 8, 2, 8, 4, 5, 0, 2, 1, 2, 7, 0]

Mean:3.2
Median:2.0
Mode:1
Seed:931


[6, 12, 2, 4, 1, 3, 3, 1, 1, 1, 2, 2, 3, 2, 1, 1, 4, 1, 5, 2, 1, 1, 1, 3, 5, 6, 2, 0, 4, 1, 1, 2, 4, 0, 10, 1, 1, 1, 3, 1, 1, 6, 4, 5, 4, 1, 3, 8, 3, 1, 2, 3, 0, 1, 3, 1, 1, 2, 1, 1, 4, 2, 6, 1, 2, 3, 2, 3, 2, 2, 1, 2, 6, 2, 2, 7, 5, 1, 1, 6, 3, 1, 5, 3, 2, 3, 6, 10, 1, 3, 3, 1, 1, 3, 2, 1, 2, 2, 0, 2]

Mean:2.7
Median:2.0
Mode:1
Seed:60


[6, 4, 2, 1, 11, 1, 5, 1, 4, 2, 1, 1, 2, 5, 0, 1, 0, 0, 6, 6, 3, 10, 6, 4, 3, 2, 2, 9, 5, 4, 4, 0, 0, 3, 3, 7, 3, 12, 2, 5, 1, 0, 4, 4, 4, 1, 1, 1, 0, 1, 7, 3, 1, 2, 8, 4, 8, 3, 2, 3, 1, 0, 1, 2, 1, 0, 4, 8, 1, 8, 8, 1, 1, 0, 2, 0, 4, 2, 2, 1, 1, 1, 3, 2, 0, 3, 3, 4, 3, 0, 2, 4, 1, 1, 1, 1, 7, 6, 3, 0]

Mean:2.97
Median:2.0
Mode:1
Seed:673


[1, 0, 1, 0, 1, 1, 2, 1, 1, 0, 0, 1, 2, 1, 0, 1, 1, 1, 0, 0, 1, 1, 1, 2, 1, 0, 1, 1, 2, 1, 0, 0, 0, 1, 0, 1, 0, 0, 0, 0, 2, 1, 1, 1, 2, 1, 1, 1, 0, 0, 1, 0, 2, 1, 0, 0, 1, 0, 0, 0, 0, 0, 2, 2, 1, 1, 3, 0, 1, 1, 2, 1, 0, 1, 2, 2, 0, 1, 1, 0, 0, 1, 1, 1, 1, 0, 0, 2, 1, 1, 0, 0, 0, 0, 0, 1, 0, 0, 0, 2]

Mean:0.75
Median:1.0
Mode:1
Seed:936


[1, 0, 1, 1, 1, 3, 3, 1, 0, 1, 1, 2, 2, 0, 1, 1, 0, 1, 2, 1, 1, 1, 3, 2, 1, 3, 0, 1, 0, 1, 1, 2, 1, 1, 2, 1, 1, 1, 0, 3, 1, 1, 2, 1, 0, 0, 3, 0, 0, 1, 1, 2, 0, 0, 2, 0, 1, 0, 1, 1, 2, 1, 1, 2, 0, 2, 0, 1, 0, 2, 1, 2, 1, 0, 0, 2, 1, 0, 0, 2, 1, 2, 0, 1, 2, 1, 1, 3, 1, 2, 0, 1, 2, 0, 2, 0, 1, 0, 1, 0]

Mean:1.07
Median:1.0
Mode:1
Seed:813


[0, 1, 0, 1, 0, 0, 1, 0, 0, 0, 1, 1, 0, 0, 1, 0, 0, 0, 1, 1, 1, 0, 0, 0, 0, 0, 0, 1, 0, 0, 0, 0, 1, 0, 0, 2, 0, 1, 1, 0, 0, 1, 0, 1, 0, 0, 1, 0, 0, 0, 0, 0, 1, 0, 0, 1, 1, 0, 0, 1, 0, 1, 0, 0, 1, 0, 0, 0, 1, 0, 1, 2, 0, 0, 0, 1, 0, 0, 1, 0, 0, 0, 2, 0, 2, 2, 0, 0, 0, 0, 1, 0, 0, 0, 0, 0, 0, 0, 0, 1]

Mean:0.38
Median:0.0
Mode:0
Seed:47


[0, 12, 6, 17, 13, 4, 12, 10, 4, 0, 3, 11, 7, 6, 6, 11, 1, 9, 0, 10, 0, 18, 3, 15, 25, 3, 5, 3, 6, 6, 1, 14, 10, 20, 8, 1, 4, 9, 2, 2, 10, 13, 1, 14, 0, 4, 20, 4, 10, 3, 5, 4, 7, 5, 5, 1, 2, 0, 10, 13, 2, 15, 8, 8, 1, 21, 11, 1, 0, 7, 3, 18, 4, 2, 10, 11, 3, 1, 14, 2, 5, 17, 4, 4, 4, 5, 6, 0, 3, 3, 12, 13, 5, 18, 6, 13, 2, 3, 1, 10]

Mean:7.04
Median:5.0
Mode:4
Seed:603


[3, 1, 2, 2, 0, 0, 1, 3, 1, 1, 1, 1, 2, 0, 1, 4, 0, 1, 0, 1, 1, 0, 2, 1, 3, 2, 0, 0, 0, 0, 0, 0, 2, 0, 1, 0, 1, 0, 0, 2, 2, 0, 1, 0, 0, 2, 0, 0, 0, 1, 1, 1, 2, 1, 1, 1, 1, 1, 0, 2, 0, 1, 1, 1, 1, 2, 0, 0, 1, 0, 2, 0, 1, 0, 0, 2, 0, 1, 2, 1, 1, 0, 3, 1, 1, 2, 3, 2, 2, 0, 2, 2, 0, 1, 2, 0, 1, 4, 0, 0]

Mean:1
Median:1.0
Mode:0
Seed:905


[8, 9, 0, 5, 0, 0, 0, 0, 3, 0, 12, 4, 2, 4, 1, 0, 6, 9, 0, 5, 5, 6, 6, 10, 2, 0, 6, 4, 7, 10, 1, 7, 7, 0, 0, 4, 8, 2, 1, 1, 17, 2, 1, 2, 1, 8, 14, 1, 3, 3, 0, 8, 7, 9, 4, 14, 0, 6, 2, 0, 5, 1, 0, 1, 4, 4, 4, 5, 4, 4, 6, 0, 11, 0, 6, 4, 3, 2, 10, 0, 3, 1, 9, 0, 2, 11, 11, 9, 2, 6, 1, 0, 0, 0, 0, 2, 5, 2, 9, 6]

Mean:4.1
Median:3.5
Mode:0
Seed:284


[1, 1, 0, 1, 2, 2, 1, 2, 2, 3, 1, 1, 1, 1, 0, 1, 2, 0, 1, 1, 1, 1, 1, 1, 0, 1, 1, 1, 2, 1, 0, 1, 1, 1, 0, 1, 1, 2, 1, 1, 1, 1, 0, 0, 0, 2, 1, 2, 1, 1, 1, 1, 2, 1, 0, 1, 1, 0, 1, 1, 1, 2, 1, 1, 1, 0, 0, 0, 1, 2, 2, 1, 1, 0, 2, 1, 2, 1, 2, 2, 1, 1, 0, 1, 1, 1, 1, 1, 0, 0, 0, 1, 1, 3, 1, 1, 1, 1, 2, 1]

Mean:1.03
Median:1.0
Mode:1
Seed:953


[0, 4, 1, 1, 6, 0, 7, 2, 0, 6, 2, 1, 1, 0, 1, 3, 1, 0, 2, 1, 5, 4, 2, 1, 3, 4, 1, 4, 7, 1, 0, 4, 1, 0, 2, 1, 1, 0, 3, 0, 2, 3, 1, 2, 3, 1, 1, 1, 1, 3, 1, 3, 0, 1, 1, 1, 0, 8, 10, 1, 1, 1, 0, 1, 2, 1, 2, 1, 1, 0, 0, 0, 2, 9, 3, 2, 1, 9, 2, 1, 0, 1, 0, 1, 0, 0, 1, 0, 1, 2, 4, 5, 4, 2, 1, 2, 1, 10, 8, 1]

Mean:2.1
Median:1.0
Mode:1
Seed:689


[1, 1, 1, 1, 0, 1, 0, 1, 1, 1, 2, 1, 0, 1, 2, 1, 0, 0, 0, 0, 0, 1, 1, 0, 1, 1, 0, 1, 0, 0, 1, 1, 1, 1, 1, 1, 0, 0, 1, 0, 1, 0, 0, 1, 1, 0, 0, 0, 0, 0, 1, 1, 1, 1, 1, 1, 3, 1, 0, 1, 1, 1, 0, 0, 1, 0, 1, 1, 1, 1, 1, 0, 1, 0, 1, 1, 1, 0, 1, 2, 1, 1, 0, 0, 1, 1, 1, 1, 1, 0, 1, 0, 1, 0, 0, 0, 0, 0, 0, 0]

Mean:0.65
Median:1.0
Mode:1
Seed:114


[6, 4, 2, 3, 19, 6, 8, 5, 10, 11, 10, 8, 1, 4, 7, 3, 11, 8, 13, 17, 11, 9, 3, 1, 11, 9, 4, 4, 2, 5, 14, 11, 5, 8, 13, 14, 2, 7, 10, 6, 10, 8, 17, 13, 11, 6, 2, 12, 3, 13, 9, 12, 1, 3, 10, 4, 7, 13, 8, 2, 7, 7, 7, 8, 5, 6, 2, 9, 2, 9, 21, 3, 6, 6, 2, 10, 6, 8, 10, 6, 2, 1, 7, 15, 7, 3, 7, 4, 14, 6, 8, 4, 4, 13, 7, 2, 5, 11, 3, 10]

Mean:7.42
Median:7.0
Mode:6
Seed:969


[1, 1, 0, 2, 1, 1, 1, 2, 1, 1, 1, 1, 1, 0, 1, 1, 0, 0, 0, 0, 0, 0, 1, 1, 2, 0, 0, 0, 1, 0, 1, 2, 1, 1, 0, 1, 1, 1, 1, 0, 1, 1, 2, 0, 0, 0, 1, 0, 2, 1, 0, 1, 1, 1, 1, 0, 0, 0, 2, 1, 2, 1, 0, 0, 1, 1, 1, 2, 1, 0, 0, 0, 1, 1, 1, 0, 1, 0, 1, 1, 1, 0, 0, 0, 0, 1, 0, 0, 1, 0, 2, 0, 1, 1, 1, 1, 1, 2, 1, 1]

Mean:0.74
Median:1.0
Mode:1
Seed:768


[15, 15, 14, 15, 14, 14, 15, 14, 15, 14, 14, 15, 14, 16, 15, 17, 14, 14, 15, 14, 14, 14, 14, 14, 14, 16, 14, 14, 14, 15, 14, 14, 14, 14, 15, 15, 14, 14, 14, 14, 15, 15, 14, 16, 14, 14, 14, 14, 15, 14, 14, 16, 15, 14, 14, 16, 14, 14, 14, 15, 14, 14, 14, 14, 14, 14, 15, 14, 15, 14, 14, 14, 14, 14, 14, 14, 14, 15, 14, 15, 15, 14, 14, 14, 14, 14, 15, 14, 14, 14, 14, 14, 14, 15, 14, 14, 15, 14, 14, 15]

Mean:14.38
Median:14.0
Mode:14
Seed:843


Seeds:
[679, 670, 381, 854, 577, 51, 647, 648, 728, 917, 828, 997, 698, 477, 552, 931, 60, 673, 936, 813, 47, 603, 905, 284, 953, 689, 114, 969, 768, 843]

Means:
[2.67, 2.68, 0.15, 7.97, 0.96, 6.49, 1.15, 6.23, 0.76, 4.67, 0.99, 2.3, 4.7, 23.41, 14.38, 3.2, 2.7, 2.97, 0.75, 1.07, 0.38, 7.04, 1, 4.1, 1.03, 2.1, 0.65, 7.42, 0.74, 14.38]

Medians:
[2.0, 2.0, 0.0, 8.0, 1.0, 5.5, 1.0, 5.5, 1.0, 4.0, 1.0, 2.0, 3.0, 24.0, 14.0, 2.0, 2.0, 2.0, 1.0, 1.0, 0.0, 5.0, 1.0, 3.5, 1.0, 1.0, 1.0, 7.0, 1.0, 14.0]

Modes:
[1, 0, 0, 11, 1, 7, 0, 1, 1, 1, 0, 0, 0, 25, 14, 1, 1, 1, 1, 1, 0, 4, 0, 0, 1, 1, 1, 6, 1, 14]


Top Level Results:
Mean:4.301333333333333
Median:2.0
Mode:1



