[14, 15, 14, 14, 14, 14, 14, 15, 15, 14, 15, 14, 14, 16, 15, 14, 15, 14, 17, 14, 14, 16, 15, 14, 14, 15, 15, 14, 15, 14, 14, 14, 14, 14, 15, 15, 14, 17, 14, 14, 15, 14, 14, 15, 16, 17, 14, 14, 14, 14, 14, 14, 15, 14, 14, 15, 14, 17, 15, 14, 16, 14, 14, 17, 14, 15, 14, 14, 14, 14, 14, 14, 14, 14, 17, 16, 14, 17, 14, 15, 14, 14, 14, 14, 14, 16, 15, 15, 14, 14, 14, 14, 14, 14, 14, 14, 14, 14, 15, 14, 15, 14, 16, 16, 14, 15, 14, 14, 14, 14, 14, 17, 14, 15, 14, 14, 15, 15, 14, 14, 14, 14, 14, 14, 14, 15, 15, 14, 14, 14, 14, 14, 15, 14, 15, 14, 14, 15, 14, 15, 14, 14, 15, 14, 15, 14, 14, 14, 14, 14, 14, 14, 14, 14, 14, 14, 15, 14, 14, 15, 15, 14, 14, 15, 15, 14, 16, 17, 14, 15, 14, 17, 14, 14, 15, 14, 14, 14, 14, 14, 14, 15, 16, 15, 17, 14, 15, 14, 14, 14, 14, 17, 14, 14, 14, 14, 14, 15, 14, 14, 15, 14, 14, 14, 14, 14, 14, 15, 14, 14, 14, 15, 14, 16, 15, 14, 14, 15, 14, 16, 14, 15, 14, 16, 14, 15, 14, 14, 15, 14, 14, 15, 15, 15, 16, 14, 14, 15, 16, 15, 14, 15, 14, 14, 14, 14, 14, 14, 14, 14, 14, 15, 15, 15, 14, 14, 14, 14, 14, 14, 14, 15, 14, 15, 14, 14, 14, 15, 15, 14, 14, 14, 14, 14, 14, 15, 14, 16, 14, 14, 14, 14, 15, 15, 14, 16, 14, 15, 14, 15, 16, 14, 14, 14, 15, 17, 14, 15, 15, 16, 16, 14, 15, 14, 14, 15, 14, 16, 14, 15, 14, 15, 14, 15, 14, 14, 15, 14, 15, 14, 14, 14, 15, 16, 15, 15, 14, 14, 15, 15, 14, 14, 15, 15, 15, 14, 14, 14, 14, 14, 14, 15, 14, 14, 14, 14, 15, 15, 14, 15, 14, 14, 15, 14, 15, 15, 14, 14, 14, 15, 14, 14, 15, 14, 15, 14, 14, 14, 15, 14, 15, 14, 14, 14, 14, 14, 14, 14, 14, 14, 14, 15, 14, 16, 14, 14, 14, 14, 14, 14, 14, 15, 14, 14, 14, 17, 14, 14, 14, 16, 15, 14, 14, 14, 14, 14, 15, 14, 14, 14, 15, 14, 14, 15, 15, 14, 14, 14, 14, 15, 15, 14, 14, 15, 15, 15, 15, 14, 14, 14, 15, 15, 14, 14, 15, 14, 14, 14, 14, 14, 14, 14, 14, 14, 16, 15, 14, 14, 14, 14, 14, 15, 14, 14, 15, 14, 14, 14, 15, 14, 14, 14, 14, 14, 15, 16, 14, 15, 14, 14, 14, 14, 15, 15, 14, 15, 15, 15, 14, 15, 15, 14, 15, 14, 15, 14, 15, 14, 14, 14, 15, 15, 14, 14, 14, 14, 14, 14, 15, 14]

Mean:14.462
Median:14.0
Mode:14
Seed:395


[1, 1, 4, 2, 4, 1, 10, 2, 6, 3, 1, 2, 3, 2, 1, 7, 6, 3, 5, 8, 5, 1, 1, 4, 2, 6, 3, 8, 6, 12, 1, 4, 4, 1, 5, 1, 5, 2, 7, 1, 3, 3, 2, 1, 2, 10, 6, 3, 4, 4, 2, 3, 1, 4, 3, 3, 4, 7, 9, 6, 1, 3, 3, 6, 2, 6, 4, 6, 2, 1, 12, 1, 3, 6, 4, 3, 4, 6, 1, 10, 2, 2, 5, 8, 11, 2, 4, 8, 1, 1, 2, 1, 6, 5, 6, 1, 8, 8, 10, 4, 6, 1, 7, 4, 5, 10, 2, 8, 1, 3, 17, 1, 8, 1, 8, 7, 4, 9, 8, 3, 9, 2, 6, 8, 1, 2, 8, 10, 5, 1, 2, 6, 1, 5, 2, 2, 6, 2, 4, 2, 7, 2, 6, 4, 9, 2, 1, 2, 3, 5, 1, 8, 8, 5, 1, 9, 5, 13, 10, 6, 4, 1, 12, 1, 3, 7, 4, 1, 8, 12, 2, 10, 2, 1, 11, 2, 9, 3, 9, 9, 1, 2, 11, 3, 1, 9, 4, 1, 13, 2, 5, 5, 10, 6, 5, 1, 2, 8, 4, 1, 3, 9, 4, 1, 14, 6, 8, 2, 4, 4, 6, 8, 5, 1, 2, 2, 2, 1, 12, 4, 3, 6, 1, 3, 4, 12, 5, 1, 4, 4, 3, 2, 5, 2, 7, 2, 8, 7, 4, 2, 8, 13, 4, 7, 1, 7, 10, 2, 7, 4, 2, 2, 3, 3, 7, 5, 5, 5, 4, 4, 2, 3, 3, 3, 9, 1, 14, 6, 6, 6, 4, 1, 11, 6, 8, 5, 5, 10, 2, 4, 3, 3, 2, 1, 5, 12, 7, 3, 2, 4, 1, 15, 9, 1, 7, 2, 6, 6, 1, 2, 1, 2, 4, 2, 3, 2, 9, 1, 2, 4, 2, 4, 2, 2, 6, 11, 1, 3, 5, 7, 10, 2, 3, 12, 1, 5, 4, 4, 2, 3, 5, 5, 1, 4, 4, 1, 2, 6, 1, 5, 5, 3, 6, 2, 6, 2, 5, 2, 4, 5, 1, 3, 5, 4, 12, 2, 8, 3, 7, 5, 3, 15, 2, 4, 1, 7, 4, 9, 1, 2, 8, 6, 6, 1, 4, 2, 5, 7, 4, 9, 10, 3, 1, 3, 9, 3, 5, 4, 3, 6, 1, 4, 4, 2, 5, 2, 1, 2, 6, 5, 1, 4, 2, 1, 1, 3, 16, 2, 5, 4, 6, 17, 7, 15, 15, 3, 2, 7, 5, 2, 2, 3, 1, 5, 1, 2, 22, 4, 1, 5, 1, 6, 1, 7, 3, 6, 4, 2, 5, 12, 1, 2, 1, 3, 5, 5, 12, 6, 13, 3, 1, 5, 6, 1, 1, 8, 5, 7, 1, 1, 10, 4, 2, 9, 3, 3, 2, 1, 13, 5, 16, 6, 1, 5, 1, 13, 8, 1, 4, 11, 9, 2, 1, 1, 9, 1, 5, 4, 8, 6, 2, 1, 3, 3, 4, 2, 1, 9, 4, 1]

Mean:4.64
Median:4.0
Mode:1
Seed:3


[4, 2, 4, 1, 10, 5, 2, 1, 2, 1, 2, 3, 2, 4, 1, 2, 3, 1, 1, 1, 1, 6, 3, 5, 8, 6, 3, 1, 2, 3, 3, 7, 2, 1, 2, 1, 1, 5, 1, 1, 1, 1, 4, 3, 2, 1, 1, 1, 3, 4, 5, 2, 1, 3, 1, 5, 2, 1, 1, 2, 1, 2, 1, 3, 4, 1, 3, 1, 1, 2, 3, 2, 3, 2, 2, 5, 3, 1, 1, 5, 1, 4, 1, 5, 1, 1, 1, 2, 1, 3, 2, 1, 1, 2, 1, 1, 1, 1, 2, 1, 4, 7, 4, 8, 5, 5, 4, 3, 3, 2, 1, 1, 3, 7, 3, 8, 5, 1, 1, 1, 7, 1, 4, 1, 6, 2, 1, 1, 4, 7, 8, 2, 2, 2, 1, 1, 2, 3, 1, 5, 2, 2, 4, 4, 5, 3, 2, 1, 1, 2, 2, 12, 2, 3, 7, 2, 2, 1, 4, 1, 3, 4, 3, 3, 3, 2, 2, 1, 1, 2, 1, 8, 1, 1, 2, 3, 4, 3, 1, 2, 4, 5, 1, 1, 9, 2, 4, 3, 2, 1, 1, 2, 1, 3, 2, 2, 4, 1, 1, 3, 1, 7, 2, 2, 1, 3, 3, 3, 2, 2, 1, 11, 1, 1, 2, 1, 2, 1, 1, 11, 1, 2, 1, 1, 5, 3, 1, 13, 4, 2, 3, 4, 4, 2, 1, 5, 1, 5, 4, 1, 6, 2, 3, 6, 2, 5, 2, 4, 6, 6, 4, 2, 3, 1, 1, 1, 1, 2, 3, 1, 1, 3, 2, 2, 3, 4, 2, 4, 10, 2, 1, 3, 1, 1, 4, 2, 1, 1, 2, 1, 6, 1, 5, 4, 4, 3, 2, 4, 1, 1, 5, 2, 1, 4, 1, 1, 2, 2, 9, 3, 1, 2, 4, 1, 3, 6, 3, 5, 1, 3, 1, 11, 4, 1, 1, 1, 1, 1, 1, 1, 1, 2, 8, 3, 3, 1, 4, 5, 3, 1, 1, 4, 10, 3, 3, 1, 1, 1, 1, 1, 9, 1, 3, 2, 1, 2, 4, 1, 2, 1, 2, 1, 2, 1, 1, 1, 1, 3, 1, 3, 1, 1, 4, 3, 1, 6, 3, 3, 1, 3, 7, 2, 1, 1, 1, 2, 4, 1, 3, 1, 1, 1, 2, 2, 1, 1, 5, 1, 3, 1, 9, 4, 1, 2, 7, 2, 6, 1, 5, 2, 13, 4, 1, 1, 1, 2, 3, 4, 1, 3, 3, 2, 7, 1, 5, 3, 1, 6, 1, 5, 8, 3, 2, 2, 1, 2, 5, 1, 1, 2, 7, 4, 1, 2, 6, 1, 3, 9, 3, 1, 1, 1, 7, 1, 1, 5, 1, 1, 6, 1, 1, 1, 1, 2, 1, 2, 3, 1, 2, 1, 5, 1, 12, 3, 4, 2, 2, 3, 2, 1, 1, 7, 1, 2, 1, 2, 4, 2, 3, 1, 1, 2, 1, 1, 3, 1, 2, 1, 1, 2, 4, 2, 1, 5, 1, 1, 6, 3, 1, 1]

Mean:2.716
Median:2.0
Mode:1
Seed:242


[1, 2, 1, 1, 4, 1, 4, 0, 1, 2, 5, 1, 1, 3, 1, 3, 1, 4, 3, 2, 1, 5, 1, 1, 1, 0, 3, 1, 7, 4, 6, 3, 3, 3, 1, 5, 2, 3, 3, 1, 5, 1, 1, 4, 4, 5, 1, 1, 5, 2, 2, 7, 0, 1, 1, 3, 1, 1, 1, 1, 1, 2, 2, 1, 1, 1, 2, 1, 1, 1, 3, 3, 1, 2, 1, 5, 1, 1, 7, 3, 1, 2, 3, 6, 3, 1, 1, 3, 3, 1, 5, 1, 1, 2, 1, 1, 2, 4, 3, 11, 2, 0, 1, 3, 3, 1, 1, 2, 6, 1, 3, 1, 1, 0, 3, 1, 1, 1, 2, 3, 1, 2, 1, 2, 1, 2, 3, 0, 1, 1, 2, 1, 1, 1, 1, 1, 2, 1, 4, 6, 1, 2, 2, 4, 1, 1, 2, 2, 2, 2, 1, 1, 2, 1, 1, 2, 3, 7, 1, 1, 2, 3, 1, 1, 1, 1, 1, 1, 3, 1, 1, 1, 1, 2, 1, 1, 5, 0, 1, 1, 2, 8, 2, 2, 1, 1, 1, 2, 1, 1, 1, 1, 2, 5, 2, 3, 0, 8, 2, 1, 6, 1, 1, 1, 1, 5, 3, 2, 1, 2, 2, 1, 4, 3, 2, 1, 1, 0, 1, 1, 1, 1, 2, 3, 2, 7, 1, 2, 4, 0, 4, 1, 0, 1, 1, 1, 1, 0, 2, 1, 2, 1, 1, 2, 2, 2, 1, 3, 1, 1, 3, 1, 4, 1, 2, 1, 4, 1, 2, 1, 2, 1, 2, 2, 4, 1, 2, 1, 5, 6, 2, 2, 3, 2, 1, 1, 3, 1, 1, 1, 2, 2, 6, 1, 4, 0, 1, 3, 6, 2, 8, 0, 1, 2, 7, 1, 1, 1, 2, 1, 11, 1, 0, 2, 1, 1, 1, 5, 3, 2, 1, 2, 1, 4, 2, 1, 1, 2, 4, 4, 1, 4, 2, 2, 3, 1, 1, 6, 4, 2, 1, 4, 1, 3, 4, 2, 3, 1, 1, 2, 1, 1, 2, 3, 4, 1, 1, 3, 2, 3, 2, 1, 1, 0, 3, 5, 1, 4, 1, 0, 2, 4, 4, 1, 1, 1, 2, 4, 8, 4, 3, 2, 1, 1, 3, 2, 4, 1, 1, 0, 1, 1, 2, 2, 1, 1, 2, 7, 2, 5, 5, 2, 2, 2, 3, 2, 1, 3, 4, 1, 1, 2, 1, 1, 1, 3, 2, 1, 1, 3, 1, 6, 3, 5, 1, 6, 10, 1, 1, 1, 1, 1, 1, 2, 4, 1, 1, 3, 1, 2, 1, 1, 2, 1, 1, 2, 4, 4, 3, 5, 1, 6, 2, 1, 1, 3, 1, 1, 1, 2, 5, 1, 1, 4, 3, 2, 4, 8, 1, 1, 1, 1, 8, 3, 1, 1, 1, 4, 1, 0, 1, 1, 8, 3, 3, 0, 1, 3, 4, 2, 4, 5, 1, 1, 2, 7, 1, 5, 1, 2, 1, 6, 3, 1, 1, 1, 1, 1, 2, 1]

Mean:2.188
Median:2.0
Mode:1
Seed:808


[0, 0, 1, 0, 1, 1, 0, 0, 0, 0, 0, 0, 1, 1, 0, 1, 1, 0, 1, 0, 0, 1, 2, 0, 0, 1, 1, 1, 0, 1, 2, 1, 1, 0, 0, 0, 0, 0, 0, 1, 2, 1, 0, 1, 0, 1, 0, 1, 1, 1, 1, 1, 0, 0, 0, 1, 1, 2, 1, 1, 0, 0, 3, 0, 0, 0, 1, 0, 1, 0, 1, 1, 1, 0, 0, 1, 0, 1, 1, 0, 1, 0, 1, 0, 0, 1, 1, 1, 2, 1, 0, 0, 1, 0, 1, 1, 1, 1, 1, 1, 0, 2, 1, 0, 1, 0, 1, 0, 1, 2, 1, 1, 1, 0, 2, 0, 1, 1, 1, 1, 0, 1, 1, 1, 1, 0, 1, 0, 1, 0, 1, 0, 0, 0, 1, 0, 0, 1, 1, 2, 0, 1, 0, 0, 1, 1, 0, 1, 1, 0, 1, 1, 0, 1, 0, 0, 2, 0, 1, 1, 0, 0, 0, 0, 2, 0, 0, 1, 1, 1, 2, 1, 0, 0, 1, 0, 0, 2, 0, 1, 1, 0, 1, 1, 0, 1, 1, 1, 2, 1, 0, 0, 1, 0, 1, 0, 0, 0, 1, 0, 1, 0, 0, 1, 1, 2, 0, 1, 2, 0, 0, 0, 0, 0, 0, 1, 1, 0, 1, 1, 1, 1, 2, 1, 1, 1, 1, 1, 0, 0, 2, 1, 1, 0, 2, 1, 0, 1, 0, 0, 1, 0, 1, 1, 1, 0, 1, 1, 1, 0, 0, 0, 1, 1, 1, 1, 1, 1, 0, 1, 1, 1, 1, 0, 0, 0, 1, 1, 0, 1, 0, 0, 2, 1, 0, 0, 0, 1, 0, 1, 1, 0, 0, 0, 1, 1, 2, 1, 0, 0, 0, 1, 0, 0, 1, 1, 0, 1, 2, 1, 1, 1, 0, 1, 0, 2, 2, 1, 0, 2, 1, 0, 1, 1, 0, 0, 1, 2, 1, 0, 1, 0, 0, 1, 0, 0, 1, 1, 1, 2, 0, 1, 0, 1, 1, 1, 1, 1, 2, 0, 0, 2, 0, 0, 1, 1, 1, 0, 0, 2, 0, 1, 0, 0, 0, 1, 0, 1, 0, 0, 1, 1, 1, 1, 0, 1, 0, 1, 1, 0, 1, 1, 0, 0, 0, 0, 0, 0, 2, 0, 1, 2, 0, 1, 1, 1, 0, 1, 0, 1, 0, 1, 0, 1, 1, 0, 1, 0, 1, 1, 2, 0, 1, 0, 1, 0, 1, 1, 0, 1, 0, 1, 0, 1, 1, 0, 0, 0, 2, 1, 1, 0, 1, 1, 1, 1, 1, 1, 1, 0, 1, 0, 1, 0, 1, 0, 1, 1, 0, 2, 0, 0, 2, 1, 1, 0, 1, 1, 1, 0, 1, 0, 1, 1, 1, 2, 0, 1, 0, 0, 1, 1, 0, 2, 0, 1, 1, 1, 0, 0, 0, 1, 2, 0, 1, 1, 1, 0, 0, 2, 2, 1, 0, 1, 0, 0, 1, 1, 1, 0, 1, 1, 2, 0, 1, 1, 0, 1, 1, 1]

Mean:0.668
Median:1.0
Mode:1
Seed:42


[13, 0, 1, 15, 7, 14, 14, 2, 9, 8, 11, 4, 4, 14, 5, 11, 1, 6, 15, 5, 11, 2, 2, 13, 14, 6, 12, 0, 7, 1, 14, 5, 0, 1, 0, 9, 9, 6, 1, 14, 14, 6, 14, 8, 2, 14, 10, 10, 10, 1, 14, 0, 6, 6, 14, 0, 13, 2, 5, 14, 0, 10, 8, 8, 6, 15, 6, 14, 5, 2, 0, 10, 7, 7, 1, 14, 11, 11, 14, 14, 14, 5, 2, 2, 3, 14, 6, 14, 8, 0, 14, 3, 15, 14, 2, 11, 1, 4, 1, 6, 3, 14, 12, 7, 0, 14, 10, 9, 10, 4, 3, 5, 2, 14, 6, 13, 2, 2, 2, 5, 7, 2, 1, 7, 10, 12, 2, 5, 3, 1, 7, 1, 14, 6, 7, 13, 5, 1, 5, 8, 3, 0, 3, 3, 4, 2, 14, 6, 14, 9, 0, 15, 2, 14, 6, 0, 15, 11, 0, 5, 5, 0, 3, 6, 0, 14, 7, 6, 8, 0, 6, 14, 0, 8, 11, 4, 2, 15, 1, 13, 14, 15, 14, 9, 0, 5, 2, 1, 1, 16, 15, 8, 0, 1, 4, 7, 14, 14, 1, 2, 5, 1, 13, 1, 7, 14, 3, 1, 6, 9, 9, 9, 5, 3, 2, 14, 8, 15, 12, 10, 2, 10, 2, 3, 1, 10, 2, 14, 1, 12, 13, 1, 8, 3, 0, 1, 10, 6, 5, 7, 4, 3, 2, 7, 1, 16, 7, 4, 3, 8, 15, 3, 2, 5, 15, 14, 13, 14, 15, 2, 4, 3, 4, 17, 3, 11, 7, 6, 4, 1, 10, 0, 11, 5, 8, 4, 3, 14, 6, 13, 14, 8, 9, 7, 1, 14, 11, 8, 10, 6, 1, 15, 14, 12, 5, 1, 2, 1, 4, 5, 3, 10, 13, 14, 7, 5, 14, 16, 5, 0, 5, 3, 6, 2, 15, 15, 2, 15, 0, 0, 1, 6, 1, 2, 0, 15, 13, 15, 8, 7, 3, 14, 0, 8, 16, 14, 14, 1, 5, 12, 1, 0, 2, 6, 14, 4, 14, 3, 8, 3, 8, 0, 5, 16, 2, 3, 0, 14, 4, 11, 14, 14, 1, 9, 9, 6, 0, 4, 3, 10, 5, 7, 11, 1, 14, 10, 14, 11, 3, 15, 14, 14, 14, 6, 14, 5, 3, 1, 14, 2, 4, 3, 14, 14, 3, 13, 14, 2, 12, 9, 14, 0, 4, 14, 7, 7, 14, 15, 0, 1, 14, 0, 13, 11, 12, 14, 9, 6, 7, 3, 6, 15, 14, 6, 1, 9, 0, 5, 8, 14, 12, 2, 14, 15, 2, 14, 13, 1, 1, 1, 7, 6, 13, 0, 6, 0, 4, 3, 0, 13, 0, 14, 14, 14, 7, 13, 0, 10, 0, 0, 2, 5, 5, 14, 3, 2, 14, 2, 4, 14, 9, 11, 6, 6, 14, 0, 13, 14, 15, 3, 14, 5, 7, 3, 2, 4, 1, 14, 1, 10, 10, 2, 0, 3, 4, 2, 6, 16, 14, 4]

Mean:7.138
Median:6.0
Mode:14
Seed:934


[1, 1, 0, 1, 2, 1, 1, 1, 1, 1, 2, 1, 1, 1, 0, 1, 0, 0, 2, 0, 1, 1, 1, 1, 1, 1, 1, 2, 0, 1, 2, 0, 1, 0, 1, 0, 2, 1, 1, 0, 1, 1, 1, 1, 1, 0, 3, 0, 0, 2, 0, 1, 2, 0, 2, 4, 1, 2, 1, 2, 2, 1, 0, 0, 0, 2, 0, 1, 1, 1, 1, 2, 1, 4, 0, 1, 2, 2, 0, 1, 2, 2, 1, 1, 1, 1, 2, 1, 0, 2, 1, 2, 2, 0, 3, 2, 1, 1, 0, 2, 0, 1, 1, 1, 0, 2, 1, 1, 1, 1, 0, 3, 1, 0, 2, 1, 1, 2, 1, 1, 2, 0, 1, 1, 1, 0, 0, 0, 0, 1, 0, 1, 1, 0, 0, 1, 1, 1, 1, 1, 0, 1, 0, 0, 2, 1, 1, 1, 0, 2, 1, 1, 1, 3, 1, 1, 3, 2, 1, 2, 1, 1, 1, 0, 1, 1, 1, 1, 1, 0, 1, 2, 2, 2, 2, 1, 1, 0, 3, 1, 1, 1, 0, 1, 2, 1, 0, 1, 1, 1, 0, 1, 1, 0, 1, 1, 2, 0, 2, 2, 2, 1, 1, 1, 2, 0, 1, 1, 2, 1, 1, 0, 0, 0, 1, 1, 1, 1, 1, 1, 2, 2, 1, 2, 2, 2, 2, 1, 2, 0, 3, 1, 1, 0, 1, 1, 2, 2, 0, 1, 2, 0, 1, 0, 1, 1, 1, 1, 2, 1, 2, 1, 2, 1, 0, 0, 1, 1, 1, 2, 1, 1, 2, 1, 0, 0, 0, 2, 1, 2, 1, 1, 1, 1, 1, 2, 3, 3, 0, 2, 2, 1, 0, 0, 0, 0, 1, 1, 1, 2, 0, 2, 0, 1, 1, 1, 1, 1, 1, 0, 1, 1, 0, 1, 4, 2, 1, 1, 1, 1, 0, 2, 3, 1, 2, 0, 3, 0, 0, 0, 3, 1, 2, 0, 1, 0, 1, 1, 1, 2, 3, 1, 1, 1, 1, 1, 0, 2, 0, 0, 1, 1, 1, 0, 1, 1, 1, 1, 0, 0, 1, 1, 0, 2, 1, 2, 0, 0, 1, 1, 2, 1, 0, 0, 1, 2, 1, 1, 2, 2, 1, 2, 2, 1, 1, 1, 0, 3, 0, 2, 0, 3, 0, 2, 0, 0, 1, 1, 1, 0, 0, 1, 3, 1, 0, 1, 2, 1, 1, 0, 3, 0, 0, 2, 1, 1, 1, 3, 3, 1, 2, 1, 0, 1, 0, 1, 1, 1, 1, 1, 1, 1, 0, 2, 0, 4, 0, 0, 1, 0, 1, 1, 1, 1, 1, 1, 2, 1, 1, 0, 1, 2, 0, 2, 0, 1, 1, 1, 1, 2, 2, 2, 1, 0, 2, 1, 2, 1, 1, 3, 2, 1, 1, 1, 1, 1, 0, 3, 1, 1, 1, 1, 3, 1, 2, 0, 1, 0, 1, 0, 1, 0, 1, 0, 0, 2, 1, 1, 1, 1, 2, 1, 2, 1, 2, 0, 0, 1, 2, 1]

Mean:1.07
Median:1.0
Mode:1
Seed:125


[2, 1, 0, 0, 1, 0, 3, 0, 0, 2, 0, 4, 1, 0, 0, 0, 0, 0, 2, 0, 0, 0, 0, 0, 1, 0, 1, 1, 0, 0, 0, 0, 0, 1, 0, 0, 0, 2, 0, 0, 1, 0, 4, 1, 2, 2, 0, 0, 0, 0, 0, 1, 0, 0, 0, 0, 0, 6, 0, 2, 1, 0, 0, 0, 4, 3, 1, 1, 9, 1, 0, 0, 0, 1, 0, 0, 0, 0, 0, 1, 0, 3, 0, 1, 0, 0, 0, 2, 1, 1, 0, 0, 1, 2, 1, 1, 0, 0, 1, 0, 3, 0, 0, 0, 5, 0, 1, 2, 5, 1, 1, 1, 1, 0, 0, 2, 0, 0, 2, 1, 0, 1, 0, 0, 1, 1, 0, 2, 1, 0, 1, 1, 0, 0, 0, 1, 0, 0, 3, 0, 3, 0, 0, 1, 7, 0, 0, 0, 0, 0, 3, 1, 0, 5, 1, 0, 1, 0, 1, 3, 0, 0, 2, 0, 0, 0, 0, 1, 0, 0, 1, 0, 3, 0, 0, 1, 1, 0, 1, 3, 0, 0, 2, 6, 0, 0, 0, 0, 1, 0, 0, 2, 0, 1, 0, 1, 1, 0, 2, 0, 0, 0, 0, 2, 1, 1, 0, 0, 0, 0, 3, 3, 0, 1, 0, 0, 1, 1, 0, 2, 0, 0, 0, 1, 2, 1, 1, 1, 1, 1, 0, 1, 0, 1, 1, 1, 0, 0, 0, 1, 0, 0, 0, 0, 2, 4, 1, 0, 2, 1, 1, 0, 3, 1, 0, 7, 1, 1, 0, 0, 0, 1, 1, 0, 0, 3, 1, 0, 0, 3, 0, 6, 0, 0, 1, 1, 4, 0, 1, 0, 0, 1, 1, 1, 0, 0, 0, 0, 0, 1, 4, 2, 0, 1, 0, 2, 0, 1, 0, 0, 1, 0, 2, 0, 0, 0, 1, 0, 1, 0, 0, 2, 3, 0, 1, 2, 0, 4, 0, 1, 0, 1, 0, 4, 0, 0, 0, 0, 2, 4, 3, 0, 1, 3, 3, 1, 0, 1, 0, 1, 1, 0, 3, 0, 1, 1, 1, 0, 1, 0, 0, 1, 0, 1, 0, 2, 1, 0, 0, 2, 0, 2, 0, 0, 2, 0, 0, 0, 1, 0, 0, 1, 0, 1, 0, 1, 0, 2, 1, 1, 0, 2, 0, 4, 0, 1, 1, 0, 2, 1, 1, 1, 3, 0, 3, 2, 0, 0, 2, 1, 2, 0, 0, 2, 0, 0, 4, 0, 0, 1, 0, 0, 0, 0, 1, 3, 1, 1, 0, 1, 1, 3, 0, 0, 3, 4, 0, 0, 0, 1, 4, 0, 0, 0, 0, 0, 0, 0, 9, 0, 1, 1, 0, 3, 0, 0, 2, 0, 1, 0, 2, 0, 2, 0, 0, 1, 1, 1, 0, 0, 1, 1, 1, 0, 2, 2, 7, 0, 0, 0, 1, 0, 3, 0, 0, 0, 1, 0, 1, 2, 0, 2, 0, 0, 0, 2, 0, 0, 0, 1, 0, 4, 0, 0, 0, 9, 0, 2, 0, 0]

Mean:0.896
Median:0.0
Mode:0
Seed:718


[13, 16, 13, 15, 13, 3, 15, 14, 15, 15, 10, 17, 15, 14, 3, 9, 15, 13, 9, 14, 15, 13, 13, 5, 13, 14, 13, 4, 5, 13, 8, 14, 15, 14, 15, 10, 13, 13, 14, 2, 10, 8, 13, 1, 2, 13, 3, 13, 15, 14, 14, 14, 1, 15, 13, 16, 8, 16, 14, 13, 14, 15, 14, 14, 13, 16, 16, 15, 13, 3, 15, 10, 14, 12, 14, 15, 13, 13, 8, 3, 14, 16, 13, 13, 13, 11, 15, 13, 13, 13, 7, 13, 14, 14, 2, 3, 12, 15, 9, 14, 8, 9, 8, 4, 14, 15, 9, 13, 16, 15, 14, 13, 13, 15, 7, 13, 13, 1, 15, 8, 14, 14, 14, 7, 14, 13, 1, 14, 14, 8, 14, 12, 15, 15, 14, 3, 13, 13, 10, 15, 14, 13, 11, 14, 1, 13, 13, 3, 17, 13, 6, 9, 15, 14, 13, 17, 13, 16, 14, 13, 14, 8, 12, 14, 15, 4, 16, 16, 16, 14, 13, 13, 14, 13, 14, 13, 17, 15, 13, 4, 14, 13, 13, 13, 14, 7, 1, 15, 16, 6, 7, 14, 13, 13, 8, 15, 13, 14, 14, 15, 4, 13, 9, 14, 15, 13, 13, 14, 13, 14, 12, 2, 13, 6, 14, 13, 12, 13, 13, 17, 15, 14, 14, 14, 13, 13, 14, 14, 15, 13, 13, 13, 14, 9, 13, 14, 16, 13, 6, 7, 13, 14, 15, 13, 15, 15, 16, 13, 13, 4, 14, 13, 13, 16, 14, 1, 13, 8, 14, 14, 4, 13, 14, 13, 4, 15, 13, 13, 16, 13, 14, 14, 5, 1, 14, 16, 2, 14, 8, 14, 13, 17, 13, 9, 11, 14, 14, 13, 15, 13, 11, 17, 8, 14, 13, 15, 2, 15, 15, 13, 13, 16, 13, 13, 14, 13, 13, 13, 15, 14, 14, 13, 13, 11, 14, 15, 13, 16, 3, 4, 13, 15, 2, 9, 13, 13, 8, 13, 15, 15, 13, 15, 13, 9, 10, 10, 15, 14, 15, 14, 16, 15, 7, 10, 13, 17, 14, 8, 13, 15, 13, 16, 11, 14, 4, 13, 13, 14, 13, 14, 9, 7, 15, 16, 15, 17, 16, 13, 13, 10, 13, 13, 15, 16, 13, 14, 13, 13, 17, 9, 14, 5, 10, 15, 13, 14, 13, 15, 16, 14, 13, 17, 6, 14, 14, 14, 5, 14, 6, 14, 14, 16, 14, 14, 13, 17, 2, 13, 13, 15, 13, 16, 15, 13, 13, 12, 12, 12, 15, 14, 14, 14, 14, 14, 15, 15, 14, 19, 14, 13, 13, 6, 12, 14, 11, 15, 13, 13, 11, 13, 2, 13, 13, 13, 8, 7, 7, 13, 14, 13, 13, 15, 17, 2, 14, 14, 8, 15, 13, 15, 13, 13, 13, 15, 13, 1, 7, 13, 13, 7, 14, 13, 8, 15, 13, 14, 4, 14, 14, 14, 13, 13, 15, 18, 13, 13, 1, 10, 17, 12, 13, 13, 16, 13, 15, 15, 4, 12, 15, 1]

Mean:12.192
Median:13.0
Mode:13
Seed:980


[2, 2, 1, 7, 3, 3, 1, 5, 4, 1, 6, 3, 4, 2, 9, 2, 3, 2, 1, 6, 1, 6, 2, 3, 2, 3, 2, 4, 0, 5, 8, 2, 5, 1, 3, 5, 5, 4, 2, 2, 3, 3, 1, 1, 1, 2, 1, 5, 4, 3, 3, 5, 3, 2, 5, 3, 10, 2, 3, 9, 5, 1, 2, 6, 2, 1, 1, 2, 8, 7, 1, 1, 1, 4, 2, 1, 1, 4, 2, 4, 5, 1, 2, 2, 11, 1, 1, 3, 1, 1, 4, 1, 1, 4, 2, 4, 1, 1, 2, 3, 1, 2, 3, 6, 1, 2, 4, 3, 3, 2, 1, 5, 1, 1, 2, 0, 2, 2, 1, 1, 6, 5, 3, 1, 2, 3, 2, 1, 4, 10, 3, 4, 2, 3, 4, 4, 2, 2, 1, 2, 6, 2, 0, 2, 5, 4, 6, 3, 0, 3, 4, 1, 4, 2, 6, 2, 1, 4, 2, 6, 4, 1, 3, 1, 1, 1, 2, 2, 1, 2, 1, 4, 1, 4, 2, 1, 1, 3, 2, 5, 3, 0, 2, 1, 4, 9, 7, 2, 1, 6, 1, 8, 1, 1, 14, 1, 2, 1, 5, 1, 11, 1, 5, 2, 1, 8, 1, 1, 3, 4, 21, 4, 1, 3, 2, 2, 1, 2, 1, 2, 5, 3, 1, 4, 6, 1, 2, 2, 1, 2, 1, 3, 1, 4, 1, 3, 1, 5, 1, 3, 1, 1, 2, 5, 1, 2, 2, 2, 5, 0, 1, 4, 3, 10, 3, 5, 6, 1, 2, 1, 1, 4, 2, 1, 1, 3, 1, 3, 5, 5, 1, 4, 3, 1, 2, 6, 1, 4, 1, 4, 6, 3, 2, 1, 5, 1, 2, 1, 7, 4, 1, 1, 1, 1, 1, 0, 4, 2, 1, 3, 2, 2, 2, 1, 3, 4, 1, 1, 2, 4, 5, 6, 1, 0, 3, 3, 1, 5, 2, 2, 10, 1, 1, 1, 0, 1, 2, 1, 1, 1, 1, 2, 5, 4, 3, 3, 2, 2, 1, 2, 1, 1, 2, 1, 2, 1, 1, 1, 2, 2, 1, 4, 6, 2, 5, 2, 12, 3, 1, 1, 1, 1, 1, 4, 1, 1, 3, 1, 2, 2, 2, 1, 1, 4, 3, 1, 3, 2, 5, 1, 1, 1, 6, 1, 1, 4, 2, 1, 1, 6, 1, 3, 1, 1, 1, 5, 1, 2, 4, 4, 2, 2, 2, 2, 6, 2, 1, 4, 3, 3, 4, 1, 1, 1, 5, 4, 6, 1, 1, 2, 1, 7, 1, 3, 2, 2, 4, 1, 3, 4, 1, 3, 2, 1, 1, 1, 2, 2, 2, 2, 1, 2, 2, 2, 3, 1, 8, 1, 1, 1, 3, 1, 3, 1, 2, 1, 9, 1, 2, 7, 1, 1, 2, 2, 1, 1, 1, 1, 2, 7, 3, 1, 15, 3, 3, 4, 4, 0, 2, 3, 2, 0, 1, 3, 1, 3, 11, 1, 6, 1, 2, 3, 1, 1, 1, 6, 1, 2, 1, 0]

Mean:2.718
Median:2.0
Mode:1
Seed:870


Seeds:
[395, 3, 242, 808, 42, 934, 125, 718, 980, 870]

Means:
[14.462, 4.64, 2.716, 2.188, 0.668, 7.138, 1.07, 0.896, 12.192, 2.718]

Medians:
[14.0, 4.0, 2.0, 2.0, 1.0, 6.0, 1.0, 0.0, 13.0, 2.0]

Modes:
[14, 1, 1, 1, 1, 14, 1, 0, 13, 1]


Top Level Results:
Mean:4.8688
Median:2.0
Mode:1



