[1, 1, 3, 5, 1, 2, 1, 4, 1, 2, 4, 1, 1, 1, 4, 1, 1, 2, 4, 5, 1, 1, 2, 2, 5, 1, 4, 1, 1, 1, 2, 2, 1, 2, 1, 2, 2, 2, 1, 1, 5, 2, 4, 1, 2, 1, 1, 1, 2, 3, 1, 5, 2, 1, 1, 2, 1, 3, 2, 2, 2, 2, 3, 1, 1, 2, 2, 10, 3, 1, 3, 2, 1, 2, 1, 1, 3, 1, 5, 2, 1, 2, 2, 1, 1, 2, 1, 2, 5, 2, 3, 2, 1, 1, 3, 1, 2, 1, 1, 1, 2, 4, 4, 3, 1, 5, 3, 6, 5, 1, 2, 2, 2, 3, 1, 1, 1, 1, 1, 1, 2, 1, 2, 1, 1, 2, 1, 1, 2, 2, 4, 2, 1, 1, 1, 4, 1, 2, 8, 2, 2, 3, 3, 1, 2, 1, 1, 1, 1, 1, 2, 1, 1, 1, 3, 1, 1, 1, 6, 2, 1, 2, 1, 2, 4, 2, 3, 2, 1, 1, 5, 1, 6, 2, 1, 1, 1, 1, 1, 5, 2, 3, 1, 1, 1, 4, 1, 3, 2, 1, 1, 1, 2, 2, 1, 3, 3, 2, 1, 2, 3, 2, 2, 1, 3, 3, 1, 5, 2, 1, 1, 3, 1, 1, 4, 3, 1, 2, 3, 1, 3, 2, 3, 5, 1, 1, 2, 3, 1, 3, 1, 3, 1, 2, 1, 4, 2, 3, 4, 3, 3, 2, 1, 4, 2, 6, 1, 2, 1, 2, 1, 2, 2, 5, 1, 1, 1, 1, 1, 4, 1, 3, 3, 4, 2, 2, 3, 1, 1, 2, 1, 5, 2, 1, 2, 2, 6, 1, 3, 1, 1, 2, 3, 3, 4, 2, 1, 1, 1, 1, 1, 3, 1, 2, 1, 1, 1, 3, 4, 1, 1, 1, 1, 1, 2, 3, 1, 2, 2, 1, 2, 4, 1, 1, 3, 1, 2, 9, 1, 1, 2, 6, 1, 1, 1, 2, 5, 1, 2, 1, 1, 2, 2, 1, 3, 2, 1, 2, 1, 2, 1, 1, 1, 2, 1, 1, 3, 1, 2, 7, 1, 1, 3, 2, 2, 7, 2, 1, 3, 4, 2, 2, 2, 1, 1, 3, 5, 4, 1, 2, 2, 3, 6, 1, 2, 1, 1, 1, 2, 2, 3, 2, 1, 1, 3, 1, 7, 2, 2, 1, 1, 4, 4, 2, 1, 3, 1, 1, 1, 1, 1, 1, 1, 1, 1, 5, 1, 3, 2, 1, 1, 1, 1, 3, 1, 2, 3, 1, 3, 2, 5, 4, 4, 1, 3, 1, 2, 2, 3, 2, 1, 2, 5, 1, 1, 5, 2, 1, 3, 1, 1, 3, 1, 3, 1, 4, 2, 2, 2, 1, 2, 1, 1, 5, 1, 4, 1, 2, 4, 3, 1, 3, 1, 2, 4, 1, 1, 3, 1, 2, 3, 2, 1, 2, 1, 2, 1, 4, 1, 6, 7, 1, 1, 1, 1, 1, 4, 4, 2, 1, 5, 3, 4, 1, 3, 8, 3, 1, 1, 1, 5, 2, 1, 1, 5, 1, 1, 6, 2, 1, 3, 2, 3, 2, 1, 2, 2, 1, 2, 2, 1, 1, 1, 1, 2, 1, 1, 1, 4, 3, 2, 1, 4, 2, 6, 5, 1, 2, 2, 2, 2, 1, 1, 1, 1, 1, 2, 1, 5, 1, 1, 1, 2, 5, 2, 5, 1, 2, 1, 1, 1, 3, 3, 1, 3, 1, 2, 2, 1, 1, 1, 6, 3, 2, 1, 2, 2, 2, 1, 1, 1, 1, 2, 1, 1, 2, 2, 1, 4, 3, 4, 1, 1, 1, 1, 3, 3, 2, 1, 2, 1, 1, 3, 2, 1, 4, 1, 4, 6, 1, 2, 1, 1, 1, 1, 3, 1, 3, 4, 1, 3, 4, 2, 3, 1, 1, 1, 1, 2, 6, 1, 1, 1, 1, 2, 1, 6, 3, 4, 1, 2, 2, 3, 4, 1, 1, 1, 2, 1, 1, 1, 1, 5, 1, 1, 1, 2, 1, 4, 1, 2, 4, 1, 6, 1, 2, 1, 3, 1, 6, 6, 1, 2, 1, 1, 16, 1, 1, 1, 2, 1, 6, 1, 1, 2, 1, 1, 1, 1, 4, 1, 2, 4, 2, 1, 1, 1, 1, 3, 2, 1, 7, 9, 2, 1, 1, 1, 2, 1, 1, 3, 1, 3, 1, 2, 2, 1, 2, 2, 1, 1, 1, 5, 5, 2, 2, 1, 3, 1, 3, 1, 1, 2, 1, 6, 3, 2, 2, 3, 7, 1, 2, 2, 1, 2, 4, 1, 1, 5, 4, 1, 3, 4, 1, 1, 3, 1, 3, 1, 2, 1, 1, 1, 1, 1, 3, 2, 1, 4, 1, 1, 1, 2, 4, 1, 1, 4, 1, 1, 7, 1, 1, 2, 1, 4, 2, 1, 4, 3, 6, 1, 3, 1, 1, 1, 1, 3, 2, 1, 3, 1, 1, 3, 1, 1, 1, 3, 2, 2, 1, 1, 2, 2, 1, 3, 1, 2, 1, 1, 1, 2, 2, 1, 1, 2, 3, 2, 4, 1, 2, 1, 1, 2, 5, 2, 1, 2, 3, 1, 5, 1, 1, 4, 4, 3, 3, 1, 5, 1, 3, 3, 3, 1, 1, 1, 3, 1, 1, 2, 1, 3, 1, 3, 5, 3, 1, 3, 2, 1, 1, 1, 3, 3, 1, 2, 1, 4, 1, 2, 1, 1, 1, 1, 7, 2, 3, 1, 3, 1, 1, 2, 1, 2, 1, 3, 5, 2, 1, 1, 2, 2, 1, 1, 2, 1, 1, 1, 1, 2, 2, 1, 2, 2, 1, 1, 5, 3, 1, 1, 1, 3, 1, 3, 1, 1, 4, 1, 2, 1, 1, 1, 1, 1, 2, 1, 2, 1, 1, 1, 2, 3, 1, 1, 1, 1, 3, 3, 3, 1, 1, 1, 1, 2, 1, 1, 1, 4, 1, 1, 1, 1, 2, 1, 4, 2, 2, 5, 1, 3, 1, 1, 7, 1, 1, 4, 1, 1, 2, 2, 1, 5, 1, 2, 1, 1, 5, 4, 1, 1, 1, 1, 1, 1, 2, 2, 1, 2, 2, 4, 1]

Mean:2.078
Median:2.0
Mode:1
Seed:153


Seeds:
[153]

Means:
[2.078]

Medians:
[2.0]

Modes:
[1]


Top Level Results:
Mean:2.078
Median:2.0
Mode:1








Variables:
# CONSTANTS
S_RIGHT, S_LEFT, S_UP, S_DOWN = 0, 1, 2, 3
XSIZE, YSIZE = 14, 14
NFOOD = 1

#VARIABLES
MAX_HEIGHT = 17
PARSIMONY_SIZE = 1.3
TOURNAMENT_FITNESS_SIZE = 7
CX_ONEPOINT_MAX_SIZE = 3
CROSS_PROB = 0.8
MUT_PROB = 0.2
ITERATIONS = 5
INDIVIDUAL_ITER = 4
HOF_SIZE = 2
POPULATION_SIZE = 350
FIT_FUNC = "steps"
FIT_TYPE = "average"