[2, 0, 1, 0, 1, 0, 0, 2, 1, 2, 1, 0, 0, 0, 0, 1, 0, 1, 0, 5, 2, 2, 0, 0, 0, 1, 3, 2, 0, 2, 1, 1, 2, 3, 2, 0, 0, 0, 2, 0, 2, 0, 1, 0, 2, 1, 1, 0, 2, 0, 1, 0, 1, 1, 2, 1, 1, 2, 1, 1, 1, 2, 1, 2, 2, 1, 0, 1, 3, 0, 1, 5, 0, 3, 0, 1, 0, 2, 1, 0, 1, 2, 0, 0, 0, 0, 0, 2, 2, 0, 1, 0, 1, 1, 3, 0, 0, 1, 4, 0, 1, 2, 0, 0, 1, 1, 0, 1, 1, 1, 1, 2, 1, 1, 0, 1, 1, 2, 1, 1, 1, 1, 0, 0, 0, 4, 3, 0, 0, 0, 1, 1, 1, 0, 1, 2, 2, 1, 3, 0, 0, 1, 2, 1, 1, 3, 2, 0, 0, 4, 2, 2, 2, 2, 2, 1, 1, 1, 2, 1, 0, 0, 1, 0, 0, 0, 2, 0, 1, 2, 0, 0, 1, 1, 1, 1, 3, 1, 2, 0, 0, 1, 0, 0, 0, 2, 1, 0, 0, 0, 1, 1, 2, 1, 1, 0, 0, 0, 0, 2, 1, 0, 0, 1, 1, 2, 0, 1, 3, 1, 1, 0, 2, 1, 1, 0, 1, 1, 3, 0, 1, 2, 2, 3, 0, 0, 1, 1, 0, 0, 0, 1, 2, 1, 2, 1, 2, 1, 1, 1, 1, 1, 0, 0, 2, 1, 0, 2, 0, 1, 1, 1, 2, 1, 3, 0, 0, 0, 0, 1, 0, 1, 0, 3, 0, 1, 0, 0, 1, 1, 1, 0, 2, 2, 1, 2, 1, 1, 0, 1, 1, 0, 0, 1, 1, 2, 0, 1, 0, 0, 2, 1, 0, 1, 0, 1, 1, 1, 0, 1, 0, 1, 0, 0, 0, 2, 1, 2, 1, 0, 1, 0, 1, 0, 1, 1, 1, 6, 0, 2, 2, 1, 3, 0, 0, 1, 3, 2, 1, 0, 0, 0, 1, 1, 3, 1, 1, 1, 1, 0, 0, 1, 1, 0, 0, 3, 0, 1, 0, 0, 2, 0, 1, 2, 1, 2, 0, 1, 0, 1, 0, 1, 1, 0, 3, 1, 0, 1, 1, 0, 1, 1, 2, 1, 1, 1, 2, 1, 1, 0, 0, 2, 1, 0, 0, 1, 0, 0, 1, 0, 0, 2, 0, 2, 0, 0, 0, 0, 2, 1, 1, 2, 1, 0, 1, 0, 1, 1, 1, 0, 1, 1, 1, 1, 1, 0, 1, 1, 3, 0, 0, 1, 0, 2, 0, 0, 1, 2, 1, 1, 1, 1, 3, 2, 2, 2, 0, 5, 1, 0, 0, 1, 1, 0, 1, 1, 0, 1, 2, 2, 1, 0, 1, 1, 1, 1, 0, 1, 2, 0, 2, 2, 2, 1, 2, 0, 0, 2, 0, 4, 0, 0, 1, 1, 1, 0, 0, 2, 1, 0, 0, 1, 1, 0, 0, 1, 0, 2, 0, 0, 1, 1, 2, 0, 0, 0, 0, 1, 0, 1]

Mean:0.948
Median:1.0
Mode:1
Seed:912


[0, 0, 0, 0, 1, 0, 0, 0, 1, 0, 0, 0, 1, 0, 0, 0, 0, 0, 0, 0, 0, 0, 0, 0, 0, 0, 0, 0, 0, 1, 5, 0, 0, 0, 0, 0, 0, 0, 0, 8, 0, 2, 1, 3, 1, 1, 0, 0, 0, 0, 0, 0, 0, 0, 0, 0, 0, 0, 0, 0, 2, 0, 1, 0, 2, 0, 1, 1, 0, 0, 0, 0, 0, 0, 0, 0, 0, 0, 0, 1, 0, 0, 0, 0, 0, 0, 0, 1, 0, 1, 0, 0, 0, 4, 0, 1, 0, 0, 0, 0, 0, 1, 0, 1, 0, 0, 0, 0, 0, 0, 1, 0, 0, 0, 0, 1, 1, 0, 0, 0, 2, 0, 0, 0, 0, 2, 0, 1, 0, 0, 5, 0, 0, 0, 0, 3, 2, 0, 0, 3, 0, 0, 0, 0, 2, 0, 0, 0, 0, 0, 0, 0, 0, 0, 0, 1, 0, 0, 2, 2, 0, 0, 0, 0, 2, 1, 0, 0, 1, 0, 1, 0, 0, 2, 0, 0, 0, 0, 0, 0, 0, 0, 0, 0, 1, 0, 0, 1, 0, 0, 0, 0, 0, 1, 0, 1, 1, 0, 0, 1, 1, 0, 0, 1, 0, 0, 1, 0, 0, 2, 0, 0, 0, 0, 0, 4, 0, 0, 0, 0, 0, 1, 0, 0, 0, 0, 1, 0, 0, 0, 0, 0, 0, 1, 0, 0, 0, 3, 0, 0, 0, 0, 0, 0, 0, 0, 0, 0, 0, 0, 0, 0, 0, 0, 0, 0, 0, 0, 0, 0, 3, 0, 5, 0, 3, 0, 7, 0, 2, 0, 1, 1, 0, 1, 2, 0, 0, 0, 0, 2, 0, 0, 0, 0, 1, 0, 0, 0, 0, 0, 0, 0, 0, 0, 2, 0, 0, 0, 0, 0, 1, 5, 0, 0, 2, 1, 0, 1, 0, 0, 0, 2, 0, 0, 4, 0, 1, 0, 0, 0, 0, 0, 0, 0, 1, 1, 0, 0, 0, 0, 1, 0, 0, 0, 0, 0, 2, 0, 1, 0, 0, 0, 0, 0, 0, 0, 0, 0, 0, 0, 0, 0, 0, 0, 0, 0, 0, 3, 1, 0, 2, 0, 0, 0, 0, 0, 0, 1, 0, 0, 0, 0, 0, 0, 0, 0, 0, 2, 0, 0, 1, 0, 0, 0, 0, 0, 0, 0, 0, 0, 0, 0, 0, 0, 0, 0, 0, 0, 0, 0, 2, 1, 0, 4, 3, 0, 1, 0, 0, 1, 1, 0, 0, 0, 0, 0, 0, 0, 0, 0, 0, 1, 0, 0, 1, 0, 0, 2, 0, 4, 2, 0, 0, 0, 0, 0, 3, 1, 1, 0, 0, 6, 0, 1, 0, 0, 0, 0, 0, 0, 0, 1, 0, 0, 0, 0, 0, 0, 1, 1, 0, 0, 1, 0, 0, 0, 0, 0, 0, 1, 0, 0, 0, 0, 0, 1, 3, 0, 1, 0, 0, 5, 0, 0, 0, 0, 1, 0, 0, 0, 3, 0, 0, 0, 0, 0, 1, 0, 0, 1]

Mean:0.434
Median:0.0
Mode:0
Seed:485


[1, 0, 1, 0, 1, 0, 1, 0, 1, 0, 1, 1, 0, 1, 1, 1, 1, 0, 0, 0, 0, 0, 0, 1, 1, 0, 1, 1, 0, 0, 1, 0, 0, 0, 0, 0, 1, 1, 0, 1, 0, 1, 0, 1, 1, 1, 1, 1, 0, 0, 2, 0, 1, 1, 1, 0, 1, 0, 0, 1, 0, 1, 1, 1, 0, 1, 0, 0, 2, 1, 1, 1, 0, 1, 2, 0, 0, 1, 1, 1, 1, 1, 1, 0, 1, 1, 0, 0, 1, 2, 0, 2, 1, 1, 0, 0, 0, 1, 1, 0, 0, 0, 1, 1, 0, 0, 0, 1, 2, 0, 1, 1, 1, 2, 0, 2, 1, 0, 1, 3, 0, 0, 0, 0, 1, 1, 1, 2, 1, 1, 0, 1, 1, 1, 0, 3, 0, 0, 1, 0, 1, 0, 1, 1, 0, 1, 1, 1, 1, 1, 1, 2, 1, 0, 0, 0, 1, 1, 0, 0, 1, 0, 1, 0, 1, 1, 0, 1, 0, 1, 1, 0, 1, 1, 0, 1, 1, 1, 1, 0, 0, 1, 0, 0, 1, 1, 3, 1, 1, 1, 1, 0, 0, 1, 0, 0, 2, 1, 1, 1, 1, 0, 1, 0, 1, 1, 1, 1, 1, 1, 0, 0, 1, 0, 1, 1, 1, 0, 1, 0, 0, 0, 0, 1, 0, 0, 0, 2, 0, 0, 0, 1, 2, 1, 1, 0, 0, 0, 0, 0, 2, 1, 1, 1, 0, 0, 1, 0, 0, 1, 1, 0, 1, 0, 0, 1, 0, 1, 0, 2, 0, 1, 0, 0, 0, 1, 1, 1, 0, 1, 1, 1, 1, 0, 1, 0, 1, 0, 0, 0, 1, 2, 1, 1, 0, 0, 0, 0, 1, 1, 2, 1, 2, 0, 0, 1, 2, 1, 1, 2, 1, 1, 1, 0, 0, 0, 0, 1, 0, 1, 0, 2, 1, 0, 1, 0, 1, 1, 1, 2, 0, 0, 1, 1, 0, 0, 1, 0, 1, 0, 1, 0, 1, 2, 0, 2, 1, 0, 1, 1, 0, 1, 1, 0, 0, 1, 1, 0, 2, 0, 0, 1, 0, 1, 0, 0, 0, 0, 0, 1, 0, 1, 1, 1, 0, 0, 1, 0, 1, 2, 0, 0, 0, 1, 0, 1, 1, 1, 0, 1, 2, 1, 0, 1, 1, 2, 0, 1, 0, 0, 2, 2, 0, 0, 0, 1, 0, 0, 0, 0, 0, 0, 1, 0, 0, 1, 0, 0, 0, 1, 0, 0, 1, 1, 1, 0, 2, 1, 0, 1, 0, 1, 0, 2, 0, 0, 0, 1, 0, 0, 1, 0, 1, 0, 0, 1, 1, 2, 0, 0, 1, 2, 2, 0, 0, 0, 0, 0, 0, 1, 1, 0, 1, 2, 2, 1, 1, 1, 0, 0, 0, 1, 0, 2, 2, 2, 0, 0, 0, 0, 0, 0, 0, 1, 1, 1, 2, 0, 0, 1, 0, 1, 2, 1, 2, 1, 0, 1, 1, 0, 0, 0, 0, 1, 1, 0, 1, 0, 1, 1]

Mean:0.642
Median:1.0
Mode:0
Seed:52


[0, 1, 1, 0, 1, 0, 1, 2, 1, 1, 1, 1, 1, 1, 0, 1, 0, 1, 1, 1, 1, 1, 1, 0, 1, 0, 0, 1, 0, 0, 0, 0, 1, 1, 1, 0, 0, 1, 1, 1, 1, 1, 0, 0, 0, 1, 0, 0, 1, 1, 0, 0, 0, 1, 0, 1, 1, 0, 0, 1, 3, 0, 0, 0, 0, 0, 1, 0, 1, 0, 1, 1, 2, 1, 1, 1, 0, 1, 1, 1, 0, 2, 0, 0, 1, 1, 1, 1, 1, 0, 1, 1, 1, 1, 1, 1, 1, 1, 1, 0, 1, 0, 0, 1, 1, 0, 1, 2, 0, 2, 1, 0, 1, 1, 1, 2, 2, 1, 0, 2, 0, 1, 1, 1, 1, 1, 0, 1, 1, 2, 1, 0, 0, 0, 0, 1, 1, 1, 0, 1, 1, 2, 1, 0, 1, 1, 0, 1, 1, 2, 0, 0, 0, 0, 0, 1, 0, 1, 0, 0, 0, 0, 1, 1, 0, 1, 0, 1, 0, 0, 2, 1, 1, 0, 1, 1, 1, 0, 1, 0, 0, 0, 0, 0, 1, 0, 1, 1, 1, 1, 3, 1, 0, 0, 3, 2, 0, 1, 0, 0, 1, 0, 1, 0, 1, 1, 0, 1, 1, 1, 1, 0, 2, 0, 0, 0, 2, 1, 1, 0, 0, 0, 1, 1, 0, 0, 0, 1, 1, 1, 0, 0, 0, 2, 0, 1, 1, 0, 1, 0, 1, 2, 0, 1, 1, 0, 0, 0, 1, 1, 0, 1, 1, 0, 0, 0, 0, 0, 1, 0, 2, 2, 1, 1, 2, 2, 0, 0, 2, 0, 1, 1, 0, 0, 0, 1, 1, 0, 1, 1, 0, 1, 1, 1, 0, 1, 0, 2, 1, 0, 1, 1, 1, 0, 0, 2, 0, 1, 0, 1, 1, 0, 0, 1, 0, 1, 0, 0, 1, 0, 0, 0, 0, 0, 0, 0, 0, 1, 0, 1, 1, 1, 0, 0, 0, 2, 1, 2, 1, 1, 0, 0, 0, 1, 0, 1, 1, 0, 1, 1, 0, 1, 0, 0, 1, 1, 0, 1, 1, 1, 1, 0, 0, 1, 1, 2, 1, 1, 1, 0, 1, 1, 1, 1, 1, 2, 1, 0, 0, 0, 1, 0, 1, 1, 2, 0, 1, 1, 0, 0, 1, 0, 0, 0, 0, 1, 1, 0, 1, 0, 0, 0, 1, 0, 0, 0, 1, 0, 0, 1, 0, 1, 0, 0, 1, 0, 0, 0, 0, 0, 0, 2, 1, 1, 0, 1, 0, 1, 1, 1, 1, 1, 1, 2, 0, 2, 0, 1, 0, 0, 1, 1, 0, 1, 0, 3, 1, 2, 1, 0, 0, 0, 0, 0, 1, 0, 2, 1, 2, 0, 2, 1, 0, 1, 0, 0, 0, 1, 0, 1, 1, 1, 0, 1, 0, 1, 1, 1, 1, 1, 1, 0, 1, 0, 1, 0, 1, 0, 0, 0, 0, 1, 0, 1, 0, 0, 0, 1, 0, 1, 1, 0, 0, 1, 1, 0, 1, 2, 1, 2]

Mean:0.652
Median:1.0
Mode:1
Seed:88


[15, 15, 14, 15, 14, 14, 14, 14, 14, 14, 14, 14, 15, 15, 14, 15, 15, 14, 14, 17, 15, 14, 14, 14, 14, 14, 16, 14, 14, 15, 14, 14, 14, 14, 14, 14, 14, 14, 14, 15, 14, 17, 15, 17, 14, 14, 14, 14, 15, 14, 14, 14, 15, 15, 14, 14, 14, 14, 14, 15, 14, 17, 17, 14, 17, 16, 14, 14, 15, 16, 14, 15, 14, 14, 15, 14, 14, 14, 14, 14, 14, 18, 14, 14, 15, 14, 14, 14, 16, 15, 15, 14, 14, 14, 15, 14, 16, 14, 14, 15, 14, 14, 14, 14, 14, 14, 14, 14, 14, 14, 17, 16, 15, 14, 14, 15, 14, 14, 15, 14, 14, 16, 14, 15, 15, 15, 14, 14, 15, 15, 14, 14, 14, 14, 16, 15, 15, 14, 14, 15, 14, 14, 15, 14, 14, 14, 14, 14, 14, 16, 14, 15, 15, 14, 14, 14, 15, 14, 14, 15, 14, 14, 14, 15, 15, 14, 14, 15, 14, 14, 14, 14, 14, 14, 14, 14, 15, 14, 14, 14, 14, 16, 14, 15, 16, 14, 15, 14, 17, 15, 15, 16, 14, 14, 14, 14, 15, 14, 15, 14, 15, 15, 14, 14, 14, 15, 14, 14, 14, 15, 14, 14, 14, 14, 14, 15, 14, 15, 14, 16, 14, 15, 14, 14, 16, 14, 14, 14, 14, 14, 14, 14, 14, 15, 15, 14, 15, 16, 16, 14, 15, 15, 14, 14, 14, 14, 14, 14, 14, 15, 14, 14, 15, 15, 14, 15, 14, 14, 16, 15, 14, 14, 15, 14, 15, 14, 15, 15, 14, 15, 15, 14, 15, 14, 14, 16, 14, 15, 15, 14, 15, 14, 15, 15, 14, 15, 14, 14, 15, 14, 14, 14, 15, 15, 14, 14, 14, 14, 14, 17, 15, 14, 14, 15, 14, 15, 15, 16, 16, 14, 15, 14, 14, 14, 15, 14, 17, 14, 14, 15, 14, 15, 14, 14, 14, 14, 14, 14, 15, 15, 14, 18, 14, 14, 15, 14, 14, 14, 15, 14, 15, 14, 15, 14, 16, 14, 14, 14, 14, 14, 15, 16, 14, 14, 14, 15, 14, 14, 16, 14, 16, 15, 14, 14, 14, 15, 14, 14, 14, 15, 15, 15, 15, 14, 14, 15, 14, 14, 15, 15, 16, 14, 14, 14, 14, 14, 15, 14, 14, 16, 15, 14, 14, 15, 14, 14, 14, 14, 14, 15, 14, 15, 14, 14, 14, 14, 16, 14, 14, 17, 15, 14, 14, 14, 15, 14, 14, 14, 14, 16, 14, 16, 16, 14, 16, 14, 16, 14, 15, 14, 18, 16, 15, 15, 14, 15, 14, 14, 14, 15, 14, 15, 14, 14, 14, 14, 14, 15, 14, 14, 15, 15, 14, 14, 15, 14, 14, 14, 16, 14, 15, 14, 15, 15, 14, 14, 14, 14, 14, 15, 15, 14, 14, 16, 14, 15, 16, 15, 15, 14, 14, 14, 14, 14, 14, 14, 14, 14, 15, 14, 14, 14, 14, 14, 14, 14, 14, 15, 14, 16]

Mean:14.506
Median:14.0
Mode:14
Seed:397


[0, 1, 4, 2, 1, 0, 0, 0, 0, 3, 0, 0, 1, 0, 1, 0, 1, 0, 0, 1, 1, 1, 0, 0, 0, 0, 0, 1, 0, 0, 1, 2, 0, 0, 0, 0, 0, 1, 1, 0, 0, 0, 0, 0, 3, 2, 0, 0, 2, 0, 0, 0, 0, 0, 0, 0, 0, 0, 0, 0, 0, 0, 0, 2, 1, 0, 0, 2, 0, 0, 0, 0, 1, 1, 0, 0, 4, 0, 1, 2, 0, 0, 0, 0, 2, 0, 1, 0, 2, 2, 1, 1, 0, 2, 0, 2, 0, 0, 0, 1, 0, 0, 1, 1, 0, 0, 3, 2, 1, 0, 1, 2, 0, 0, 1, 1, 0, 2, 2, 3, 1, 0, 0, 0, 2, 1, 0, 0, 1, 1, 0, 4, 0, 0, 0, 0, 0, 0, 1, 0, 4, 1, 1, 0, 0, 1, 0, 1, 1, 0, 0, 3, 0, 4, 0, 0, 0, 0, 0, 0, 3, 0, 0, 0, 1, 1, 0, 2, 1, 0, 0, 0, 3, 0, 5, 1, 1, 0, 0, 0, 0, 1, 0, 0, 0, 0, 0, 0, 1, 3, 1, 0, 0, 0, 0, 1, 2, 1, 2, 0, 1, 0, 0, 0, 0, 1, 1, 1, 0, 3, 1, 0, 1, 1, 1, 0, 2, 0, 0, 0, 0, 2, 1, 3, 0, 1, 1, 0, 0, 0, 0, 0, 0, 0, 0, 0, 1, 2, 3, 0, 1, 2, 0, 0, 2, 0, 2, 4, 0, 3, 4, 1, 0, 0, 0, 0, 0, 0, 0, 3, 0, 0, 0, 0, 0, 4, 3, 0, 0, 2, 1, 0, 0, 3, 1, 1, 3, 2, 3, 1, 4, 2, 1, 3, 1, 0, 2, 0, 0, 0, 0, 3, 0, 1, 0, 0, 0, 3, 0, 0, 0, 0, 0, 4, 0, 2, 0, 0, 4, 0, 0, 0, 0, 0, 0, 0, 0, 2, 3, 0, 0, 2, 4, 0, 1, 0, 0, 0, 0, 4, 0, 0, 0, 0, 0, 0, 0, 0, 3, 0, 0, 0, 0, 0, 4, 0, 0, 0, 1, 0, 0, 0, 1, 1, 1, 0, 2, 0, 3, 1, 0, 1, 0, 0, 1, 1, 0, 0, 0, 0, 0, 1, 2, 4, 0, 0, 0, 0, 3, 0, 2, 0, 1, 0, 0, 1, 0, 2, 0, 2, 2, 2, 0, 0, 0, 0, 1, 0, 1, 0, 2, 0, 0, 2, 2, 0, 0, 0, 0, 0, 1, 1, 0, 1, 1, 0, 0, 0, 0, 0, 0, 0, 1, 0, 0, 0, 1, 0, 3, 0, 0, 0, 2, 0, 0, 0, 1, 0, 0, 2, 1, 0, 0, 0, 0, 0, 0, 0, 0, 3, 1, 4, 0, 0, 0, 0, 0, 1, 0, 1, 7, 4, 0, 2, 0, 2, 3, 0, 0, 1, 0, 0, 0, 1, 0, 3, 0, 0, 0, 0, 1, 1, 2, 1, 0, 1, 0, 1, 0, 0, 0, 1, 0, 0, 3, 0, 1, 0, 2, 1]

Mean:0.734
Median:0.0
Mode:0
Seed:620


[1, 1, 1, 3, 2, 0, 1, 0, 0, 1, 2, 0, 0, 1, 1, 1, 0, 1, 1, 0, 0, 2, 0, 0, 1, 1, 1, 2, 1, 0, 1, 0, 1, 1, 2, 0, 0, 1, 1, 0, 0, 2, 2, 0, 1, 1, 1, 0, 2, 2, 1, 1, 0, 1, 1, 1, 1, 1, 2, 0, 2, 0, 2, 1, 2, 1, 1, 0, 0, 1, 1, 1, 0, 2, 0, 2, 1, 2, 1, 3, 3, 0, 1, 1, 2, 1, 1, 2, 1, 1, 0, 0, 0, 1, 1, 4, 0, 0, 0, 1, 0, 2, 1, 1, 0, 1, 0, 2, 1, 2, 0, 2, 0, 0, 1, 1, 2, 1, 1, 0, 1, 0, 1, 2, 2, 0, 0, 1, 1, 1, 0, 2, 1, 2, 0, 2, 2, 1, 1, 2, 0, 1, 1, 4, 0, 1, 1, 1, 1, 1, 1, 1, 0, 2, 0, 0, 0, 1, 2, 2, 0, 1, 1, 0, 2, 3, 2, 0, 2, 0, 1, 1, 2, 3, 1, 2, 1, 0, 1, 0, 2, 1, 1, 0, 2, 1, 1, 0, 2, 1, 0, 2, 0, 1, 1, 1, 4, 1, 0, 0, 2, 0, 0, 1, 0, 1, 1, 0, 2, 1, 0, 3, 0, 2, 0, 0, 1, 0, 0, 0, 1, 0, 1, 1, 1, 1, 0, 3, 1, 0, 2, 0, 0, 0, 2, 2, 0, 1, 0, 1, 2, 0, 0, 1, 0, 1, 1, 1, 1, 0, 1, 1, 0, 1, 1, 0, 1, 0, 2, 0, 1, 1, 1, 0, 1, 0, 0, 1, 1, 1, 0, 0, 1, 1, 0, 2, 1, 0, 1, 1, 1, 1, 0, 1, 1, 0, 0, 2, 3, 1, 2, 0, 1, 1, 0, 0, 2, 1, 0, 1, 1, 0, 1, 2, 2, 1, 0, 0, 4, 0, 0, 4, 1, 1, 1, 2, 0, 0, 0, 2, 1, 1, 2, 1, 2, 1, 2, 0, 2, 0, 0, 1, 1, 1, 1, 0, 3, 0, 2, 0, 2, 0, 1, 0, 0, 1, 2, 1, 0, 2, 1, 1, 1, 0, 2, 1, 0, 1, 0, 1, 0, 0, 0, 0, 0, 1, 1, 1, 1, 1, 1, 0, 0, 2, 1, 2, 2, 2, 1, 0, 3, 0, 2, 1, 0, 1, 1, 1, 3, 1, 1, 1, 2, 1, 1, 1, 2, 1, 0, 0, 2, 2, 0, 1, 2, 1, 0, 0, 1, 0, 3, 1, 0, 0, 1, 1, 0, 0, 2, 0, 1, 0, 1, 2, 2, 3, 1, 1, 0, 1, 3, 0, 2, 0, 0, 1, 3, 0, 1, 2, 1, 1, 0, 0, 1, 2, 0, 2, 0, 2, 0, 1, 1, 1, 3, 2, 0, 0, 2, 1, 2, 0, 1, 1, 0, 2, 1, 1, 1, 0, 3, 3, 2, 1, 2, 1, 1, 3, 1, 2, 0, 1, 2, 3, 2, 1, 1, 0, 1, 1, 0, 0, 0, 0, 1, 0, 1, 1, 1, 1]

Mean:0.962
Median:1.0
Mode:1
Seed:651


[1, 1, 1, 1, 1, 0, 0, 1, 0, 0, 0, 0, 0, 1, 0, 1, 1, 2, 0, 2, 2, 0, 0, 1, 1, 3, 0, 0, 0, 1, 2, 1, 0, 1, 0, 0, 0, 1, 0, 0, 2, 1, 0, 1, 1, 1, 0, 1, 0, 0, 1, 0, 0, 1, 1, 0, 0, 1, 1, 1, 1, 1, 1, 0, 1, 1, 1, 1, 1, 1, 1, 0, 1, 0, 1, 1, 0, 0, 0, 0, 1, 1, 1, 2, 0, 0, 0, 1, 0, 0, 0, 0, 0, 1, 1, 0, 1, 1, 2, 1, 2, 2, 1, 2, 1, 1, 0, 1, 0, 0, 1, 1, 0, 1, 1, 0, 0, 1, 0, 1, 1, 1, 1, 1, 1, 1, 1, 1, 1, 1, 1, 1, 0, 1, 1, 1, 1, 0, 1, 0, 1, 0, 0, 0, 0, 1, 1, 0, 0, 1, 0, 3, 0, 1, 0, 2, 0, 2, 0, 0, 1, 1, 1, 1, 0, 1, 0, 1, 0, 1, 1, 1, 1, 0, 1, 1, 0, 2, 1, 1, 2, 0, 2, 0, 0, 1, 1, 1, 0, 2, 1, 0, 0, 1, 2, 0, 1, 1, 0, 0, 0, 0, 0, 0, 0, 1, 2, 0, 0, 0, 0, 1, 0, 0, 1, 0, 0, 1, 1, 2, 2, 1, 0, 1, 1, 0, 1, 1, 0, 1, 1, 1, 1, 1, 0, 1, 0, 0, 0, 1, 1, 1, 0, 0, 1, 0, 1, 1, 1, 1, 0, 1, 1, 0, 2, 0, 1, 0, 0, 0, 0, 1, 1, 2, 1, 0, 1, 1, 0, 1, 1, 1, 0, 0, 0, 0, 2, 0, 0, 1, 1, 1, 1, 1, 1, 1, 1, 1, 0, 0, 0, 0, 0, 1, 0, 1, 0, 2, 2, 0, 1, 1, 0, 1, 0, 2, 0, 0, 0, 1, 1, 0, 0, 1, 1, 0, 2, 0, 0, 2, 0, 1, 2, 1, 0, 2, 0, 0, 0, 0, 1, 0, 0, 1, 0, 0, 0, 0, 0, 0, 0, 0, 1, 2, 1, 2, 1, 1, 2, 1, 1, 0, 0, 1, 1, 2, 1, 1, 1, 0, 1, 0, 0, 2, 0, 1, 2, 0, 0, 0, 1, 0, 0, 0, 0, 1, 1, 1, 0, 1, 1, 0, 0, 1, 1, 2, 0, 2, 0, 0, 0, 1, 0, 2, 1, 1, 3, 0, 1, 1, 1, 0, 0, 1, 0, 0, 0, 0, 2, 0, 0, 1, 0, 1, 1, 1, 0, 0, 0, 0, 0, 0, 1, 0, 0, 2, 0, 1, 1, 0, 1, 3, 0, 0, 1, 1, 1, 1, 1, 0, 0, 0, 0, 1, 1, 0, 0, 1, 0, 2, 1, 0, 0, 0, 2, 0, 0, 1, 0, 1, 0, 1, 0, 0, 1, 0, 0, 0, 0, 0, 1, 0, 1, 1, 2, 1, 0, 0, 2, 0, 0, 0, 1, 1, 0, 1, 1, 1, 1, 1, 1, 0, 0, 2, 2, 0, 2, 0, 0, 1]

Mean:0.656
Median:1.0
Mode:0
Seed:176


[5, 5, 9, 2, 2, 6, 1, 1, 2, 2, 5, 2, 1, 3, 1, 2, 1, 11, 1, 6, 1, 1, 1, 3, 5, 3, 3, 2, 2, 1, 1, 2, 2, 1, 1, 4, 1, 4, 1, 2, 1, 1, 1, 1, 5, 1, 2, 1, 1, 4, 2, 5, 1, 3, 1, 2, 1, 4, 1, 10, 5, 1, 4, 1, 2, 1, 1, 0, 1, 1, 3, 1, 0, 1, 2, 1, 2, 2, 3, 2, 4, 0, 2, 1, 3, 1, 2, 1, 1, 1, 4, 3, 0, 0, 3, 2, 6, 0, 2, 6, 5, 2, 4, 1, 2, 1, 3, 1, 7, 1, 2, 0, 1, 3, 1, 0, 3, 3, 1, 4, 10, 0, 6, 1, 2, 5, 1, 9, 2, 1, 1, 5, 1, 6, 2, 4, 1, 0, 2, 9, 6, 2, 1, 2, 5, 1, 0, 0, 3, 8, 3, 2, 8, 2, 1, 2, 1, 2, 1, 5, 1, 1, 1, 1, 1, 2, 0, 1, 2, 2, 1, 3, 5, 1, 12, 3, 5, 2, 1, 2, 1, 1, 5, 1, 1, 4, 5, 0, 3, 3, 2, 3, 4, 5, 3, 2, 3, 1, 1, 6, 3, 1, 1, 1, 1, 3, 3, 5, 2, 2, 0, 3, 4, 1, 3, 10, 1, 3, 5, 3, 1, 4, 6, 10, 1, 1, 7, 1, 7, 4, 3, 2, 1, 0, 2, 3, 4, 3, 6, 1, 4, 0, 1, 3, 2, 1, 2, 8, 2, 4, 7, 0, 2, 1, 2, 1, 1, 0, 10, 4, 4, 7, 3, 2, 9, 3, 6, 1, 5, 1, 5, 3, 3, 2, 8, 1, 1, 1, 1, 2, 7, 2, 3, 0, 1, 2, 0, 4, 0, 1, 7, 0, 3, 2, 2, 3, 2, 1, 6, 2, 1, 4, 6, 6, 1, 3, 1, 3, 2, 1, 3, 5, 3, 1, 1, 5, 2, 4, 1, 1, 3, 4, 2, 3, 4, 0, 3, 2, 1, 3, 2, 1, 2, 1, 1, 1, 4, 1, 1, 1, 2, 1, 1, 1, 1, 0, 2, 5, 2, 1, 5, 6, 3, 2, 6, 0, 1, 1, 2, 5, 1, 1, 1, 1, 2, 2, 2, 1, 3, 3, 2, 1, 0, 1, 4, 1, 5, 3, 1, 1, 4, 5, 6, 1, 1, 1, 1, 3, 2, 4, 1, 2, 0, 1, 3, 3, 3, 9, 0, 3, 1, 2, 2, 1, 1, 1, 2, 2, 6, 4, 9, 6, 6, 3, 3, 5, 2, 9, 1, 1, 1, 2, 1, 0, 2, 6, 1, 4, 8, 1, 2, 2, 3, 1, 1, 4, 1, 2, 0, 1, 2, 4, 1, 1, 1, 2, 1, 9, 6, 1, 3, 2, 3, 6, 2, 6, 0, 1, 1, 2, 4, 0, 4, 3, 2, 0, 1, 1, 1, 3, 1, 7, 1, 2, 1, 0, 7, 0, 4, 2, 2, 1, 2, 5, 0, 11, 1, 4, 1, 0, 3, 2, 1, 1, 2, 1, 4, 2, 2, 1]

Mean:2.558
Median:2.0
Mode:1
Seed:296


[0, 0, 0, 0, 0, 0, 0, 1, 0, 0, 0, 0, 0, 1, 1, 3, 1, 0, 2, 2, 0, 0, 5, 0, 4, 0, 3, 0, 0, 0, 0, 6, 5, 5, 1, 0, 0, 0, 4, 1, 0, 0, 3, 3, 0, 0, 1, 0, 3, 1, 8, 1, 1, 1, 3, 2, 1, 0, 2, 0, 0, 0, 0, 0, 0, 0, 1, 5, 0, 4, 0, 0, 0, 0, 2, 0, 0, 0, 1, 0, 0, 0, 0, 0, 0, 3, 1, 0, 2, 1, 0, 0, 0, 4, 0, 2, 1, 1, 1, 0, 0, 1, 4, 2, 0, 0, 2, 5, 4, 1, 0, 0, 0, 1, 0, 0, 0, 0, 4, 0, 1, 0, 0, 0, 2, 0, 3, 0, 4, 0, 1, 0, 0, 0, 0, 1, 0, 0, 0, 0, 0, 1, 0, 0, 3, 0, 3, 0, 1, 0, 0, 0, 0, 0, 0, 2, 8, 0, 1, 8, 0, 0, 5, 0, 2, 0, 0, 0, 0, 0, 0, 0, 0, 0, 0, 0, 0, 7, 7, 0, 0, 0, 2, 0, 1, 0, 0, 0, 0, 4, 0, 0, 6, 2, 0, 2, 0, 0, 0, 0, 0, 0, 1, 1, 0, 2, 3, 0, 3, 0, 1, 0, 0, 0, 0, 0, 0, 1, 0, 1, 1, 0, 3, 0, 0, 2, 2, 0, 5, 3, 0, 2, 0, 0, 4, 2, 0, 0, 0, 1, 0, 0, 0, 0, 0, 0, 0, 0, 3, 0, 0, 0, 0, 1, 0, 6, 0, 0, 0, 0, 0, 0, 0, 0, 0, 0, 1, 0, 0, 1, 0, 2, 0, 0, 0, 4, 0, 0, 0, 1, 4, 4, 0, 4, 2, 0, 0, 0, 0, 0, 0, 0, 0, 0, 0, 2, 0, 5, 0, 0, 1, 0, 3, 0, 0, 0, 0, 0, 1, 0, 0, 0, 0, 0, 0, 1, 2, 7, 0, 0, 1, 0, 0, 4, 1, 0, 0, 1, 0, 0, 0, 1, 4, 1, 0, 0, 0, 1, 0, 0, 0, 0, 1, 0, 0, 0, 1, 1, 2, 0, 0, 2, 3, 0, 1, 1, 0, 1, 0, 1, 0, 0, 2, 0, 0, 0, 0, 0, 1, 0, 0, 0, 3, 1, 1, 0, 0, 1, 3, 0, 0, 0, 0, 0, 0, 0, 5, 0, 0, 0, 0, 2, 0, 1, 2, 0, 1, 3, 0, 0, 1, 0, 0, 0, 0, 0, 0, 0, 0, 2, 0, 0, 0, 0, 4, 1, 5, 3, 2, 0, 0, 0, 2, 0, 0, 3, 0, 0, 0, 0, 2, 3, 4, 1, 0, 0, 1, 0, 3, 2, 1, 3, 0, 0, 0, 0, 0, 1, 0, 2, 1, 2, 1, 0, 1, 0, 5, 0, 0, 0, 0, 10, 0, 4, 2, 0, 7, 0, 0, 1, 1, 3, 0, 1, 0, 0, 5, 0, 0, 0, 0, 0, 0, 1, 1, 0, 0, 3, 1, 0, 0, 0, 2, 2, 0, 0, 0, 0, 0, 0]

Mean:0.904
Median:0.0
Mode:0
Seed:950


[15, 15, 14, 14, 15, 14, 14, 14, 14, 14, 16, 14, 14, 14, 14, 15, 15, 15, 15, 14, 14, 14, 16, 14, 14, 15, 14, 14, 14, 15, 14, 15, 15, 14, 14, 14, 14, 14, 14, 15, 15, 14, 14, 14, 15, 14, 15, 15, 15, 14, 14, 14, 15, 14, 14, 14, 14, 14, 14, 15, 14, 14, 14, 14, 15, 14, 14, 14, 14, 15, 14, 17, 14, 14, 15, 14, 14, 14, 14, 17, 14, 14, 14, 16, 15, 16, 14, 16, 15, 16, 14, 14, 14, 14, 14, 14, 15, 14, 15, 15, 14, 14, 14, 14, 16, 14, 14, 14, 14, 14, 14, 14, 17, 14, 15, 14, 14, 14, 14, 16, 15, 14, 14, 14, 14, 14, 16, 14, 14, 14, 14, 14, 14, 16, 14, 14, 15, 16, 14, 14, 14, 14, 14, 14, 16, 14, 14, 14, 14, 14, 15, 14, 15, 14, 15, 14, 14, 14, 15, 15, 15, 14, 15, 15, 14, 14, 14, 15, 15, 15, 14, 14, 14, 16, 14, 16, 14, 15, 15, 14, 14, 14, 14, 14, 15, 14, 15, 15, 14, 15, 14, 15, 14, 15, 15, 14, 14, 15, 14, 14, 14, 14, 14, 14, 14, 14, 14, 15, 14, 15, 15, 15, 16, 14, 14, 14, 14, 14, 15, 14, 14, 15, 14, 14, 14, 17, 14, 16, 14, 15, 15, 14, 16, 14, 16, 14, 14, 14, 14, 15, 14, 15, 14, 16, 14, 15, 14, 14, 15, 14, 14, 15, 14, 14, 14, 14, 14, 14, 16, 14, 17, 16, 16, 16, 15, 14, 14, 15, 14, 15, 14, 14, 14, 15, 14, 14, 15, 16, 16, 15, 14, 14, 17, 14, 14, 14, 14, 14, 14, 14, 15, 14, 14, 15, 14, 15, 14, 15, 15, 14, 15, 14, 14, 16, 14, 14, 15, 15, 16, 14, 14, 14, 14, 14, 14, 16, 16, 14, 14, 14, 15, 15, 15, 14, 14, 14, 14, 14, 15, 15, 14, 15, 15, 16, 15, 14, 14, 14, 14, 16, 14, 14, 14, 14, 15, 14, 14, 14, 14, 15, 15, 17, 14, 14, 15, 14, 17, 14, 14, 15, 15, 16, 14, 15, 16, 15, 15, 14, 14, 14, 14, 15, 14, 14, 14, 14, 15, 14, 15, 14, 14, 14, 15, 15, 15, 14, 17, 14, 15, 15, 15, 14, 14, 17, 14, 15, 15, 14, 14, 15, 14, 14, 15, 14, 14, 14, 14, 15, 16, 16, 14, 14, 14, 14, 14, 14, 17, 17, 15, 15, 14, 14, 14, 15, 14, 15, 14, 16, 14, 14, 14, 16, 15, 14, 14, 14, 14, 14, 15, 16, 14, 14, 15, 14, 14, 14, 15, 14, 14, 15, 15, 14, 15, 14, 14, 14, 17, 14, 14, 15, 14, 14, 14, 15, 15, 14, 15, 14, 14, 14, 16, 15, 14, 16, 15, 14, 14, 15, 15, 14, 14, 15, 14, 15, 14, 14, 14, 14, 15, 14, 14, 14, 14, 15, 14, 14, 14, 14, 14, 14]

Mean:14.502
Median:14.0
Mode:14
Seed:812


[7, 6, 2, 4, 10, 8, 6, 10, 1, 1, 1, 1, 3, 1, 1, 1, 4, 1, 4, 4, 5, 5, 4, 7, 8, 2, 2, 0, 0, 3, 1, 1, 6, 0, 0, 0, 1, 2, 1, 2, 2, 1, 5, 3, 1, 4, 2, 0, 1, 3, 2, 7, 0, 2, 6, 5, 5, 3, 2, 2, 1, 5, 1, 5, 1, 3, 9, 0, 0, 7, 2, 2, 3, 7, 5, 2, 2, 2, 3, 5, 1, 2, 5, 1, 1, 1, 2, 1, 0, 6, 3, 15, 0, 1, 8, 2, 14, 6, 3, 3, 3, 1, 5, 2, 5, 3, 2, 5, 2, 4, 7, 3, 4, 0, 2, 8, 5, 3, 2, 2, 2, 0, 5, 6, 3, 1, 1, 0, 5, 2, 1, 4, 4, 5, 6, 10, 2, 6, 0, 2, 2, 4, 1, 3, 2, 1, 3, 1, 2, 2, 2, 7, 8, 5, 0, 2, 2, 4, 2, 1, 1, 1, 1, 4, 1, 2, 5, 2, 3, 5, 3, 2, 9, 1, 2, 1, 6, 1, 1, 4, 17, 3, 4, 1, 2, 2, 8, 3, 2, 1, 0, 1, 9, 4, 2, 5, 1, 2, 5, 2, 6, 3, 13, 0, 6, 5, 5, 3, 3, 12, 4, 3, 5, 1, 2, 6, 1, 6, 0, 1, 2, 2, 1, 4, 2, 2, 0, 3, 6, 1, 2, 11, 1, 4, 8, 8, 11, 3, 1, 12, 3, 0, 6, 4, 4, 0, 1, 6, 3, 3, 8, 3, 2, 1, 0, 1, 1, 2, 1, 8, 9, 2, 3, 0, 2, 1, 2, 3, 3, 6, 1, 2, 2, 1, 1, 4, 7, 3, 4, 3, 4, 0, 12, 0, 3, 5, 3, 10, 3, 7, 2, 4, 3, 6, 3, 1, 2, 0, 4, 1, 7, 5, 5, 2, 1, 6, 0, 15, 5, 1, 7, 11, 2, 1, 1, 7, 3, 3, 5, 1, 2, 6, 2, 3, 1, 4, 16, 0, 2, 1, 5, 5, 6, 9, 2, 7, 1, 2, 7, 3, 3, 2, 1, 1, 9, 11, 4, 6, 6, 3, 6, 1, 1, 1, 0, 4, 1, 4, 1, 3, 8, 4, 1, 5, 2, 1, 8, 2, 4, 2, 1, 6, 5, 4, 5, 7, 1, 9, 6, 1, 0, 5, 2, 4, 0, 6, 1, 1, 1, 1, 8, 7, 0, 2, 8, 3, 1, 0, 0, 4, 1, 1, 4, 8, 8, 1, 1, 5, 7, 1, 0, 1, 7, 1, 4, 8, 6, 6, 11, 2, 1, 0, 0, 1, 5, 5, 2, 2, 2, 5, 0, 5, 1, 6, 1, 2, 14, 5, 0, 14, 7, 4, 4, 1, 9, 2, 1, 3, 2, 1, 1, 1, 1, 2, 0, 1, 4, 5, 1, 5, 1, 2, 1, 2, 3, 7, 2, 12, 0, 1, 7, 3, 7, 1, 6, 3, 4, 1, 4, 1, 3, 8, 1, 3, 17, 1, 1, 1, 1, 6, 10, 1, 3, 1, 1, 1, 4, 2, 4, 2]

Mean:3.44
Median:2.0
Mode:1
Seed:53


[11, 2, 1, 4, 3, 0, 2, 4, 0, 3, 17, 6, 0, 1, 3, 4, 0, 2, 13, 10, 15, 6, 3, 15, 7, 7, 15, 9, 5, 5, 13, 4, 6, 11, 5, 8, 12, 0, 2, 0, 0, 1, 0, 4, 4, 0, 1, 4, 1, 2, 9, 4, 4, 4, 0, 13, 11, 9, 6, 2, 1, 7, 1, 2, 10, 2, 16, 4, 5, 0, 0, 2, 0, 1, 8, 4, 3, 3, 8, 7, 4, 5, 20, 7, 10, 8, 0, 0, 3, 5, 1, 1, 2, 12, 9, 0, 1, 0, 4, 6, 1, 3, 7, 0, 0, 6, 12, 4, 9, 3, 5, 1, 7, 4, 8, 1, 9, 4, 4, 6, 11, 6, 0, 4, 5, 9, 1, 0, 2, 1, 1, 6, 5, 9, 0, 0, 2, 0, 0, 8, 1, 4, 4, 7, 16, 4, 10, 8, 12, 3, 0, 13, 7, 0, 8, 7, 0, 7, 13, 3, 15, 3, 1, 1, 6, 4, 19, 10, 9, 11, 10, 1, 0, 7, 7, 6, 11, 7, 2, 2, 1, 7, 9, 6, 10, 2, 10, 1, 4, 1, 3, 8, 9, 4, 4, 5, 0, 8, 2, 1, 6, 0, 9, 3, 5, 0, 1, 11, 3, 2, 1, 10, 0, 0, 0, 1, 2, 9, 5, 10, 8, 4, 16, 0, 12, 6, 11, 14, 6, 12, 11, 9, 2, 9, 14, 1, 4, 10, 10, 5, 0, 12, 1, 10, 13, 3, 4, 0, 8, 4, 1, 0, 10, 2, 2, 3, 0, 4, 16, 4, 1, 5, 7, 16, 1, 3, 13, 5, 2, 0, 3, 1, 1, 2, 7, 1, 7, 2, 4, 1, 9, 2, 0, 0, 0, 0, 3, 6, 13, 1, 14, 14, 6, 3, 7, 1, 13, 8, 10, 5, 0, 8, 11, 0, 13, 14, 13, 0, 8, 1, 9, 10, 1, 8, 3, 1, 13, 9, 2, 6, 11, 4, 5, 4, 7, 6, 5, 4, 7, 6, 3, 2, 10, 3, 4, 2, 8, 1, 0, 14, 0, 24, 0, 12, 5, 18, 12, 8, 0, 2, 2, 3, 8, 0, 6, 2, 0, 2, 3, 3, 2, 1, 6, 16, 9, 8, 4, 5, 1, 0, 21, 6, 8, 7, 3, 15, 4, 0, 6, 5, 2, 5, 1, 0, 11, 2, 2, 3, 0, 1, 13, 20, 13, 4, 4, 4, 1, 3, 5, 1, 0, 5, 9, 6, 5, 4, 6, 7, 6, 0, 8, 8, 5, 0, 8, 2, 8, 0, 1, 4, 2, 8, 7, 1, 8, 12, 0, 6, 6, 8, 9, 8, 0, 9, 2, 0, 1, 8, 2, 2, 10, 10, 3, 4, 0, 4, 9, 6, 1, 10, 10, 6, 0, 0, 0, 0, 1, 7, 11, 4, 14, 11, 1, 3, 0, 2, 2, 11, 7, 11, 5, 0, 1, 4, 4, 10, 3, 9, 7, 2, 0, 11, 8, 13, 7, 1, 1, 3, 0, 10, 13, 0, 8, 2, 2, 4, 0, 1, 5, 4]

Mean:5.208
Median:4.0
Mode:0
Seed:820


[2, 4, 0, 3, 2, 0, 2, 1, 5, 8, 1, 15, 3, 1, 1, 9, 0, 0, 3, 2, 9, 0, 1, 3, 3, 5, 1, 0, 3, 0, 2, 2, 1, 0, 0, 0, 2, 8, 6, 9, 5, 1, 3, 12, 2, 1, 0, 0, 9, 0, 4, 2, 1, 2, 0, 4, 0, 2, 1, 0, 0, 0, 4, 0, 0, 3, 1, 1, 0, 8, 0, 3, 2, 6, 0, 10, 2, 0, 1, 1, 1, 1, 0, 1, 0, 2, 0, 2, 0, 4, 4, 2, 3, 1, 9, 0, 0, 0, 1, 3, 1, 1, 0, 0, 0, 3, 5, 3, 2, 7, 0, 3, 0, 1, 0, 3, 3, 3, 0, 1, 2, 4, 0, 1, 2, 2, 2, 1, 1, 2, 5, 1, 2, 1, 1, 3, 3, 1, 2, 2, 4, 0, 4, 0, 0, 6, 0, 2, 0, 3, 0, 0, 0, 0, 1, 3, 1, 8, 8, 3, 1, 2, 6, 0, 2, 4, 0, 2, 1, 1, 3, 2, 1, 1, 3, 0, 0, 1, 2, 3, 7, 5, 6, 1, 1, 2, 0, 0, 3, 3, 0, 5, 3, 2, 1, 1, 0, 0, 1, 0, 2, 6, 2, 2, 1, 1, 3, 0, 4, 0, 9, 4, 0, 1, 1, 3, 0, 7, 0, 1, 2, 2, 4, 4, 1, 0, 4, 4, 3, 1, 2, 0, 9, 0, 0, 1, 2, 5, 3, 1, 0, 12, 5, 1, 6, 1, 4, 0, 5, 4, 1, 2, 0, 1, 0, 5, 2, 4, 4, 7, 1, 3, 1, 5, 6, 2, 7, 0, 1, 4, 1, 2, 3, 3, 6, 5, 2, 3, 0, 3, 7, 3, 0, 1, 7, 1, 5, 7, 2, 0, 0, 2, 0, 0, 5, 1, 0, 2, 0, 0, 0, 4, 3, 7, 1, 2, 0, 0, 1, 0, 4, 0, 3, 2, 5, 0, 2, 1, 10, 5, 2, 0, 3, 7, 0, 3, 0, 9, 2, 4, 1, 2, 12, 10, 3, 10, 3, 1, 4, 5, 0, 0, 2, 3, 1, 3, 2, 0, 5, 6, 1, 1, 0, 3, 4, 5, 0, 2, 1, 3, 3, 0, 11, 0, 1, 5, 0, 7, 7, 4, 2, 0, 1, 1, 2, 4, 1, 5, 6, 2, 1, 11, 2, 0, 3, 6, 1, 0, 0, 2, 0, 2, 3, 3, 2, 0, 1, 2, 0, 1, 2, 2, 2, 5, 0, 2, 2, 6, 0, 2, 2, 0, 3, 1, 3, 4, 2, 0, 0, 1, 3, 3, 0, 6, 0, 0, 4, 4, 0, 1, 0, 2, 3, 2, 10, 2, 3, 1, 5, 0, 5, 1, 0, 1, 0, 0, 3, 2, 1, 2, 9, 11, 2, 3, 0, 3, 1, 3, 0, 1, 2, 3, 2, 4, 1, 0, 3, 2, 0, 1, 2, 3, 2, 4, 1, 3, 0, 3, 3, 2, 1, 3, 0, 1, 4, 5, 1, 0, 1, 3, 2, 0, 1, 2, 5, 0, 1, 2, 0, 5]

Mean:2.368
Median:2.0
Mode:0
Seed:560


[7, 13, 7, 22, 5, 13, 15, 17, 3, 13, 13, 3, 28, 20, 23, 15, 15, 18, 12, 3, 13, 14, 13, 15, 6, 23, 13, 13, 17, 13, 14, 18, 16, 15, 11, 3, 9, 11, 18, 11, 16, 17, 20, 15, 13, 17, 20, 14, 7, 13, 2, 8, 22, 16, 15, 26, 15, 19, 17, 15, 20, 19, 3, 20, 17, 16, 13, 19, 3, 16, 24, 13, 5, 14, 16, 14, 16, 5, 13, 20, 17, 25, 28, 18, 12, 3, 22, 6, 20, 13, 24, 28, 19, 19, 18, 15, 20, 16, 24, 16, 2, 6, 6, 5, 15, 6, 15, 6, 22, 22, 13, 7, 20, 18, 9, 14, 7, 10, 14, 28, 16, 20, 17, 22, 15, 17, 16, 13, 11, 15, 12, 17, 14, 9, 13, 23, 14, 18, 14, 16, 13, 12, 25, 8, 5, 18, 18, 19, 18, 13, 14, 22, 12, 19, 15, 13, 21, 13, 22, 21, 20, 4, 10, 2, 13, 13, 20, 10, 21, 7, 12, 18, 16, 13, 24, 3, 13, 13, 14, 21, 2, 18, 20, 22, 12, 15, 13, 20, 14, 19, 26, 13, 9, 15, 20, 8, 5, 17, 22, 14, 1, 18, 13, 23, 24, 9, 13, 8, 22, 13, 17, 18, 4, 15, 15, 16, 5, 15, 14, 9, 5, 23, 3, 16, 14, 8, 15, 7, 9, 5, 11, 16, 14, 24, 1, 4, 20, 31, 16, 15, 22, 9, 11, 12, 8, 16, 18, 21, 2, 3, 6, 19, 13, 4, 22, 9, 19, 3, 15, 18, 7, 9, 3, 15, 9, 13, 18, 6, 18, 20, 21, 18, 16, 17, 16, 20, 2, 16, 14, 22, 16, 2, 18, 19, 6, 5, 16, 19, 21, 13, 4, 10, 17, 15, 21, 15, 16, 10, 16, 16, 20, 15, 14, 19, 17, 5, 15, 22, 14, 18, 20, 23, 13, 18, 14, 13, 16, 2, 9, 3, 4, 18, 25, 4, 13, 10, 16, 16, 19, 22, 12, 9, 14, 22, 13, 10, 13, 23, 4, 13, 7, 18, 6, 25, 7, 6, 6, 16, 13, 2, 25, 1, 20, 13, 19, 9, 16, 14, 14, 19, 16, 13, 21, 20, 4, 13, 8, 19, 7, 16, 11, 21, 20, 14, 18, 9, 23, 20, 16, 14, 8, 13, 19, 3, 18, 5, 24, 28, 16, 18, 13, 7, 28, 10, 15, 5, 15, 13, 14, 16, 14, 4, 7, 15, 1, 14, 13, 14, 15, 17, 16, 1, 17, 10, 1, 6, 16, 25, 5, 21, 6, 4, 19, 4, 8, 9, 2, 14, 4, 26, 17, 18, 2, 1, 7, 8, 5, 13, 11, 14, 16, 19, 13, 12, 14, 10, 19, 7, 24, 16, 17, 10, 12, 9, 12, 24, 20, 11, 15, 15, 7, 20, 23, 17, 16, 16, 14, 7, 1, 19, 7, 15, 27, 23, 18, 24, 7, 14, 15, 11, 7, 13, 28, 11, 20, 5, 17, 20, 17, 12, 18, 14, 17, 14, 13, 13, 24, 14, 16, 20]

Mean:14.04
Median:14.5
Mode:13
Seed:214


[1, 1, 0, 0, 1, 0, 0, 0, 1, 1, 1, 2, 1, 0, 0, 1, 2, 0, 0, 0, 1, 1, 0, 0, 1, 1, 0, 1, 0, 2, 0, 0, 0, 1, 0, 0, 0, 0, 1, 1, 1, 2, 1, 0, 1, 0, 0, 0, 1, 0, 0, 0, 0, 1, 1, 1, 1, 1, 2, 1, 0, 2, 1, 1, 0, 1, 1, 1, 0, 0, 0, 0, 0, 0, 1, 2, 0, 0, 1, 0, 1, 0, 1, 0, 0, 1, 1, 0, 1, 1, 0, 0, 0, 1, 1, 0, 1, 0, 0, 1, 0, 2, 1, 0, 1, 1, 1, 0, 1, 1, 0, 0, 0, 0, 0, 2, 0, 0, 0, 0, 1, 0, 1, 0, 1, 1, 1, 0, 1, 1, 1, 0, 1, 0, 1, 1, 1, 0, 0, 1, 0, 0, 1, 0, 2, 0, 0, 0, 3, 0, 1, 0, 2, 0, 0, 1, 0, 1, 2, 1, 1, 1, 1, 1, 0, 0, 1, 0, 0, 0, 1, 1, 0, 0, 0, 0, 0, 1, 0, 0, 1, 0, 1, 2, 0, 0, 1, 0, 0, 1, 0, 0, 0, 0, 0, 2, 0, 1, 0, 2, 0, 1, 0, 2, 0, 0, 1, 0, 0, 0, 1, 0, 1, 1, 2, 1, 0, 1, 0, 0, 0, 0, 1, 2, 0, 0, 0, 0, 1, 0, 0, 0, 0, 2, 1, 1, 1, 1, 0, 0, 1, 0, 1, 0, 0, 1, 1, 1, 2, 0, 2, 1, 1, 1, 1, 0, 1, 0, 1, 1, 2, 1, 0, 0, 2, 2, 1, 2, 0, 0, 0, 1, 0, 0, 1, 1, 1, 0, 1, 1, 1, 0, 0, 1, 0, 0, 0, 2, 1, 0, 0, 0, 0, 1, 1, 0, 0, 0, 1, 1, 1, 0, 1, 1, 0, 1, 1, 0, 1, 0, 1, 0, 1, 1, 1, 0, 2, 0, 1, 0, 1, 1, 0, 1, 1, 1, 2, 0, 0, 0, 1, 1, 1, 0, 2, 0, 1, 0, 1, 2, 1, 0, 2, 1, 0, 0, 0, 1, 1, 1, 0, 1, 0, 0, 2, 1, 1, 1, 0, 0, 0, 0, 1, 0, 3, 0, 0, 0, 0, 1, 0, 1, 0, 1, 0, 1, 1, 0, 1, 2, 0, 1, 1, 1, 1, 1, 1, 0, 2, 0, 1, 1, 1, 0, 0, 0, 0, 1, 0, 1, 0, 1, 0, 0, 0, 2, 0, 1, 0, 0, 0, 0, 1, 1, 0, 1, 2, 0, 1, 0, 1, 0, 0, 0, 0, 0, 0, 0, 0, 0, 1, 0, 0, 0, 1, 1, 0, 0, 0, 0, 0, 1, 1, 2, 1, 2, 1, 1, 2, 1, 0, 0, 1, 0, 1, 1, 0, 0, 1, 1, 1, 0, 1, 1, 0, 0, 2, 0, 0, 0, 0, 0, 1, 1, 1, 0, 0, 0, 0, 0, 0, 2, 0, 1, 0, 1, 1, 3, 0, 1, 1, 1, 1, 1, 1, 0, 0, 1, 1, 1]

Mean:0.596
Median:1.0
Mode:0
Seed:523


[1, 0, 1, 0, 1, 0, 1, 1, 1, 0, 0, 0, 0, 0, 0, 0, 0, 2, 0, 1, 1, 0, 1, 2, 2, 1, 1, 1, 0, 1, 3, 0, 1, 0, 2, 0, 2, 4, 2, 1, 2, 1, 0, 1, 0, 1, 0, 0, 0, 1, 0, 1, 0, 0, 0, 0, 2, 0, 0, 1, 0, 1, 0, 1, 1, 2, 0, 0, 0, 0, 1, 1, 0, 0, 1, 0, 0, 1, 0, 3, 1, 0, 0, 0, 0, 0, 1, 0, 0, 1, 2, 1, 0, 0, 0, 0, 1, 0, 0, 1, 1, 0, 0, 1, 1, 2, 1, 0, 0, 0, 0, 0, 1, 0, 0, 0, 1, 0, 1, 1, 0, 0, 0, 0, 0, 0, 0, 0, 0, 1, 0, 1, 0, 1, 0, 0, 0, 0, 0, 0, 1, 1, 1, 0, 1, 1, 1, 0, 0, 0, 0, 0, 2, 1, 0, 0, 0, 0, 3, 0, 0, 1, 1, 1, 0, 0, 0, 0, 0, 0, 0, 1, 0, 0, 1, 1, 0, 0, 1, 2, 1, 0, 0, 0, 1, 0, 1, 0, 1, 0, 0, 0, 0, 0, 0, 0, 2, 0, 2, 1, 2, 2, 0, 1, 1, 1, 0, 0, 1, 0, 2, 2, 1, 0, 1, 1, 0, 1, 0, 1, 0, 1, 1, 2, 1, 1, 1, 0, 1, 1, 1, 0, 1, 0, 1, 0, 0, 1, 0, 1, 0, 0, 0, 1, 2, 2, 2, 0, 1, 2, 1, 1, 2, 1, 0, 0, 0, 0, 2, 1, 0, 1, 0, 1, 1, 1, 1, 1, 0, 1, 0, 1, 0, 0, 0, 1, 1, 0, 0, 0, 1, 0, 2, 1, 0, 1, 2, 1, 1, 1, 0, 1, 0, 0, 2, 0, 1, 0, 1, 1, 2, 1, 1, 1, 1, 0, 0, 2, 1, 2, 3, 1, 1, 1, 0, 0, 0, 1, 0, 1, 1, 0, 0, 1, 1, 0, 0, 3, 1, 0, 1, 0, 1, 1, 0, 0, 0, 0, 1, 2, 0, 0, 0, 0, 0, 1, 1, 1, 2, 0, 1, 1, 1, 1, 1, 1, 1, 2, 0, 0, 2, 0, 0, 0, 0, 1, 0, 1, 2, 1, 1, 0, 0, 0, 1, 2, 2, 2, 2, 0, 2, 1, 2, 1, 0, 2, 1, 1, 0, 1, 1, 0, 1, 1, 1, 2, 1, 1, 1, 2, 2, 0, 1, 0, 1, 0, 1, 1, 1, 0, 0, 0, 0, 1, 2, 1, 1, 1, 2, 0, 0, 1, 0, 0, 1, 2, 0, 3, 2, 0, 0, 0, 1, 1, 0, 1, 1, 1, 3, 0, 0, 0, 1, 1, 1, 1, 0, 1, 0, 1, 3, 2, 0, 1, 0, 1, 0, 2, 1, 1, 1, 1, 1, 2, 0, 1, 1, 0, 2, 0, 1, 1, 1, 1, 0, 1, 2, 1, 1, 1, 1, 1, 1, 1, 0, 0, 3, 0, 1, 1, 0, 1, 2, 1, 1, 0, 2, 2, 0, 0]

Mean:0.706
Median:1.0
Mode:0
Seed:434


[14, 14, 14, 16, 15, 14, 14, 14, 14, 14, 14, 15, 15, 14, 15, 14, 14, 14, 14, 14, 15, 14, 14, 14, 15, 14, 14, 14, 16, 14, 15, 14, 14, 17, 14, 14, 14, 15, 16, 14, 14, 15, 14, 14, 14, 15, 15, 16, 14, 16, 14, 14, 14, 15, 16, 16, 14, 14, 14, 15, 14, 15, 15, 16, 14, 15, 14, 15, 14, 17, 16, 17, 15, 15, 14, 14, 14, 14, 14, 14, 15, 14, 16, 15, 15, 14, 14, 14, 16, 14, 14, 14, 14, 14, 14, 14, 15, 16, 15, 15, 14, 15, 14, 14, 14, 14, 14, 14, 14, 14, 14, 14, 15, 15, 14, 14, 15, 14, 14, 16, 14, 14, 15, 14, 14, 14, 14, 15, 14, 14, 14, 14, 14, 16, 14, 16, 14, 15, 15, 14, 14, 15, 16, 16, 17, 15, 14, 14, 14, 14, 14, 14, 14, 16, 14, 14, 14, 14, 14, 14, 14, 16, 16, 15, 14, 15, 15, 15, 15, 15, 14, 14, 14, 15, 15, 14, 14, 14, 14, 15, 14, 14, 14, 15, 14, 14, 15, 16, 14, 15, 16, 15, 14, 14, 14, 14, 15, 14, 16, 16, 14, 17, 14, 14, 14, 14, 14, 14, 15, 15, 14, 15, 14, 16, 16, 14, 16, 16, 14, 14, 15, 14, 15, 15, 15, 15, 14, 14, 14, 14, 14, 15, 14, 14, 14, 14, 14, 14, 15, 16, 14, 14, 14, 14, 14, 14, 14, 14, 15, 14, 14, 16, 15, 15, 14, 14, 15, 15, 14, 17, 16, 14, 14, 15, 15, 15, 14, 14, 14, 15, 14, 14, 15, 18, 15, 14, 14, 14, 15, 14, 15, 15, 14, 14, 14, 15, 14, 16, 14, 14, 14, 16, 14, 14, 14, 14, 14, 14, 14, 14, 16, 16, 14, 15, 15, 15, 14, 16, 14, 14, 14, 14, 14, 14, 14, 14, 15, 14, 14, 14, 14, 15, 14, 14, 15, 14, 15, 15, 15, 14, 14, 14, 16, 14, 15, 14, 14, 14, 14, 14, 14, 17, 15, 14, 14, 15, 14, 14, 14, 16, 14, 14, 14, 15, 14, 15, 14, 15, 15, 14, 14, 14, 14, 18, 16, 14, 14, 14, 14, 15, 14, 15, 14, 14, 14, 15, 14, 14, 14, 16, 15, 14, 14, 14, 15, 14, 15, 16, 17, 14, 14, 14, 14, 14, 14, 14, 14, 14, 14, 15, 15, 14, 15, 15, 14, 17, 14, 15, 15, 14, 14, 14, 15, 14, 15, 17, 15, 14, 14, 14, 15, 14, 14, 16, 14, 14, 15, 15, 14, 14, 16, 14, 15, 14, 14, 14, 14, 15, 14, 15, 14, 15, 15, 15, 15, 14, 14, 15, 15, 14, 14, 16, 15, 15, 14, 14, 15, 15, 15, 14, 14, 14, 15, 14, 14, 14, 14, 15, 15, 14, 14, 16, 14, 14, 14, 14, 14, 14, 17, 14, 14, 14, 14, 14, 16, 14, 14, 15, 14, 14, 14, 14, 15, 14, 15, 14, 17, 15, 14, 14]

Mean:14.53
Median:14.0
Mode:14
Seed:504


[0, 0, 0, 2, 1, 1, 1, 0, 2, 0, 1, 0, 1, 0, 1, 0, 0, 1, 0, 0, 1, 1, 2, 0, 1, 0, 0, 1, 0, 1, 1, 2, 1, 0, 1, 0, 1, 1, 0, 0, 1, 2, 0, 1, 1, 2, 0, 0, 0, 1, 0, 0, 0, 0, 1, 1, 1, 0, 1, 0, 0, 1, 0, 0, 0, 0, 0, 1, 1, 1, 0, 2, 0, 1, 1, 1, 1, 0, 1, 0, 0, 0, 2, 0, 1, 0, 1, 1, 0, 0, 0, 2, 2, 1, 0, 0, 1, 0, 0, 0, 0, 1, 0, 1, 2, 0, 1, 1, 1, 0, 0, 0, 1, 0, 1, 1, 1, 0, 1, 1, 0, 0, 1, 0, 2, 0, 2, 1, 0, 0, 0, 1, 1, 1, 0, 0, 1, 0, 0, 1, 1, 1, 1, 1, 1, 2, 0, 2, 0, 1, 1, 1, 0, 1, 2, 0, 0, 0, 1, 1, 0, 1, 1, 1, 0, 1, 1, 0, 2, 2, 0, 0, 1, 1, 1, 1, 1, 1, 1, 2, 0, 0, 0, 0, 1, 1, 0, 0, 1, 1, 0, 0, 0, 0, 2, 1, 1, 0, 1, 1, 1, 0, 0, 1, 0, 0, 1, 1, 1, 1, 0, 3, 2, 0, 1, 1, 1, 1, 1, 1, 1, 0, 1, 0, 1, 1, 0, 2, 0, 0, 0, 1, 1, 1, 1, 0, 0, 0, 0, 0, 2, 1, 0, 1, 1, 0, 1, 1, 0, 0, 0, 1, 1, 1, 1, 1, 1, 1, 1, 1, 0, 1, 0, 1, 1, 0, 1, 1, 0, 2, 1, 0, 0, 0, 0, 0, 1, 1, 0, 1, 1, 0, 1, 0, 1, 0, 0, 1, 2, 1, 0, 1, 0, 1, 0, 0, 0, 0, 1, 1, 0, 0, 1, 1, 0, 1, 0, 0, 0, 1, 1, 1, 2, 0, 1, 1, 0, 2, 0, 0, 1, 1, 2, 1, 0, 1, 0, 0, 1, 1, 0, 1, 0, 0, 0, 0, 1, 1, 1, 1, 1, 0, 0, 1, 1, 0, 1, 1, 1, 1, 2, 1, 0, 1, 0, 1, 0, 0, 1, 1, 2, 1, 1, 0, 0, 1, 1, 1, 0, 0, 1, 0, 1, 1, 1, 0, 1, 0, 1, 1, 1, 1, 0, 1, 1, 2, 0, 2, 1, 0, 0, 2, 1, 1, 1, 0, 0, 0, 0, 0, 2, 2, 0, 0, 0, 0, 0, 2, 1, 1, 2, 0, 2, 0, 0, 0, 1, 1, 0, 1, 0, 1, 0, 0, 0, 1, 1, 1, 2, 1, 0, 1, 1, 2, 0, 0, 0, 1, 1, 1, 1, 1, 0, 1, 2, 0, 1, 1, 1, 1, 0, 0, 1, 0, 0, 0, 0, 0, 1, 0, 1, 1, 1, 0, 1, 0, 0, 0, 0, 1, 0, 2, 1, 0, 0, 0, 0, 1, 1, 0, 2, 1, 2, 2, 1, 0, 1, 0, 2, 0, 2, 0, 1, 1, 1, 2, 0, 0, 1, 1]

Mean:0.66
Median:1.0
Mode:1
Seed:487


[8, 15, 8, 4, 25, 0, 7, 8, 11, 1, 0, 1, 0, 25, 0, 6, 13, 1, 2, 13, 20, 0, 4, 0, 5, 3, 14, 7, 24, 19, 9, 16, 4, 1, 2, 7, 22, 23, 1, 15, 26, 19, 3, 9, 4, 6, 4, 8, 19, 19, 26, 3, 27, 20, 0, 24, 11, 2, 2, 2, 2, 0, 10, 9, 11, 1, 33, 25, 7, 4, 4, 22, 29, 3, 4, 10, 18, 25, 2, 0, 1, 19, 18, 6, 16, 26, 11, 9, 3, 26, 17, 1, 17, 3, 2, 4, 5, 18, 10, 13, 14, 2, 5, 15, 16, 6, 2, 6, 5, 5, 27, 9, 3, 13, 25, 0, 23, 3, 11, 21, 17, 5, 8, 15, 1, 2, 17, 20, 25, 8, 8, 12, 27, 0, 5, 1, 2, 1, 29, 0, 18, 7, 12, 2, 4, 15, 10, 2, 8, 26, 24, 11, 8, 7, 24, 6, 1, 9, 14, 1, 19, 23, 38, 26, 9, 22, 1, 28, 21, 0, 25, 20, 5, 18, 6, 27, 4, 6, 4, 18, 10, 5, 5, 21, 18, 5, 26, 0, 11, 0, 19, 9, 19, 4, 1, 0, 8, 6, 0, 9, 6, 4, 21, 17, 8, 23, 8, 7, 17, 2, 0, 3, 16, 0, 24, 23, 21, 7, 19, 3, 26, 1, 18, 24, 22, 8, 6, 8, 5, 32, 1, 12, 4, 10, 2, 9, 15, 32, 18, 25, 29, 7, 1, 27, 4, 19, 5, 20, 27, 17, 26, 0, 2, 18, 19, 5, 7, 18, 1, 23, 26, 10, 27, 10, 3, 1, 1, 18, 19, 6, 4, 26, 5, 19, 25, 22, 6, 1, 34, 10, 4, 35, 2, 4, 8, 3, 12, 0, 20, 2, 22, 21, 7, 6, 14, 5, 8, 3, 3, 29, 5, 34, 0, 6, 23, 1, 20, 20, 4, 23, 4, 9, 1, 3, 9, 6, 9, 2, 1, 0, 12, 28, 26, 9, 15, 18, 20, 8, 9, 0, 3, 29, 8, 18, 23, 9, 23, 34, 1, 22, 16, 5, 1, 11, 12, 4, 24, 26, 0, 5, 29, 4, 30, 0, 18, 32, 15, 10, 2, 13, 2, 5, 1, 14, 25, 27, 22, 32, 9, 2, 0, 19, 1, 6, 26, 26, 0, 15, 9, 1, 4, 4, 6, 3, 9, 23, 1, 15, 2, 8, 0, 19, 16, 21, 17, 23, 21, 27, 9, 7, 3, 17, 25, 21, 1, 1, 30, 23, 11, 2, 1, 9, 5, 12, 15, 32, 20, 5, 5, 7, 4, 17, 26, 20, 4, 13, 18, 9, 12, 6, 17, 31, 24, 4, 1, 18, 11, 10, 1, 20, 12, 22, 33, 5, 25, 3, 20, 27, 5, 2, 32, 21, 11, 24, 0, 1, 16, 19, 23, 29, 11, 11, 29, 4, 8, 2, 15, 19, 20, 9, 18, 33, 2, 20, 1, 17, 18, 23, 25, 17, 30, 1, 20, 2, 9, 27, 6, 28, 0, 4, 24, 0, 20, 0, 4, 23, 7, 3, 22, 1]

Mean:12.014
Median:9.0
Mode:1
Seed:260


[1, 1, 0, 0, 1, 1, 0, 0, 0, 0, 1, 0, 1, 1, 1, 0, 1, 1, 1, 1, 2, 0, 1, 2, 0, 1, 1, 0, 0, 1, 0, 1, 0, 1, 1, 0, 2, 0, 0, 0, 0, 0, 1, 0, 0, 1, 0, 1, 0, 0, 1, 1, 2, 1, 1, 0, 0, 0, 0, 0, 1, 0, 0, 0, 1, 1, 2, 0, 0, 1, 1, 1, 0, 0, 1, 0, 0, 1, 0, 1, 0, 1, 0, 1, 0, 0, 0, 0, 2, 0, 0, 2, 0, 0, 0, 3, 1, 0, 0, 0, 0, 1, 0, 0, 0, 0, 1, 1, 1, 0, 0, 0, 1, 0, 1, 0, 0, 1, 1, 2, 0, 0, 2, 2, 2, 1, 1, 0, 1, 0, 1, 0, 0, 0, 0, 0, 1, 1, 0, 1, 1, 0, 1, 1, 2, 1, 1, 0, 0, 1, 0, 1, 0, 0, 1, 1, 1, 1, 0, 2, 1, 0, 1, 0, 2, 1, 0, 1, 0, 0, 1, 0, 1, 1, 1, 0, 1, 1, 0, 0, 1, 0, 0, 1, 0, 0, 1, 1, 0, 1, 0, 1, 0, 0, 2, 0, 1, 0, 0, 0, 1, 0, 1, 1, 0, 0, 0, 0, 1, 0, 1, 0, 0, 2, 0, 1, 2, 2, 1, 1, 1, 0, 1, 0, 1, 2, 0, 1, 1, 2, 1, 1, 0, 0, 0, 0, 0, 0, 0, 0, 0, 1, 1, 0, 0, 2, 0, 0, 0, 0, 0, 0, 0, 0, 0, 0, 1, 1, 0, 1, 1, 0, 0, 2, 1, 0, 0, 1, 1, 1, 0, 1, 1, 0, 2, 0, 1, 0, 0, 2, 0, 1, 1, 1, 0, 0, 2, 0, 1, 1, 0, 0, 0, 0, 0, 0, 1, 1, 0, 0, 0, 0, 1, 1, 0, 0, 2, 0, 0, 0, 1, 1, 3, 0, 0, 1, 0, 0, 0, 0, 0, 0, 0, 0, 0, 2, 0, 1, 4, 0, 0, 0, 0, 1, 1, 1, 0, 1, 0, 0, 0, 0, 2, 1, 1, 1, 0, 1, 0, 1, 0, 0, 2, 0, 1, 1, 1, 0, 1, 1, 1, 1, 1, 1, 1, 0, 1, 2, 0, 0, 1, 0, 1, 0, 1, 1, 0, 1, 0, 0, 1, 0, 0, 1, 0, 0, 0, 1, 0, 2, 0, 1, 0, 1, 2, 2, 2, 0, 0, 0, 0, 0, 2, 1, 2, 2, 1, 1, 1, 0, 1, 0, 0, 1, 1, 0, 0, 0, 0, 1, 0, 1, 0, 0, 2, 1, 0, 1, 1, 0, 2, 0, 0, 1, 0, 0, 1, 1, 1, 1, 0, 0, 0, 0, 1, 1, 0, 1, 0, 0, 1, 0, 0, 0, 0, 0, 1, 0, 1, 2, 1, 1, 1, 1, 1, 1, 0, 0, 0, 1, 0, 0, 0, 0, 1, 0, 0, 0, 1, 1, 0, 1, 0, 1, 1, 0, 0, 0, 1, 1, 1, 1, 1, 1, 1, 1, 0, 0, 2, 0]

Mean:0.576
Median:0.0
Mode:0
Seed:495


[1, 0, 0, 5, 1, 1, 0, 0, 1, 1, 2, 2, 0, 0, 1, 0, 2, 1, 2, 2, 0, 0, 0, 1, 3, 0, 1, 3, 2, 1, 0, 2, 1, 0, 2, 0, 1, 2, 3, 0, 1, 0, 0, 1, 1, 0, 1, 0, 1, 0, 2, 1, 0, 2, 2, 1, 3, 1, 0, 0, 3, 0, 0, 1, 2, 1, 1, 0, 5, 1, 1, 0, 0, 0, 2, 2, 2, 0, 0, 0, 1, 1, 3, 3, 1, 0, 1, 0, 1, 2, 0, 1, 0, 1, 0, 1, 0, 2, 1, 2, 0, 0, 0, 1, 2, 1, 0, 1, 3, 3, 2, 0, 0, 2, 2, 1, 0, 1, 1, 0, 2, 0, 1, 0, 1, 0, 1, 0, 1, 2, 0, 1, 1, 0, 2, 0, 3, 1, 0, 3, 1, 0, 2, 3, 3, 0, 1, 0, 0, 3, 0, 0, 0, 1, 0, 0, 0, 2, 1, 1, 0, 0, 2, 0, 2, 1, 0, 1, 0, 1, 0, 0, 0, 1, 0, 1, 3, 5, 0, 1, 0, 0, 2, 0, 1, 2, 1, 1, 2, 1, 1, 5, 0, 0, 2, 5, 0, 0, 2, 1, 0, 2, 2, 4, 3, 0, 1, 1, 4, 3, 1, 4, 0, 0, 0, 4, 0, 0, 0, 4, 0, 0, 3, 0, 0, 2, 0, 0, 1, 1, 0, 1, 5, 1, 0, 1, 2, 0, 1, 1, 0, 0, 0, 1, 1, 1, 1, 0, 2, 0, 1, 1, 1, 1, 0, 3, 2, 0, 1, 1, 1, 0, 3, 0, 1, 1, 0, 3, 2, 3, 1, 1, 0, 0, 1, 2, 2, 2, 0, 0, 1, 4, 0, 1, 0, 4, 1, 0, 0, 2, 1, 0, 5, 3, 0, 2, 0, 4, 1, 0, 1, 0, 3, 0, 1, 0, 0, 0, 0, 2, 1, 5, 1, 0, 0, 0, 0, 0, 0, 1, 1, 0, 2, 2, 0, 1, 0, 1, 2, 1, 2, 1, 3, 0, 3, 1, 0, 2, 0, 0, 0, 0, 0, 0, 2, 1, 1, 0, 0, 1, 0, 0, 0, 1, 0, 0, 2, 2, 0, 0, 0, 1, 1, 0, 1, 1, 0, 2, 2, 0, 1, 3, 3, 5, 2, 2, 1, 3, 1, 0, 0, 1, 0, 1, 2, 0, 0, 2, 1, 1, 1, 0, 0, 1, 1, 3, 0, 1, 3, 1, 2, 0, 0, 1, 0, 0, 0, 0, 1, 1, 0, 0, 4, 1, 0, 0, 0, 0, 0, 0, 1, 1, 0, 0, 0, 0, 0, 0, 5, 5, 3, 1, 3, 1, 1, 0, 1, 1, 0, 1, 1, 1, 0, 0, 0, 0, 1, 2, 0, 1, 1, 1, 0, 0, 1, 1, 1, 1, 1, 1, 3, 0, 1, 0, 0, 2, 1, 2, 2, 0, 0, 2, 0, 0, 1, 2, 1, 2, 1, 0, 0, 3, 0, 2, 1, 0, 1, 1, 1, 1, 2, 1, 2, 2, 0, 1, 1, 2, 2, 2]

Mean:1.026
Median:1.0
Mode:0
Seed:72


[0, 0, 0, 1, 1, 0, 1, 0, 1, 1, 0, 1, 0, 1, 0, 1, 0, 0, 2, 1, 1, 1, 0, 1, 0, 0, 0, 0, 0, 0, 1, 1, 0, 1, 1, 0, 0, 0, 0, 2, 1, 1, 1, 1, 0, 0, 1, 1, 1, 0, 2, 0, 1, 1, 0, 1, 1, 1, 0, 0, 0, 0, 1, 0, 1, 1, 1, 1, 0, 1, 2, 0, 1, 1, 1, 0, 0, 0, 1, 0, 1, 1, 0, 0, 0, 0, 0, 1, 0, 1, 1, 0, 0, 1, 1, 0, 1, 1, 0, 1, 0, 0, 0, 0, 0, 1, 1, 1, 1, 0, 2, 1, 1, 1, 0, 1, 0, 0, 0, 0, 0, 1, 0, 0, 0, 0, 1, 2, 3, 0, 0, 0, 1, 0, 1, 1, 1, 1, 0, 1, 1, 0, 1, 0, 0, 1, 1, 1, 0, 0, 1, 1, 1, 0, 0, 1, 0, 0, 1, 0, 0, 1, 0, 1, 2, 0, 1, 0, 0, 2, 0, 1, 1, 0, 1, 2, 0, 1, 1, 1, 1, 1, 1, 1, 1, 2, 1, 0, 1, 1, 0, 1, 1, 2, 1, 2, 2, 1, 2, 0, 2, 1, 1, 0, 1, 1, 1, 0, 0, 0, 2, 0, 0, 0, 0, 0, 1, 0, 0, 1, 1, 0, 1, 1, 0, 0, 1, 1, 0, 0, 0, 1, 0, 0, 1, 1, 0, 0, 0, 2, 0, 0, 0, 0, 0, 1, 0, 0, 1, 0, 0, 1, 0, 0, 1, 1, 2, 1, 1, 1, 1, 0, 0, 0, 0, 0, 1, 0, 0, 0, 0, 0, 1, 1, 0, 0, 1, 2, 0, 4, 0, 0, 0, 1, 1, 1, 1, 0, 1, 1, 1, 0, 1, 1, 1, 1, 0, 1, 0, 2, 0, 1, 0, 1, 0, 1, 0, 0, 0, 0, 0, 0, 0, 1, 0, 3, 0, 1, 0, 2, 0, 2, 0, 1, 1, 0, 1, 0, 0, 0, 1, 0, 0, 0, 0, 3, 1, 1, 1, 1, 1, 1, 0, 0, 0, 2, 0, 1, 1, 0, 0, 0, 1, 0, 1, 0, 1, 1, 1, 2, 3, 0, 1, 1, 0, 1, 0, 1, 0, 0, 1, 0, 0, 1, 1, 0, 1, 0, 1, 0, 1, 0, 0, 2, 0, 1, 2, 1, 0, 0, 0, 1, 1, 1, 2, 0, 2, 0, 1, 0, 1, 0, 0, 1, 0, 1, 0, 1, 0, 0, 0, 1, 1, 0, 0, 0, 0, 0, 0, 0, 1, 1, 1, 1, 1, 0, 0, 1, 0, 1, 1, 1, 0, 0, 0, 0, 0, 1, 1, 0, 0, 1, 0, 1, 1, 0, 1, 0, 1, 0, 1, 1, 1, 0, 0, 1, 1, 0, 0, 0, 1, 0, 0, 1, 0, 1, 0, 1, 0, 0, 1, 1, 0, 1, 1, 0, 1, 0, 1, 1, 0, 1, 1, 0, 0, 1, 0, 1, 1, 1, 1, 0, 0, 1, 0, 2, 1, 0, 0, 1]

Mean:0.59
Median:1.0
Mode:0
Seed:18


[8, 15, 8, 4, 25, 0, 7, 8, 11, 1, 0, 1, 0, 25, 0, 6, 13, 1, 2, 13, 20, 0, 4, 0, 5, 3, 14, 7, 24, 19, 9, 16, 4, 1, 2, 7, 22, 23, 1, 15, 26, 19, 3, 9, 4, 6, 4, 8, 19, 19, 26, 3, 27, 20, 0, 24, 11, 2, 2, 2, 2, 0, 10, 9, 11, 1, 33, 25, 7, 4, 4, 22, 29, 3, 4, 10, 18, 25, 2, 0, 1, 19, 18, 6, 16, 26, 11, 9, 3, 26, 17, 1, 17, 3, 2, 4, 5, 18, 10, 13, 14, 2, 5, 15, 16, 6, 2, 6, 5, 5, 27, 9, 3, 13, 25, 0, 23, 3, 11, 21, 17, 5, 8, 15, 1, 2, 17, 20, 25, 8, 8, 12, 27, 0, 5, 1, 2, 1, 29, 0, 18, 7, 12, 2, 4, 15, 10, 2, 8, 26, 24, 11, 8, 7, 24, 6, 1, 9, 14, 1, 19, 23, 38, 26, 9, 22, 1, 28, 21, 0, 25, 20, 5, 18, 6, 27, 4, 6, 4, 18, 10, 5, 5, 21, 18, 5, 26, 0, 11, 0, 19, 9, 19, 4, 1, 0, 8, 6, 0, 9, 6, 4, 21, 17, 8, 23, 8, 7, 17, 2, 0, 3, 16, 0, 24, 23, 21, 7, 19, 3, 26, 1, 18, 24, 22, 8, 6, 8, 5, 32, 1, 12, 4, 10, 2, 9, 15, 32, 18, 25, 29, 7, 1, 27, 4, 19, 5, 20, 27, 17, 26, 0, 2, 18, 19, 5, 7, 18, 1, 23, 26, 10, 27, 10, 3, 1, 1, 18, 19, 6, 4, 26, 5, 19, 25, 22, 6, 1, 34, 10, 4, 35, 2, 4, 8, 3, 12, 0, 20, 2, 22, 21, 7, 6, 14, 5, 8, 3, 3, 29, 5, 34, 0, 6, 23, 1, 20, 20, 4, 23, 4, 9, 1, 3, 9, 6, 9, 2, 1, 0, 12, 28, 26, 9, 15, 18, 20, 8, 9, 0, 3, 29, 8, 18, 23, 9, 23, 34, 1, 22, 16, 5, 1, 11, 12, 4, 24, 26, 0, 5, 29, 4, 30, 0, 18, 32, 15, 10, 2, 13, 2, 5, 1, 14, 25, 27, 22, 32, 9, 2, 0, 19, 1, 6, 26, 26, 0, 15, 9, 1, 4, 4, 6, 3, 9, 23, 1, 15, 2, 8, 0, 19, 16, 21, 17, 23, 21, 27, 9, 7, 3, 17, 25, 21, 1, 1, 30, 23, 11, 2, 1, 9, 5, 12, 15, 32, 20, 5, 5, 7, 4, 17, 26, 20, 4, 13, 18, 9, 12, 6, 17, 31, 24, 4, 1, 18, 11, 10, 1, 20, 12, 22, 33, 5, 25, 3, 20, 27, 5, 2, 32, 21, 11, 24, 0, 1, 16, 19, 23, 29, 11, 11, 29, 4, 8, 2, 15, 19, 20, 9, 18, 33, 2, 20, 1, 17, 18, 23, 25, 17, 30, 1, 20, 2, 9, 27, 6, 28, 0, 4, 24, 0, 20, 0, 4, 23, 7, 3, 22, 1]

Mean:12.014
Median:9.0
Mode:1
Seed:260


[1, 1, 1, 0, 0, 1, 0, 1, 0, 1, 1, 1, 0, 1, 0, 0, 1, 1, 1, 0, 0, 1, 0, 2, 0, 1, 2, 1, 1, 0, 1, 0, 0, 0, 2, 0, 1, 0, 0, 1, 1, 0, 1, 0, 0, 1, 1, 1, 2, 0, 1, 1, 0, 0, 1, 3, 1, 1, 0, 0, 2, 0, 1, 0, 2, 1, 0, 0, 1, 1, 0, 0, 1, 0, 1, 1, 0, 1, 1, 0, 1, 0, 1, 0, 0, 1, 1, 0, 0, 2, 1, 1, 0, 1, 1, 1, 0, 0, 0, 2, 0, 1, 1, 0, 1, 2, 0, 0, 1, 0, 0, 1, 0, 0, 1, 1, 0, 0, 0, 0, 0, 0, 0, 1, 0, 1, 1, 1, 1, 1, 0, 0, 1, 0, 2, 1, 1, 0, 1, 0, 1, 1, 0, 0, 1, 0, 1, 1, 0, 2, 1, 0, 1, 1, 1, 1, 1, 0, 2, 0, 2, 0, 2, 1, 1, 0, 0, 0, 0, 0, 0, 0, 1, 1, 1, 0, 1, 0, 0, 2, 0, 0, 1, 0, 1, 0, 1, 0, 1, 1, 1, 0, 0, 1, 0, 0, 1, 1, 1, 0, 0, 0, 2, 0, 1, 1, 2, 2, 1, 1, 2, 2, 1, 1, 1, 2, 0, 2, 1, 0, 1, 1, 0, 1, 1, 0, 0, 1, 2, 1, 1, 0, 1, 2, 1, 0, 0, 0, 1, 1, 0, 0, 0, 0, 1, 2, 0, 1, 1, 1, 0, 0, 0, 1, 1, 1, 1, 0, 0, 1, 2, 1, 0, 0, 1, 1, 2, 1, 1, 1, 1, 0, 0, 0, 1, 1, 1, 1, 0, 2, 1, 1, 1, 0, 0, 1, 0, 0, 1, 1, 1, 1, 0, 1, 0, 0, 0, 1, 1, 0, 0, 2, 1, 1, 1, 0, 1, 1, 0, 0, 2, 1, 0, 1, 1, 0, 0, 1, 1, 1, 1, 1, 1, 0, 0, 1, 1, 1, 1, 1, 2, 1, 0, 1, 0, 0, 1, 1, 2, 0, 0, 1, 1, 0, 2, 1, 1, 1, 0, 0, 0, 0, 1, 1, 2, 0, 1, 2, 1, 0, 1, 1, 0, 1, 1, 2, 1, 2, 1, 0, 0, 0, 0, 1, 0, 0, 1, 1, 1, 1, 1, 0, 1, 1, 0, 1, 0, 0, 1, 2, 1, 0, 1, 1, 0, 3, 1, 1, 1, 1, 1, 0, 2, 1, 0, 1, 1, 1, 0, 2, 1, 1, 2, 0, 1, 0, 0, 1, 1, 0, 2, 1, 1, 2, 0, 1, 1, 0, 1, 0, 1, 1, 1, 0, 1, 1, 0, 1, 0, 0, 1, 0, 0, 2, 1, 1, 1, 1, 1, 1, 0, 1, 0, 0, 0, 0, 1, 1, 1, 1, 1, 1, 0, 1, 1, 2, 1, 1, 2, 1, 0, 0, 0, 1, 3, 0, 0, 1, 1, 0, 1, 1, 0, 0, 1, 1, 1, 0, 0, 0, 1, 1, 0, 1, 0, 1, 0, 1, 0, 1]

Mean:0.702
Median:1.0
Mode:1
Seed:282


[2, 2, 1, 1, 2, 1, 1, 1, 1, 0, 0, 0, 1, 1, 0, 1, 0, 1, 1, 1, 2, 0, 1, 1, 2, 2, 2, 0, 1, 1, 1, 1, 1, 0, 0, 2, 0, 0, 1, 2, 0, 0, 0, 0, 1, 1, 0, 1, 1, 1, 0, 1, 1, 1, 1, 1, 0, 1, 1, 1, 1, 0, 1, 0, 1, 0, 1, 1, 0, 1, 1, 0, 0, 0, 2, 1, 1, 1, 1, 1, 0, 1, 1, 0, 0, 0, 0, 2, 0, 1, 1, 0, 0, 2, 0, 1, 1, 1, 1, 1, 2, 0, 1, 2, 1, 1, 1, 0, 2, 1, 1, 1, 1, 1, 1, 0, 0, 1, 1, 1, 1, 0, 1, 1, 0, 0, 0, 0, 0, 0, 0, 0, 3, 0, 2, 2, 0, 1, 1, 1, 0, 0, 0, 2, 0, 0, 1, 0, 0, 0, 0, 1, 0, 1, 1, 1, 0, 0, 1, 1, 0, 2, 1, 1, 1, 0, 1, 0, 2, 0, 1, 1, 1, 0, 2, 1, 1, 1, 0, 0, 3, 1, 1, 0, 0, 1, 0, 2, 1, 0, 0, 0, 0, 1, 1, 0, 1, 2, 1, 2, 1, 1, 0, 1, 0, 1, 0, 2, 1, 2, 0, 0, 1, 1, 1, 1, 1, 0, 0, 0, 1, 0, 1, 1, 2, 1, 0, 0, 3, 0, 1, 2, 1, 1, 1, 1, 0, 1, 0, 3, 0, 1, 1, 1, 1, 1, 2, 1, 0, 0, 1, 1, 1, 1, 0, 1, 0, 0, 0, 1, 0, 0, 1, 1, 0, 1, 1, 1, 2, 1, 0, 2, 0, 1, 0, 1, 0, 1, 1, 1, 1, 1, 1, 0, 0, 0, 1, 0, 1, 0, 0, 1, 1, 1, 1, 3, 1, 2, 1, 2, 0, 0, 1, 0, 1, 1, 1, 1, 0, 1, 0, 0, 1, 0, 1, 2, 0, 1, 1, 1, 0, 1, 0, 1, 1, 1, 1, 1, 0, 1, 0, 0, 0, 1, 1, 0, 1, 0, 1, 0, 0, 1, 1, 0, 0, 0, 1, 1, 0, 1, 1, 1, 1, 0, 0, 1, 0, 0, 1, 0, 0, 1, 2, 1, 1, 1, 1, 0, 1, 1, 0, 1, 0, 1, 1, 0, 1, 1, 1, 2, 1, 4, 2, 2, 1, 0, 1, 1, 1, 1, 1, 1, 1, 0, 1, 0, 0, 1, 0, 1, 1, 0, 1, 1, 1, 0, 0, 1, 1, 1, 1, 1, 3, 1, 1, 2, 1, 0, 2, 1, 0, 1, 1, 0, 1, 0, 0, 1, 0, 2, 1, 1, 1, 0, 1, 0, 3, 1, 1, 0, 1, 0, 0, 0, 1, 0, 0, 0, 1, 1, 1, 1, 1, 0, 1, 0, 0, 0, 1, 1, 0, 1, 0, 0, 0, 0, 0, 1, 0, 2, 0, 2, 2, 2, 1, 1, 2, 2, 2, 1, 0, 1, 1, 2, 0, 0, 0, 1, 1, 0, 0, 0, 1, 2, 1, 2, 0, 0, 0, 0]

Mean:0.76
Median:1.0
Mode:1
Seed:899


[0, 4, 0, 0, 0, 1, 1, 0, 3, 3, 0, 2, 1, 0, 1, 0, 1, 1, 3, 1, 1, 0, 1, 1, 2, 0, 0, 0, 0, 0, 0, 1, 0, 1, 2, 1, 0, 1, 1, 1, 1, 1, 1, 1, 1, 2, 1, 1, 0, 2, 1, 1, 2, 1, 2, 2, 3, 1, 2, 2, 1, 0, 1, 1, 0, 2, 1, 0, 1, 2, 0, 1, 1, 1, 0, 1, 1, 0, 0, 1, 0, 0, 1, 1, 1, 2, 2, 0, 0, 0, 0, 1, 1, 2, 2, 1, 2, 1, 2, 0, 1, 1, 0, 2, 1, 0, 0, 0, 0, 1, 0, 0, 1, 2, 0, 0, 1, 0, 2, 0, 2, 0, 2, 1, 0, 0, 1, 0, 3, 2, 1, 0, 0, 0, 0, 0, 1, 0, 1, 1, 2, 1, 1, 0, 0, 0, 0, 3, 1, 2, 0, 0, 0, 0, 3, 2, 1, 1, 1, 1, 2, 1, 2, 1, 1, 0, 3, 2, 1, 1, 0, 2, 1, 1, 0, 2, 1, 1, 0, 1, 0, 1, 1, 1, 1, 1, 1, 1, 0, 0, 0, 0, 2, 1, 0, 1, 1, 0, 1, 1, 0, 0, 2, 0, 1, 0, 3, 2, 0, 1, 0, 1, 1, 1, 1, 1, 0, 0, 1, 1, 2, 1, 0, 1, 1, 1, 0, 0, 1, 2, 2, 0, 1, 0, 2, 1, 0, 1, 0, 0, 1, 0, 0, 2, 0, 1, 2, 0, 0, 1, 0, 0, 3, 0, 1, 2, 0, 1, 1, 0, 2, 0, 0, 1, 1, 0, 2, 1, 1, 1, 2, 3, 0, 1, 1, 0, 1, 1, 2, 0, 2, 1, 1, 2, 0, 0, 0, 0, 2, 1, 2, 2, 1, 0, 1, 2, 0, 0, 1, 2, 0, 1, 1, 1, 0, 1, 3, 1, 0, 2, 2, 0, 1, 1, 2, 0, 1, 1, 1, 3, 1, 1, 1, 0, 1, 3, 1, 0, 0, 1, 0, 2, 0, 0, 1, 2, 0, 0, 1, 0, 0, 2, 2, 0, 0, 0, 2, 2, 1, 0, 1, 1, 1, 0, 1, 0, 1, 0, 0, 1, 0, 0, 0, 2, 2, 1, 1, 1, 1, 1, 0, 2, 2, 1, 0, 0, 2, 0, 0, 1, 0, 0, 2, 2, 2, 0, 1, 1, 0, 1, 2, 0, 1, 4, 0, 1, 1, 2, 2, 0, 1, 1, 2, 2, 1, 0, 1, 1, 1, 2, 2, 2, 1, 1, 0, 1, 1, 0, 1, 1, 1, 0, 3, 1, 0, 1, 0, 0, 2, 1, 0, 0, 0, 0, 1, 1, 1, 0, 0, 1, 1, 0, 2, 1, 1, 0, 1, 1, 0, 0, 0, 1, 1, 1, 0, 1, 0, 1, 0, 1, 0, 1, 1, 1, 0, 0, 1, 0, 2, 2, 1, 1, 1, 0, 0, 1, 2, 0, 0, 0, 1, 2, 0, 2, 0, 1, 2, 0, 1, 1, 0, 1, 0, 2, 3, 1, 1, 1, 1, 1]

Mean:0.882
Median:1.0
Mode:1
Seed:703


[5, 4, 0, 2, 1, 7, 12, 11, 10, 16, 5, 12, 12, 5, 3, 10, 0, 11, 1, 2, 11, 2, 2, 4, 3, 13, 1, 0, 4, 9, 1, 0, 3, 3, 0, 11, 17, 5, 2, 0, 5, 2, 5, 1, 0, 10, 2, 0, 2, 2, 0, 3, 0, 6, 7, 4, 10, 0, 6, 9, 1, 16, 1, 6, 10, 2, 2, 2, 2, 0, 1, 8, 2, 9, 5, 5, 7, 18, 0, 0, 0, 3, 17, 5, 0, 3, 6, 3, 16, 8, 2, 9, 15, 0, 11, 3, 9, 10, 2, 0, 0, 1, 9, 9, 3, 2, 4, 14, 4, 0, 1, 0, 7, 10, 13, 1, 6, 0, 6, 9, 2, 9, 3, 8, 1, 6, 0, 3, 3, 4, 6, 0, 0, 4, 2, 5, 0, 12, 8, 3, 11, 3, 2, 9, 3, 2, 3, 1, 5, 5, 9, 4, 1, 2, 8, 4, 1, 5, 8, 11, 3, 17, 1, 9, 0, 3, 5, 3, 1, 4, 4, 4, 1, 2, 0, 4, 12, 0, 15, 3, 8, 9, 1, 5, 1, 7, 8, 1, 0, 6, 9, 4, 4, 12, 1, 2, 1, 3, 7, 4, 3, 6, 15, 4, 1, 3, 4, 1, 5, 2, 7, 3, 1, 3, 4, 0, 1, 2, 2, 6, 17, 0, 9, 8, 5, 1, 0, 0, 4, 8, 0, 5, 6, 3, 0, 5, 4, 0, 2, 0, 1, 2, 1, 10, 4, 8, 3, 1, 5, 1, 1, 3, 9, 0, 3, 2, 8, 7, 6, 10, 5, 9, 3, 1, 7, 10, 4, 0, 17, 2, 6, 5, 2, 8, 3, 2, 1, 13, 3, 1, 3, 7, 2, 3, 3, 3, 0, 3, 2, 4, 0, 3, 9, 5, 3, 0, 0, 6, 6, 13, 2, 15, 8, 14, 1, 4, 1, 11, 11, 3, 3, 0, 4, 3, 1, 6, 3, 8, 7, 1, 1, 5, 0, 9, 1, 5, 7, 6, 5, 5, 1, 4, 1, 2, 6, 2, 5, 5, 2, 3, 4, 5, 2, 3, 2, 0, 3, 2, 6, 0, 7, 2, 0, 2, 0, 3, 2, 14, 9, 10, 1, 0, 0, 7, 3, 2, 6, 0, 8, 3, 0, 5, 10, 9, 17, 3, 10, 0, 2, 1, 9, 4, 1, 1, 16, 1, 5, 7, 1, 8, 4, 15, 12, 7, 4, 9, 2, 0, 2, 8, 10, 2, 2, 15, 2, 5, 3, 4, 4, 1, 5, 4, 2, 5, 0, 17, 11, 3, 10, 0, 2, 11, 2, 2, 7, 5, 0, 9, 1, 14, 1, 1, 0, 2, 1, 3, 3, 2, 17, 0, 1, 0, 6, 2, 5, 0, 3, 7, 11, 15, 0, 2, 8, 0, 1, 2, 9, 8, 5, 7, 2, 2, 4, 4, 10, 0, 2, 10, 3, 1, 8, 2, 4, 1, 8, 6, 0, 1, 4, 5, 1, 3, 7, 1, 3, 2, 2, 8, 6, 5, 8, 3, 1, 2, 5, 0, 3, 4, 4, 10]

Mean:4.558
Median:3.0
Mode:0
Seed:471


[0, 2, 0, 0, 0, 1, 0, 1, 1, 0, 1, 1, 0, 0, 0, 1, 1, 2, 0, 0, 0, 0, 1, 1, 3, 0, 1, 1, 1, 2, 0, 0, 1, 3, 1, 1, 0, 1, 0, 0, 0, 1, 1, 0, 1, 0, 0, 1, 0, 1, 0, 0, 1, 0, 0, 0, 0, 1, 2, 1, 2, 1, 0, 1, 0, 1, 0, 1, 0, 1, 1, 1, 1, 0, 1, 0, 1, 0, 0, 0, 1, 3, 0, 0, 0, 0, 0, 0, 0, 2, 1, 0, 1, 0, 0, 2, 1, 1, 0, 1, 1, 0, 0, 0, 0, 0, 1, 1, 0, 2, 0, 1, 1, 2, 0, 0, 1, 0, 0, 0, 0, 1, 0, 1, 0, 1, 1, 0, 1, 0, 2, 0, 0, 0, 0, 0, 1, 2, 0, 2, 0, 0, 2, 0, 0, 0, 2, 1, 0, 0, 0, 1, 2, 0, 0, 1, 2, 1, 2, 0, 1, 0, 1, 1, 1, 1, 0, 0, 2, 0, 0, 0, 1, 0, 0, 0, 1, 1, 0, 0, 1, 0, 0, 0, 2, 0, 1, 2, 1, 0, 1, 1, 0, 2, 0, 1, 0, 1, 0, 0, 1, 0, 1, 0, 1, 0, 0, 0, 0, 0, 3, 1, 2, 2, 0, 1, 1, 0, 3, 0, 1, 2, 0, 1, 2, 0, 1, 0, 2, 0, 1, 1, 1, 1, 0, 0, 2, 0, 4, 1, 0, 1, 0, 2, 1, 0, 0, 0, 3, 0, 0, 1, 1, 0, 1, 0, 2, 1, 1, 2, 2, 1, 1, 0, 2, 0, 0, 0, 0, 1, 1, 2, 2, 1, 0, 0, 1, 2, 1, 0, 0, 2, 1, 0, 1, 0, 0, 1, 1, 2, 2, 0, 0, 0, 0, 0, 0, 1, 0, 2, 2, 0, 0, 0, 0, 1, 0, 0, 0, 1, 0, 0, 1, 0, 0, 0, 1, 0, 0, 4, 0, 2, 0, 0, 0, 2, 0, 2, 0, 1, 0, 2, 1, 1, 0, 0, 1, 0, 1, 1, 0, 0, 1, 1, 0, 1, 1, 1, 0, 1, 2, 2, 0, 1, 0, 0, 0, 0, 1, 1, 1, 1, 1, 1, 0, 0, 1, 1, 0, 2, 1, 2, 0, 1, 1, 1, 0, 0, 2, 0, 1, 1, 1, 0, 2, 0, 2, 0, 2, 0, 1, 0, 0, 0, 2, 1, 0, 0, 1, 4, 0, 1, 1, 0, 0, 1, 1, 1, 1, 3, 1, 2, 0, 0, 2, 1, 0, 1, 2, 1, 2, 0, 0, 0, 0, 0, 1, 2, 1, 0, 0, 0, 1, 2, 0, 0, 2, 0, 0, 1, 0, 0, 0, 1, 1, 0, 0, 1, 1, 0, 0, 0, 1, 1, 0, 1, 1, 2, 0, 0, 2, 1, 0, 1, 0, 0, 1, 0, 0, 0, 0, 0, 0, 1, 1, 0, 0, 1, 1, 1, 0, 1, 2, 1, 1, 0, 0, 1, 0, 0, 1, 1, 2, 2, 0, 0, 2, 0, 0, 0]

Mean:0.68
Median:1.0
Mode:0
Seed:944


[0, 0, 0, 0, 0, 0, 0, 0, 0, 0, 0, 2, 1, 0, 0, 0, 0, 0, 0, 0, 0, 0, 0, 0, 1, 0, 0, 0, 1, 0, 0, 0, 0, 0, 0, 0, 0, 1, 1, 0, 0, 1, 0, 1, 0, 0, 0, 2, 0, 0, 0, 0, 0, 0, 0, 1, 0, 0, 0, 0, 0, 0, 1, 0, 1, 0, 0, 0, 0, 0, 1, 0, 0, 1, 0, 0, 0, 0, 0, 0, 0, 0, 0, 0, 0, 0, 0, 0, 1, 0, 0, 0, 0, 0, 0, 0, 0, 0, 0, 1, 0, 0, 0, 0, 0, 0, 0, 0, 0, 0, 0, 1, 0, 0, 0, 0, 0, 1, 0, 0, 0, 0, 1, 0, 0, 0, 0, 0, 0, 0, 0, 0, 1, 0, 0, 0, 0, 0, 1, 2, 0, 0, 0, 1, 0, 0, 0, 0, 0, 1, 0, 0, 0, 0, 0, 0, 0, 0, 0, 0, 0, 0, 2, 0, 0, 1, 0, 1, 0, 0, 1, 0, 1, 0, 0, 1, 0, 0, 0, 1, 0, 0, 0, 0, 0, 0, 0, 0, 0, 0, 0, 0, 0, 0, 0, 0, 0, 0, 0, 1, 1, 0, 0, 1, 1, 0, 1, 0, 0, 0, 0, 0, 0, 1, 1, 0, 1, 0, 0, 0, 0, 0, 0, 0, 0, 1, 0, 0, 0, 0, 0, 0, 0, 1, 1, 0, 0, 1, 0, 0, 0, 0, 0, 0, 1, 1, 0, 0, 0, 0, 0, 0, 0, 0, 0, 0, 0, 0, 1, 1, 1, 1, 1, 0, 1, 0, 0, 1, 0, 0, 1, 0, 0, 1, 1, 0, 0, 0, 0, 0, 0, 1, 0, 0, 0, 0, 2, 0, 0, 0, 0, 2, 0, 0, 0, 0, 1, 0, 0, 0, 0, 0, 2, 0, 0, 0, 2, 1, 0, 0, 0, 0, 1, 0, 0, 0, 0, 0, 0, 0, 0, 1, 0, 0, 1, 0, 0, 1, 0, 1, 0, 0, 0, 0, 1, 1, 0, 1, 1, 0, 1, 0, 1, 0, 1, 0, 0, 1, 0, 0, 0, 0, 0, 0, 1, 0, 0, 1, 0, 0, 0, 1, 0, 0, 0, 0, 1, 0, 0, 0, 1, 0, 0, 2, 0, 0, 1, 1, 0, 0, 0, 0, 0, 1, 0, 1, 0, 0, 0, 0, 0, 0, 1, 0, 2, 0, 0, 0, 0, 1, 0, 0, 0, 0, 0, 0, 0, 0, 0, 0, 0, 0, 0, 1, 0, 0, 0, 0, 0, 1, 1, 1, 1, 0, 0, 0, 1, 1, 0, 1, 0, 0, 0, 1, 0, 0, 0, 0, 1, 0, 0, 1, 0, 0, 0, 0, 0, 1, 0, 0, 0, 0, 0, 1, 1, 0, 0, 1, 0, 0, 0, 0, 1, 0, 0, 0, 0, 0, 0, 0, 0, 0, 0, 0, 0, 0, 0, 0, 0, 0, 0, 0, 0, 0, 1, 0, 1, 0, 1, 0, 0, 0, 0, 0, 0, 0, 0, 0, 1, 1]

Mean:0.238
Median:0.0
Mode:0
Seed:130


Seeds:
[912, 485, 52, 88, 397, 620, 651, 176, 296, 950, 812, 53, 820, 560, 214, 523, 434, 504, 487, 260, 495, 72, 18, 260, 282, 899, 703, 471, 944, 130]

Means:
[0.948, 0.434, 0.642, 0.652, 14.506, 0.734, 0.962, 0.656, 2.558, 0.904, 14.502, 3.44, 5.208, 2.368, 14.04, 0.596, 0.706, 14.53, 0.66, 12.014, 0.576, 1.026, 0.59, 12.014, 0.702, 0.76, 0.882, 4.558, 0.68, 0.238]

Medians:
[1.0, 0.0, 1.0, 1.0, 14.0, 0.0, 1.0, 1.0, 2.0, 0.0, 14.0, 2.0, 4.0, 2.0, 14.5, 1.0, 1.0, 14.0, 1.0, 9.0, 0.0, 1.0, 1.0, 9.0, 1.0, 1.0, 1.0, 3.0, 1.0, 0.0]

Modes:
[1, 0, 0, 1, 14, 0, 1, 0, 1, 0, 14, 1, 0, 0, 13, 0, 0, 14, 1, 1, 0, 0, 0, 1, 1, 1, 1, 0, 0, 0]


Top Level Results:
Mean:3.7695333333333334
Median:1.0
Mode:0



