[1, 0, 0, 2, 0, 1, 1, 0, 1, 0, 1, 1, 1, 2, 3, 1, 1, 1, 1, 1, 1, 0, 1, 1, 0, 1, 0, 1, 1, 0, 1, 0, 1, 1, 1, 0, 0, 1, 2, 0, 1, 1, 1, 0, 1, 1, 2, 0, 1, 0, 1, 1, 0, 1, 0, 1, 0, 0, 0, 1, 1, 0, 1, 0, 0, 1, 1, 2, 1, 0, 1, 1, 0, 1, 1, 1, 1, 1, 1, 1, 2, 1, 2, 1, 0, 1, 1, 1, 0, 1, 1, 1, 1, 2, 1, 0, 0, 1, 0, 1, 0, 0, 0, 0, 1, 1, 1, 1, 1, 1, 1, 1, 1, 1, 0, 1, 1, 1, 0, 1, 2, 1, 1, 0, 1, 1, 0, 0, 1, 1, 0, 1, 0, 1, 1, 1, 0, 1, 0, 1, 0, 1, 1, 2, 0, 0, 2, 1, 1, 0, 1, 1, 0, 0, 1, 2, 0, 1, 1, 2, 1, 1, 0, 2, 1, 1, 1, 0, 0, 0, 1, 0, 1, 1, 1, 3, 0, 0, 1, 2, 0, 0, 0, 0, 2, 1, 0, 0, 1, 0, 1, 1, 0, 0, 1, 0, 1, 0, 1, 2, 0, 0, 0, 0, 1, 1, 0, 0, 1, 1, 0, 1, 0, 1, 1, 1, 0, 1, 1, 1, 1, 2, 1, 0, 2, 0, 0, 0, 1, 0, 1, 0, 0, 1, 0, 0, 1, 1, 0, 0, 0, 1, 0, 1, 1, 1, 1, 0, 1, 1, 1, 0, 1, 0, 1, 0, 1, 0, 0, 0, 1, 1, 0, 0, 2, 0, 0, 0, 2, 1, 1, 1, 1, 0, 0, 0, 1, 0, 1, 1, 1, 1, 1, 1, 1, 0, 0, 0, 0, 1, 3, 1, 1, 0, 1, 0, 1, 0, 2, 0, 1, 1, 1, 0, 0, 0, 2, 1, 1, 2, 2, 2, 1, 0, 0, 2, 0, 1, 1, 1, 1, 1, 0, 1, 1, 1, 0, 1, 0, 2, 0, 1, 0, 1, 1, 0, 0, 0, 1, 1, 1, 1, 1, 1, 1, 0, 2, 1, 0, 1, 1, 0, 1, 0, 0, 3, 0, 1, 1, 1, 0, 0, 1, 0, 1, 1, 0, 0, 1, 0, 0, 1, 1, 0, 0, 0, 0, 1, 1, 0, 1, 1, 1, 1, 0, 2, 0, 1, 1, 0, 0, 1, 0, 0, 2, 1, 1, 0, 2, 0, 1, 0, 0, 1, 1, 1, 1, 0, 0, 1, 0, 1, 1, 2, 0, 0, 1, 1, 1, 1, 2, 2, 3, 1, 2, 0, 2, 1, 0, 1, 0, 1, 1, 1, 0, 0, 1, 2, 1, 1, 0, 1, 2, 0, 2, 1, 2, 0, 0, 0, 1, 1, 1, 0, 0, 0, 0, 0, 1, 1, 1, 1, 1, 1, 1, 1, 1, 2, 1, 1, 1, 1, 1, 2, 1, 1, 0, 1, 1, 1, 0, 0, 1, 0, 1, 0, 0, 1, 2, 1, 2, 1, 1, 1, 1, 0, 0, 0, 2, 0]

Mean:0.738
Median:1.0
Mode:1
Seed:515


[1, 0, 0, 1, 1, 0, 2, 2, 0, 2, 1, 1, 1, 2, 0, 1, 2, 1, 1, 0, 0, 2, 0, 1, 0, 0, 1, 1, 1, 0, 1, 2, 0, 0, 1, 1, 1, 0, 0, 1, 1, 0, 1, 1, 0, 0, 1, 0, 1, 1, 0, 1, 0, 1, 1, 1, 1, 1, 1, 0, 1, 0, 1, 0, 2, 0, 0, 1, 1, 1, 1, 2, 2, 1, 3, 0, 2, 1, 0, 1, 1, 0, 0, 1, 2, 2, 2, 0, 1, 2, 0, 1, 1, 1, 1, 0, 1, 0, 0, 0, 0, 0, 0, 1, 1, 2, 1, 1, 1, 0, 1, 1, 1, 2, 0, 0, 1, 0, 0, 0, 0, 3, 0, 1, 1, 1, 0, 0, 1, 0, 1, 0, 0, 1, 0, 3, 0, 0, 1, 0, 0, 0, 1, 2, 0, 1, 1, 2, 0, 1, 1, 1, 1, 0, 1, 0, 1, 4, 2, 2, 0, 0, 0, 1, 0, 1, 1, 1, 1, 1, 1, 1, 0, 1, 0, 0, 2, 2, 1, 1, 0, 0, 1, 1, 0, 1, 0, 1, 2, 1, 1, 0, 3, 1, 2, 0, 0, 1, 3, 0, 1, 1, 0, 1, 0, 0, 1, 0, 1, 0, 1, 1, 0, 2, 1, 1, 1, 1, 2, 0, 0, 0, 2, 1, 0, 3, 1, 1, 0, 1, 1, 1, 1, 1, 0, 1, 1, 1, 0, 0, 1, 1, 1, 0, 0, 1, 2, 0, 3, 1, 0, 0, 0, 0, 0, 0, 1, 1, 1, 0, 1, 1, 1, 0, 1, 0, 1, 2, 0, 0, 0, 1, 0, 1, 1, 1, 1, 0, 1, 0, 2, 0, 0, 1, 1, 0, 0, 1, 1, 2, 1, 0, 1, 1, 1, 1, 2, 1, 1, 1, 2, 0, 1, 1, 2, 1, 0, 1, 1, 0, 1, 1, 1, 2, 0, 2, 1, 1, 0, 0, 3, 1, 0, 1, 1, 0, 1, 0, 0, 2, 0, 2, 0, 2, 1, 0, 1, 1, 0, 1, 1, 0, 1, 0, 1, 0, 1, 1, 0, 1, 2, 0, 1, 1, 1, 0, 0, 0, 0, 0, 0, 2, 0, 3, 0, 2, 1, 1, 1, 2, 0, 0, 0, 1, 0, 0, 2, 0, 1, 0, 0, 1, 0, 0, 0, 1, 1, 1, 2, 1, 1, 2, 2, 1, 0, 1, 0, 1, 0, 0, 0, 1, 0, 1, 0, 1, 1, 0, 0, 0, 0, 1, 0, 1, 0, 1, 0, 0, 1, 2, 0, 0, 0, 1, 0, 1, 0, 0, 0, 1, 1, 1, 1, 0, 0, 0, 1, 1, 0, 0, 0, 1, 0, 2, 1, 1, 0, 1, 1, 1, 0, 1, 0, 0, 0, 0, 1, 1, 1, 0, 1, 0, 1, 1, 0, 2, 0, 1, 0, 0, 2, 1, 0, 1, 0, 2, 0, 0, 0, 2, 1, 2, 0, 1, 1, 0, 0, 0, 1, 0, 0, 0, 0, 1, 2, 1, 1, 0, 2, 2]

Mean:0.744
Median:1.0
Mode:1
Seed:601


[0, 0, 0, 0, 0, 1, 0, 1, 1, 0, 0, 0, 0, 1, 0, 1, 0, 1, 0, 0, 1, 0, 0, 0, 0, 0, 0, 0, 0, 0, 0, 0, 0, 0, 0, 0, 0, 0, 0, 0, 0, 0, 1, 0, 0, 0, 0, 0, 0, 0, 0, 0, 0, 0, 0, 0, 0, 0, 1, 0, 0, 0, 0, 0, 0, 0, 0, 1, 0, 0, 1, 0, 0, 0, 0, 0, 0, 0, 1, 2, 0, 1, 0, 0, 0, 0, 0, 0, 0, 0, 0, 0, 1, 0, 0, 1, 0, 0, 0, 0, 0, 0, 0, 0, 0, 1, 0, 0, 2, 0, 0, 0, 0, 0, 0, 0, 0, 0, 0, 1, 0, 1, 0, 0, 0, 0, 0, 0, 0, 1, 0, 1, 0, 0, 0, 0, 1, 0, 0, 1, 0, 1, 0, 0, 1, 0, 0, 0, 1, 0, 1, 0, 0, 1, 0, 0, 0, 0, 0, 1, 0, 0, 0, 1, 0, 0, 0, 0, 0, 1, 0, 0, 0, 0, 0, 0, 0, 0, 0, 0, 1, 0, 0, 0, 0, 1, 0, 0, 0, 0, 0, 0, 1, 0, 0, 1, 0, 0, 0, 0, 0, 1, 0, 0, 1, 0, 1, 0, 0, 0, 0, 0, 0, 0, 0, 0, 0, 0, 0, 0, 0, 0, 0, 0, 0, 0, 0, 0, 0, 0, 0, 0, 1, 0, 0, 0, 1, 1, 0, 0, 0, 0, 0, 0, 0, 1, 0, 1, 0, 0, 0, 0, 1, 0, 1, 1, 0, 0, 0, 3, 0, 0, 1, 0, 0, 0, 1, 1, 1, 0, 0, 0, 0, 0, 0, 0, 0, 0, 0, 0, 0, 0, 1, 1, 1, 0, 0, 0, 0, 0, 1, 1, 0, 0, 0, 0, 1, 0, 0, 0, 0, 0, 0, 0, 0, 0, 2, 1, 0, 0, 0, 0, 1, 0, 0, 0, 0, 0, 0, 0, 0, 0, 0, 1, 0, 0, 0, 0, 0, 0, 2, 0, 0, 0, 0, 1, 0, 0, 0, 0, 0, 0, 0, 0, 1, 0, 1, 1, 0, 0, 0, 0, 1, 0, 0, 0, 0, 1, 0, 0, 0, 0, 1, 0, 1, 0, 1, 0, 0, 0, 0, 0, 0, 0, 1, 0, 0, 1, 0, 0, 1, 0, 0, 0, 0, 0, 1, 0, 0, 1, 0, 0, 0, 0, 1, 0, 0, 1, 0, 0, 1, 0, 0, 0, 0, 1, 0, 0, 1, 1, 0, 0, 1, 0, 0, 1, 2, 0, 0, 0, 0, 0, 0, 1, 1, 0, 0, 0, 1, 0, 0, 0, 0, 0, 0, 0, 1, 0, 0, 0, 0, 0, 0, 0, 0, 1, 0, 0, 1, 0, 0, 0, 1, 0, 0, 1, 0, 0, 1, 0, 0, 0, 1, 0, 0, 0, 0, 0, 0, 1, 1, 0, 0, 0, 0, 1, 1, 1, 1, 1, 0, 0, 0, 0, 0, 0, 0, 0, 0, 0, 0, 0, 1, 0, 0, 0, 1, 0, 0, 0]

Mean:0.224
Median:0.0
Mode:0
Seed:304


[1, 2, 2, 2, 0, 1, 2, 2, 2, 1, 1, 2, 2, 0, 2, 2, 1, 1, 1, 0, 0, 2, 1, 1, 0, 2, 0, 3, 2, 0, 3, 0, 1, 2, 1, 2, 2, 0, 0, 0, 2, 2, 0, 1, 1, 2, 1, 1, 0, 2, 2, 2, 0, 2, 2, 1, 0, 1, 3, 0, 2, 2, 0, 2, 1, 2, 1, 1, 0, 3, 1, 1, 1, 1, 1, 2, 1, 0, 0, 0, 0, 1, 1, 0, 2, 0, 2, 1, 0, 2, 2, 1, 2, 1, 0, 0, 1, 0, 1, 2, 1, 1, 1, 2, 0, 0, 3, 1, 2, 3, 2, 2, 2, 0, 1, 2, 1, 2, 1, 1, 2, 3, 1, 0, 1, 1, 1, 0, 0, 0, 0, 3, 1, 1, 2, 0, 1, 2, 2, 2, 1, 3, 0, 0, 0, 1, 1, 1, 1, 2, 0, 1, 0, 1, 0, 1, 2, 1, 0, 0, 1, 1, 2, 1, 1, 0, 2, 2, 1, 1, 1, 1, 1, 0, 1, 0, 0, 1, 0, 1, 3, 1, 1, 2, 1, 1, 1, 1, 2, 0, 0, 1, 1, 1, 2, 0, 1, 0, 1, 0, 1, 1, 2, 0, 2, 2, 2, 1, 1, 0, 1, 0, 1, 0, 2, 0, 1, 1, 1, 1, 0, 1, 1, 1, 0, 2, 1, 2, 1, 1, 0, 0, 0, 2, 1, 2, 0, 1, 1, 1, 0, 2, 0, 1, 1, 1, 1, 1, 0, 1, 1, 1, 1, 2, 2, 0, 2, 2, 1, 0, 0, 2, 0, 1, 1, 1, 1, 2, 1, 1, 1, 2, 3, 1, 1, 0, 0, 1, 0, 1, 1, 3, 1, 1, 1, 2, 1, 2, 1, 1, 2, 1, 2, 2, 1, 2, 0, 1, 1, 2, 1, 2, 0, 1, 0, 0, 2, 0, 2, 1, 1, 0, 0, 0, 2, 2, 2, 1, 0, 1, 2, 2, 0, 2, 2, 1, 2, 1, 1, 1, 3, 2, 0, 1, 0, 1, 1, 0, 2, 1, 1, 1, 1, 0, 1, 0, 1, 0, 2, 1, 2, 1, 1, 1, 1, 1, 2, 0, 3, 2, 1, 2, 2, 0, 1, 0, 1, 1, 1, 0, 2, 1, 1, 1, 1, 1, 1, 1, 0, 2, 1, 0, 1, 1, 0, 2, 0, 2, 1, 0, 1, 1, 2, 2, 0, 1, 2, 0, 0, 2, 2, 1, 0, 1, 1, 3, 1, 0, 1, 0, 1, 0, 3, 4, 1, 1, 0, 2, 1, 1, 1, 0, 1, 0, 1, 2, 1, 1, 4, 0, 1, 0, 1, 2, 1, 0, 0, 2, 1, 2, 1, 2, 0, 1, 2, 0, 1, 1, 0, 2, 1, 1, 0, 2, 0, 1, 1, 2, 0, 1, 2, 1, 0, 2, 1, 1, 1, 1, 3, 1, 0, 1, 0, 2, 0, 3, 1, 1, 0, 1, 0, 1, 2, 1, 2, 2, 0, 1, 1, 1, 0, 0, 1, 0, 2, 1, 1, 0, 0, 3]

Mean:1.07
Median:1.0
Mode:1
Seed:465


[2, 3, 1, 2, 3, 3, 1, 3, 1, 1, 2, 1, 1, 7, 1, 3, 6, 3, 3, 1, 1, 4, 2, 1, 3, 4, 1, 7, 2, 5, 1, 3, 2, 4, 1, 4, 4, 7, 3, 6, 1, 6, 3, 1, 1, 2, 1, 1, 3, 2, 1, 1, 2, 2, 1, 3, 3, 1, 1, 1, 4, 2, 1, 3, 2, 2, 3, 2, 2, 5, 3, 1, 2, 1, 1, 4, 2, 2, 3, 4, 5, 2, 3, 3, 6, 0, 1, 3, 4, 3, 2, 3, 6, 3, 2, 1, 2, 2, 2, 1, 3, 3, 3, 2, 1, 3, 0, 2, 2, 3, 3, 2, 2, 2, 5, 1, 2, 2, 5, 3, 2, 2, 4, 2, 1, 3, 1, 1, 2, 2, 5, 6, 5, 1, 4, 6, 0, 2, 1, 2, 4, 2, 3, 2, 0, 2, 1, 2, 2, 1, 3, 2, 1, 1, 2, 1, 2, 5, 1, 4, 2, 4, 2, 1, 7, 2, 2, 1, 3, 1, 2, 1, 1, 2, 1, 3, 1, 2, 5, 1, 1, 2, 1, 3, 2, 3, 3, 2, 7, 2, 2, 2, 4, 3, 3, 3, 1, 3, 7, 7, 1, 2, 3, 5, 2, 1, 7, 2, 5, 5, 2, 1, 1, 4, 3, 4, 2, 1, 2, 1, 4, 1, 1, 3, 1, 4, 1, 4, 1, 2, 2, 2, 1, 2, 2, 1, 2, 4, 1, 1, 1, 3, 3, 0, 2, 3, 4, 2, 2, 4, 0, 0, 4, 2, 1, 3, 4, 3, 3, 3, 2, 1, 2, 2, 4, 1, 1, 0, 2, 4, 1, 1, 1, 0, 4, 3, 3, 4, 4, 4, 1, 3, 5, 3, 2, 1, 1, 2, 2, 1, 4, 3, 6, 3, 6, 1, 1, 2, 1, 1, 3, 2, 2, 2, 6, 1, 1, 1, 3, 2, 2, 8, 2, 1, 4, 2, 2, 4, 1, 3, 5, 2, 2, 1, 4, 2, 3, 5, 0, 2, 2, 1, 3, 2, 4, 3, 1, 3, 3, 7, 1, 1, 2, 3, 2, 2, 3, 1, 2, 2, 3, 1, 1, 1, 2, 3, 2, 4, 2, 5, 1, 2, 4, 3, 2, 1, 2, 1, 1, 1, 1, 1, 1, 3, 2, 2, 3, 1, 0, 1, 4, 3, 0, 1, 3, 2, 4, 1, 1, 1, 5, 1, 2, 6, 1, 3, 1, 1, 3, 8, 1, 0, 1, 5, 1, 3, 3, 4, 3, 1, 1, 2, 2, 1, 4, 1, 2, 4, 1, 2, 1, 0, 1, 2, 1, 3, 2, 4, 0, 0, 1, 3, 1, 3, 3, 1, 2, 1, 4, 2, 2, 1, 1, 4, 4, 2, 3, 1, 6, 3, 0, 2, 3, 2, 3, 4, 3, 2, 1, 2, 3, 1, 6, 5, 3, 3, 2, 0, 6, 3, 3, 0, 3, 1, 2, 1, 7, 1, 0, 1, 2, 1, 2, 5, 1, 0, 2, 1, 1, 7, 5, 4, 2, 3, 1, 2, 2, 4, 3, 3]

Mean:2.392
Median:2.0
Mode:1
Seed:612


[0, 1, 0, 4, 1, 3, 4, 0, 1, 4, 1, 2, 2, 1, 1, 3, 1, 1, 1, 4, 1, 5, 1, 2, 0, 0, 2, 2, 0, 1, 0, 0, 1, 1, 0, 4, 1, 0, 0, 3, 2, 1, 2, 0, 1, 1, 1, 1, 0, 3, 2, 1, 5, 1, 0, 1, 5, 1, 0, 2, 2, 1, 3, 1, 1, 3, 1, 1, 1, 1, 2, 0, 2, 2, 1, 1, 3, 1, 0, 1, 2, 0, 1, 0, 1, 8, 3, 1, 2, 1, 2, 1, 3, 1, 1, 2, 0, 1, 1, 1, 1, 2, 1, 1, 1, 1, 2, 1, 0, 3, 2, 6, 0, 3, 0, 1, 1, 1, 1, 1, 1, 4, 4, 2, 2, 2, 2, 1, 1, 2, 2, 2, 1, 3, 0, 3, 1, 2, 0, 1, 1, 1, 0, 0, 0, 3, 3, 0, 1, 0, 3, 4, 0, 2, 0, 1, 0, 0, 7, 2, 2, 4, 1, 1, 0, 1, 2, 3, 2, 2, 1, 4, 1, 0, 2, 1, 0, 3, 1, 3, 0, 0, 1, 0, 5, 0, 2, 4, 3, 1, 1, 0, 0, 1, 4, 1, 2, 1, 1, 2, 1, 1, 1, 0, 1, 0, 3, 3, 1, 3, 1, 0, 1, 1, 2, 2, 2, 1, 3, 0, 1, 0, 0, 2, 1, 0, 0, 2, 0, 1, 1, 0, 1, 2, 1, 1, 2, 4, 0, 1, 2, 2, 4, 0, 2, 1, 0, 2, 1, 2, 0, 3, 2, 1, 2, 2, 1, 3, 1, 1, 5, 3, 1, 0, 1, 0, 1, 1, 1, 1, 1, 1, 2, 0, 2, 3, 1, 3, 2, 1, 0, 1, 1, 2, 2, 1, 0, 0, 2, 1, 0, 1, 2, 2, 1, 2, 1, 2, 0, 1, 3, 0, 1, 1, 0, 0, 1, 4, 3, 3, 1, 2, 4, 2, 2, 1, 1, 0, 3, 2, 1, 0, 3, 3, 1, 1, 0, 2, 2, 3, 1, 1, 1, 1, 5, 0, 0, 5, 2, 1, 2, 0, 0, 2, 4, 0, 2, 3, 0, 0, 2, 2, 0, 2, 0, 2, 1, 4, 0, 0, 3, 4, 2, 3, 2, 1, 1, 0, 1, 2, 1, 6, 1, 0, 1, 0, 1, 0, 5, 1, 0, 1, 0, 0, 3, 0, 1, 3, 1, 0, 2, 4, 0, 2, 1, 1, 3, 1, 1, 1, 2, 3, 2, 0, 1, 3, 4, 2, 0, 1, 1, 1, 1, 2, 1, 2, 2, 1, 2, 0, 0, 2, 3, 2, 2, 2, 3, 2, 1, 1, 1, 2, 1, 1, 1, 0, 1, 0, 2, 1, 1, 3, 3, 1, 0, 1, 2, 3, 3, 0, 0, 0, 1, 0, 2, 0, 3, 2, 2, 2, 2, 1, 3, 1, 1, 2, 1, 2, 1, 1, 1, 3, 0, 3, 2, 1, 1, 3, 0, 1, 4, 0, 2, 1, 0, 4, 1, 0, 1, 0, 1, 3, 1, 3, 1, 1, 0, 0, 1, 2]

Mean:1.466
Median:1.0
Mode:1
Seed:186


[0, 0, 0, 0, 0, 0, 0, 1, 1, 0, 1, 0, 0, 1, 0, 2, 1, 0, 0, 0, 1, 1, 0, 0, 0, 1, 0, 1, 0, 1, 1, 0, 1, 0, 1, 1, 0, 0, 0, 0, 0, 0, 0, 0, 1, 0, 0, 1, 1, 1, 0, 0, 0, 1, 0, 0, 0, 1, 0, 0, 0, 0, 0, 1, 1, 0, 0, 0, 1, 1, 0, 0, 1, 0, 0, 0, 0, 1, 0, 0, 0, 0, 0, 0, 0, 3, 0, 0, 0, 0, 0, 0, 0, 0, 0, 1, 0, 0, 0, 1, 0, 0, 0, 0, 0, 0, 0, 0, 1, 0, 0, 0, 0, 0, 0, 0, 0, 0, 0, 0, 0, 2, 0, 0, 1, 0, 0, 1, 0, 1, 0, 0, 0, 0, 0, 0, 0, 0, 1, 0, 0, 0, 1, 0, 0, 0, 0, 0, 0, 0, 0, 0, 1, 0, 1, 0, 1, 0, 0, 0, 0, 0, 0, 1, 0, 2, 0, 2, 0, 0, 0, 1, 1, 0, 0, 0, 1, 0, 1, 0, 0, 0, 0, 0, 0, 0, 0, 0, 1, 0, 0, 0, 1, 0, 0, 1, 1, 0, 0, 0, 0, 0, 0, 1, 1, 1, 0, 0, 0, 0, 1, 0, 0, 0, 0, 1, 0, 1, 0, 0, 0, 1, 0, 0, 0, 0, 0, 0, 0, 0, 0, 1, 0, 0, 0, 0, 0, 0, 1, 1, 1, 1, 1, 0, 0, 1, 0, 0, 1, 1, 0, 0, 1, 0, 0, 0, 0, 0, 0, 0, 1, 0, 0, 1, 0, 0, 0, 0, 0, 0, 1, 0, 0, 0, 0, 0, 0, 0, 0, 0, 0, 0, 0, 0, 1, 1, 1, 1, 0, 1, 0, 1, 1, 1, 0, 0, 0, 1, 0, 0, 1, 0, 0, 0, 1, 0, 0, 0, 0, 1, 1, 0, 0, 1, 0, 2, 1, 0, 0, 1, 0, 0, 0, 0, 1, 0, 0, 0, 1, 0, 0, 0, 0, 0, 0, 1, 0, 1, 0, 0, 0, 0, 0, 0, 0, 0, 0, 0, 1, 0, 1, 0, 0, 0, 0, 0, 0, 0, 0, 1, 0, 0, 0, 0, 0, 0, 0, 2, 0, 1, 0, 0, 0, 1, 0, 0, 1, 0, 0, 0, 0, 1, 0, 0, 0, 0, 0, 0, 0, 0, 0, 0, 1, 1, 0, 0, 0, 1, 0, 0, 0, 0, 0, 0, 0, 1, 0, 0, 0, 0, 0, 0, 0, 0, 0, 0, 0, 0, 0, 0, 0, 0, 1, 0, 0, 0, 1, 0, 1, 0, 0, 0, 0, 0, 0, 0, 1, 0, 0, 0, 0, 0, 0, 0, 0, 0, 0, 1, 0, 0, 1, 0, 0, 1, 0, 0, 0, 0, 0, 0, 0, 1, 0, 0, 0, 0, 1, 0, 0, 0, 0, 0, 1, 0, 0, 1, 0, 0, 0, 0, 0, 0, 0, 0, 0, 0, 1, 0, 0, 0, 0, 0, 0, 0, 1, 0, 0, 0, 1, 2]

Mean:0.256
Median:0.0
Mode:0
Seed:209


[2, 1, 0, 0, 3, 1, 0, 4, 1, 0, 4, 1, 2, 0, 3, 0, 2, 0, 1, 0, 5, 0, 3, 1, 1, 0, 1, 6, 0, 0, 2, 0, 4, 2, 0, 0, 0, 1, 0, 0, 0, 5, 2, 1, 3, 0, 0, 5, 0, 1, 0, 1, 2, 1, 0, 0, 1, 1, 0, 1, 0, 1, 5, 5, 1, 4, 0, 1, 0, 4, 4, 0, 0, 4, 1, 3, 1, 0, 0, 2, 1, 1, 0, 0, 3, 2, 0, 1, 2, 2, 0, 3, 2, 2, 0, 1, 0, 0, 2, 11, 0, 1, 12, 0, 0, 0, 0, 4, 2, 0, 3, 0, 0, 0, 0, 0, 2, 5, 0, 1, 0, 0, 0, 0, 3, 2, 0, 0, 4, 3, 0, 3, 0, 1, 0, 0, 0, 1, 12, 0, 1, 0, 2, 3, 2, 2, 2, 2, 0, 2, 4, 1, 3, 2, 4, 7, 0, 2, 0, 0, 0, 1, 0, 0, 0, 0, 0, 0, 1, 0, 5, 2, 3, 1, 1, 0, 0, 4, 0, 2, 2, 1, 0, 3, 0, 1, 2, 0, 2, 1, 0, 2, 0, 1, 1, 3, 0, 1, 0, 2, 0, 0, 0, 0, 0, 1, 0, 4, 1, 0, 1, 1, 0, 1, 0, 3, 4, 0, 1, 0, 0, 0, 2, 0, 0, 0, 0, 3, 0, 1, 0, 0, 0, 1, 0, 0, 0, 2, 0, 5, 0, 0, 3, 0, 1, 1, 0, 0, 2, 0, 0, 1, 0, 3, 0, 0, 0, 1, 5, 0, 0, 0, 2, 0, 0, 0, 2, 1, 0, 1, 0, 1, 1, 4, 1, 7, 0, 1, 0, 0, 2, 0, 1, 0, 0, 1, 0, 0, 0, 1, 0, 0, 0, 2, 0, 0, 0, 1, 2, 2, 2, 5, 0, 0, 0, 2, 1, 2, 1, 0, 0, 0, 2, 1, 2, 2, 2, 1, 0, 0, 1, 1, 1, 0, 2, 1, 0, 0, 1, 1, 2, 0, 0, 0, 0, 0, 0, 0, 0, 1, 2, 0, 0, 2, 1, 0, 1, 1, 0, 0, 0, 1, 2, 3, 3, 1, 0, 0, 4, 0, 0, 1, 0, 0, 3, 0, 0, 0, 1, 3, 1, 0, 3, 0, 0, 0, 0, 0, 0, 1, 2, 0, 1, 0, 2, 0, 0, 0, 2, 0, 0, 3, 0, 0, 1, 1, 2, 1, 1, 1, 1, 0, 0, 0, 0, 4, 3, 0, 1, 1, 0, 3, 0, 0, 1, 1, 0, 0, 0, 2, 8, 1, 0, 1, 0, 0, 0, 0, 1, 0, 0, 0, 1, 0, 0, 0, 0, 0, 0, 1, 0, 1, 1, 1, 0, 1, 2, 2, 2, 2, 2, 1, 0, 0, 0, 0, 0, 0, 2, 0, 0, 4, 2, 2, 0, 4, 3, 1, 2, 0, 0, 0, 2, 0, 3, 1, 1, 2, 1, 1, 2, 2, 2, 1, 2, 1, 0, 1, 0, 0, 2, 1, 0, 0, 5, 5, 1, 0, 2, 0]

Mean:1.106
Median:1.0
Mode:0
Seed:20


[5, 7, 1, 6, 4, 0, 1, 1, 2, 10, 10, 4, 3, 4, 2, 3, 0, 9, 3, 2, 9, 0, 2, 0, 5, 3, 3, 3, 1, 1, 4, 3, 4, 11, 3, 4, 0, 2, 1, 0, 14, 3, 0, 3, 2, 14, 1, 4, 7, 3, 2, 3, 2, 2, 6, 1, 0, 0, 0, 3, 3, 1, 0, 3, 4, 3, 6, 0, 3, 4, 3, 6, 6, 3, 3, 4, 4, 0, 5, 4, 10, 4, 0, 7, 6, 0, 1, 2, 0, 2, 0, 2, 0, 4, 2, 1, 0, 1, 3, 9, 1, 2, 0, 2, 2, 6, 2, 0, 0, 3, 3, 3, 1, 0, 0, 7, 2, 3, 2, 4, 9, 0, 0, 2, 1, 0, 1, 4, 2, 3, 3, 0, 3, 0, 2, 0, 2, 4, 10, 0, 2, 0, 2, 3, 4, 2, 5, 8, 0, 5, 4, 3, 4, 4, 0, 8, 2, 1, 2, 2, 2, 0, 2, 8, 2, 5, 2, 9, 8, 0, 0, 0, 12, 2, 4, 3, 6, 3, 4, 0, 5, 6, 2, 0, 0, 2, 3, 2, 9, 4, 4, 2, 4, 1, 4, 2, 0, 0, 1, 2, 2, 0, 0, 3, 1, 3, 2, 3, 0, 0, 4, 1, 2, 4, 1, 9, 4, 0, 2, 7, 5, 3, 2, 0, 0, 1, 2, 6, 4, 4, 1, 0, 4, 1, 3, 3, 7, 1, 3, 3, 1, 3, 0, 5, 1, 2, 4, 2, 2, 3, 3, 2, 2, 0, 0, 4, 0, 5, 5, 4, 4, 6, 1, 6, 0, 1, 4, 2, 4, 0, 0, 2, 0, 1, 0, 4, 1, 0, 7, 7, 0, 3, 0, 6, 1, 1, 1, 4, 5, 3, 1, 1, 0, 3, 2, 0, 4, 0, 4, 2, 4, 2, 0, 2, 0, 2, 6, 4, 6, 13, 2, 5, 3, 0, 1, 6, 2, 1, 0, 2, 6, 5, 3, 0, 9, 0, 2, 0, 4, 0, 0, 3, 7, 1, 1, 6, 2, 0, 4, 0, 4, 8, 2, 1, 3, 2, 4, 2, 3, 2, 0, 4, 0, 3, 0, 0, 3, 0, 3, 5, 0, 0, 4, 3, 2, 2, 0, 1, 0, 8, 1, 1, 2, 1, 2, 1, 1, 2, 0, 3, 3, 2, 5, 5, 4, 3, 0, 4, 0, 2, 1, 3, 1, 6, 1, 0, 0, 4, 0, 3, 2, 3, 3, 8, 1, 3, 6, 0, 5, 3, 0, 10, 6, 3, 2, 2, 3, 4, 2, 10, 4, 0, 4, 0, 3, 1, 2, 2, 6, 2, 3, 6, 3, 0, 0, 0, 0, 2, 1, 0, 11, 3, 6, 3, 2, 0, 1, 4, 0, 3, 3, 1, 1, 6, 4, 0, 2, 1, 13, 1, 2, 1, 3, 2, 3, 4, 4, 3, 2, 2, 6, 0, 2, 1, 3, 0, 12, 2, 0, 1, 3, 2, 0, 1, 0, 2, 2, 3, 13, 0, 2, 2, 2, 1, 0, 0, 0, 0, 6, 5]

Mean:2.722
Median:2.0
Mode:0
Seed:905


[1, 1, 2, 1, 1, 0, 1, 2, 1, 1, 2, 1, 0, 0, 1, 1, 1, 1, 1, 1, 1, 1, 0, 1, 1, 0, 1, 1, 0, 1, 2, 1, 0, 1, 1, 0, 2, 1, 0, 1, 0, 1, 1, 1, 1, 0, 0, 0, 2, 0, 0, 0, 0, 1, 0, 1, 0, 0, 4, 1, 1, 0, 0, 1, 1, 1, 1, 1, 0, 1, 1, 1, 1, 0, 1, 1, 1, 2, 1, 1, 1, 4, 1, 1, 0, 1, 1, 1, 1, 1, 1, 0, 0, 1, 1, 1, 1, 1, 1, 3, 0, 1, 0, 1, 0, 2, 1, 1, 0, 1, 1, 3, 1, 2, 0, 0, 1, 1, 1, 1, 1, 1, 1, 3, 2, 1, 3, 1, 1, 1, 1, 1, 2, 1, 0, 1, 1, 1, 0, 1, 0, 1, 2, 1, 1, 1, 1, 1, 1, 1, 0, 1, 2, 1, 2, 1, 1, 0, 1, 0, 1, 0, 3, 0, 0, 1, 0, 0, 2, 0, 1, 1, 1, 1, 1, 0, 0, 1, 1, 1, 2, 1, 1, 0, 1, 2, 0, 1, 0, 2, 0, 0, 0, 1, 0, 1, 1, 1, 2, 1, 1, 1, 2, 2, 2, 1, 0, 1, 1, 2, 1, 1, 0, 1, 2, 0, 1, 1, 1, 2, 3, 0, 1, 2, 1, 1, 1, 1, 1, 1, 0, 1, 1, 1, 0, 0, 1, 3, 1, 1, 2, 1, 1, 1, 0, 1, 0, 1, 1, 1, 0, 0, 1, 1, 3, 1, 2, 5, 0, 1, 1, 0, 1, 2, 1, 1, 1, 1, 1, 0, 1, 0, 0, 1, 1, 1, 0, 0, 1, 1, 0, 1, 3, 1, 0, 1, 1, 1, 1, 0, 1, 2, 1, 1, 1, 1, 0, 2, 1, 2, 3, 2, 0, 0, 0, 0, 1, 1, 0, 0, 1, 1, 1, 1, 1, 0, 1, 1, 2, 1, 1, 1, 0, 2, 0, 2, 2, 0, 1, 0, 2, 1, 0, 3, 1, 1, 0, 2, 0, 3, 1, 0, 1, 2, 2, 1, 0, 1, 3, 1, 1, 1, 1, 1, 2, 1, 0, 0, 1, 1, 1, 1, 0, 0, 1, 1, 2, 1, 0, 0, 0, 1, 1, 1, 1, 1, 2, 2, 0, 1, 1, 1, 0, 2, 2, 1, 0, 1, 1, 0, 1, 1, 1, 3, 1, 1, 0, 5, 0, 1, 1, 1, 0, 1, 1, 1, 1, 1, 1, 0, 1, 1, 1, 0, 2, 0, 1, 1, 2, 1, 2, 0, 0, 2, 1, 0, 2, 0, 2, 1, 1, 3, 2, 2, 1, 0, 1, 0, 1, 1, 1, 1, 1, 1, 2, 1, 2, 2, 0, 1, 2, 1, 1, 2, 1, 0, 1, 1, 0, 1, 1, 1, 2, 0, 0, 1, 1, 1, 0, 0, 1, 1, 2, 1, 1, 0, 1, 1, 2, 1, 1, 0, 2, 1, 2, 1, 2, 1, 2, 1, 1, 0, 1, 1, 3, 1, 1, 1, 1, 1]

Mean:0.976
Median:1.0
Mode:1
Seed:722


Seeds:
[515, 601, 304, 465, 612, 186, 209, 20, 905, 722]

Means:
[0.738, 0.744, 0.224, 1.07, 2.392, 1.466, 0.256, 1.106, 2.722, 0.976]

Medians:
[1.0, 1.0, 0.0, 1.0, 2.0, 1.0, 0.0, 1.0, 2.0, 1.0]

Modes:
[1, 1, 0, 1, 1, 1, 0, 0, 0, 1]


Top Level Results:
Mean:1.1694
Median:1.0
Mode:0



