[0, 1, 0, 2, 1, 0, 1, 2, 0, 1, 1, 0, 2, 2, 1, 1, 0, 0, 1, 1, 1, 2, 1, 0, 1, 1, 0, 1, 0, 0, 0, 0, 1, 0, 1, 0, 1, 2, 1, 0, 1, 0, 1, 2, 0, 1, 0, 0, 1, 0, 1, 0, 1, 0, 0, 1, 1, 1, 0, 2, 1, 0, 0, 1, 0, 1, 1, 0, 0, 1, 0, 1, 0, 0, 2, 0, 2, 1, 1, 2, 1, 1, 0, 0, 1, 1, 1, 1, 1, 1, 1, 0, 1, 1, 1, 0, 1, 0, 1, 1, 0, 1, 1, 0, 1, 0, 1, 1, 1, 0, 1, 0, 0, 1, 1, 1, 0, 1, 0, 1, 1, 0, 1, 1, 1, 0, 1, 1, 1, 1, 0, 3, 2, 1, 1, 2, 0, 0, 1, 0, 0, 1, 1, 1, 1, 0, 1, 0, 0, 0, 1, 2, 0, 0, 1, 0, 2, 1, 0, 1, 0, 0, 0, 0, 1, 1, 1, 0, 1, 2, 0, 1, 0, 1, 0, 1, 1, 1, 1, 1, 0, 1, 0, 0, 1, 0, 1, 0, 1, 1, 1, 1, 1, 1, 1, 1, 0, 0, 0, 1, 1, 2, 0, 1, 1, 1, 0, 1, 1, 0, 0, 0, 1, 0, 1, 1, 1, 1, 1, 0, 0, 0, 2, 0, 1, 0, 0, 1, 0, 1, 0, 1, 0, 1, 1, 1, 2, 1, 0, 0, 1, 1, 1, 0, 0, 1, 1, 1, 0, 2, 1, 0, 0, 1, 1, 0, 0, 0, 0, 0, 1, 1, 1, 1, 0, 0, 1, 2, 0, 0, 1, 0, 1, 0, 1, 0, 2, 3, 0, 0, 3, 1, 0, 4, 1, 0, 0, 3, 0, 1, 0, 0, 0, 0, 0, 1, 3, 0, 1, 1, 1, 0, 0, 1, 1, 1, 1, 0, 2, 0, 1, 2, 1, 1, 2, 1, 1, 0, 1, 0, 1, 1, 0, 1, 1, 1, 1, 1, 0, 0, 1, 0, 1, 1, 1, 1, 0, 1, 2, 1, 0, 1, 1, 0, 1, 1, 2, 0, 2, 1, 0, 0, 1, 1, 1, 0, 0, 0, 1, 1, 0, 1, 1, 0, 0, 1, 0, 0, 1, 0, 1, 1, 0, 0, 2, 0, 1, 0, 1, 0, 0, 1, 1, 1, 1, 1, 0, 1, 0, 0, 1, 0, 1, 1, 0, 1, 0, 2, 2, 2, 0, 0, 1, 1, 0, 1, 1, 0, 0, 1, 0, 1, 1, 0, 1, 2, 1, 1, 1, 0, 0, 1, 1, 2, 1, 1, 0, 1, 1, 1, 1, 0, 0, 1, 0, 1, 1, 1, 1, 1, 0, 1, 3, 0, 1, 0, 2, 0, 0, 1, 1, 1, 0, 1, 0, 0, 0, 1, 0, 1, 1, 2, 1, 1, 0, 0, 1, 1, 0, 0, 0, 1, 2, 1, 0, 1, 1, 2, 1, 1, 0, 0, 1, 0, 1, 1, 0, 1, 1, 0, 1, 1, 1, 0, 1, 2, 2, 0, 2, 0]

Mean:0.716
Median:1.0
Mode:1
Seed:327


[0, 0, 1, 0, 0, 1, 2, 0, 1, 0, 1, 1, 4, 1, 0, 0, 6, 0, 3, 0, 2, 3, 0, 1, 0, 2, 4, 0, 0, 0, 1, 0, 3, 1, 3, 0, 4, 1, 0, 1, 0, 1, 0, 1, 1, 0, 2, 2, 1, 0, 1, 1, 3, 3, 2, 1, 3, 2, 2, 0, 1, 0, 0, 0, 1, 0, 2, 1, 0, 0, 0, 0, 0, 1, 1, 0, 0, 0, 1, 0, 0, 1, 0, 1, 1, 1, 0, 1, 0, 5, 0, 0, 5, 0, 0, 0, 1, 1, 1, 1, 2, 2, 1, 1, 0, 0, 0, 1, 2, 2, 0, 2, 0, 2, 0, 0, 5, 1, 0, 0, 0, 1, 0, 1, 1, 3, 0, 1, 0, 1, 1, 1, 1, 3, 0, 0, 0, 0, 0, 3, 7, 0, 2, 0, 1, 1, 0, 0, 0, 2, 0, 2, 0, 1, 3, 1, 0, 0, 0, 0, 1, 1, 0, 1, 1, 0, 4, 0, 0, 0, 2, 1, 1, 0, 0, 0, 1, 3, 0, 0, 2, 0, 1, 1, 0, 2, 0, 0, 0, 2, 0, 0, 0, 0, 4, 0, 0, 0, 1, 0, 4, 0, 1, 0, 3, 1, 3, 1, 0, 0, 0, 0, 1, 0, 1, 0, 3, 1, 0, 0, 0, 1, 3, 0, 0, 3, 1, 0, 0, 1, 2, 1, 1, 3, 0, 0, 5, 1, 0, 0, 1, 0, 2, 0, 0, 0, 0, 0, 0, 0, 2, 0, 1, 1, 1, 1, 1, 1, 0, 0, 0, 5, 0, 0, 2, 0, 3, 0, 4, 2, 1, 1, 0, 1, 0, 1, 0, 1, 0, 0, 1, 0, 0, 0, 0, 0, 1, 0, 1, 0, 1, 2, 0, 0, 5, 2, 1, 0, 0, 1, 1, 0, 2, 2, 0, 0, 0, 2, 0, 0, 0, 0, 1, 1, 1, 1, 0, 0, 0, 0, 0, 0, 0, 1, 0, 7, 0, 1, 0, 1, 2, 0, 0, 0, 0, 0, 0, 2, 0, 3, 0, 0, 1, 2, 0, 0, 3, 2, 0, 0, 0, 0, 3, 1, 0, 1, 0, 3, 5, 0, 0, 0, 0, 1, 0, 0, 1, 2, 1, 1, 0, 0, 0, 1, 0, 1, 1, 3, 0, 1, 3, 0, 0, 1, 3, 0, 0, 1, 1, 2, 1, 2, 1, 0, 1, 3, 1, 0, 0, 2, 0, 1, 1, 1, 2, 1, 3, 0, 1, 0, 1, 0, 0, 1, 3, 0, 2, 3, 0, 2, 3, 1, 3, 0, 0, 1, 0, 0, 0, 4, 0, 1, 0, 0, 1, 2, 0, 1, 0, 0, 2, 1, 3, 0, 1, 1, 0, 2, 0, 0, 0, 0, 1, 1, 2, 0, 1, 1, 0, 0, 1, 0, 0, 0, 2, 0, 1, 0, 3, 0, 0, 0, 3, 2, 0, 0, 0, 0, 0, 0, 3, 4, 1, 0, 0, 1, 1, 0, 0, 0, 0, 0, 1, 2, 0, 3, 0, 0, 1, 0]

Mean:0.886
Median:0.0
Mode:0
Seed:969


[10, 9, 2, 11, 12, 7, 9, 7, 3, 5, 9, 7, 1, 11, 2, 5, 10, 4, 6, 6, 10, 10, 9, 3, 7, 4, 2, 2, 11, 4, 2, 2, 9, 7, 2, 0, 4, 7, 11, 3, 5, 2, 5, 0, 17, 4, 0, 9, 7, 3, 7, 11, 11, 3, 4, 2, 9, 3, 15, 6, 11, 12, 9, 7, 1, 8, 7, 11, 2, 4, 3, 6, 5, 4, 8, 3, 10, 5, 6, 4, 2, 2, 9, 10, 1, 4, 13, 4, 7, 4, 2, 10, 4, 6, 3, 1, 2, 10, 3, 11, 3, 5, 2, 8, 4, 8, 0, 1, 6, 7, 5, 9, 2, 3, 9, 3, 8, 14, 2, 7, 7, 1, 2, 5, 11, 11, 4, 8, 1, 2, 10, 5, 2, 4, 9, 2, 3, 2, 11, 7, 6, 1, 8, 1, 10, 5, 1, 1, 4, 1, 5, 7, 4, 14, 5, 4, 2, 1, 10, 7, 7, 5, 5, 5, 3, 5, 4, 9, 1, 1, 13, 3, 11, 0, 10, 5, 3, 5, 5, 4, 7, 5, 9, 3, 3, 11, 5, 19, 9, 2, 8, 3, 3, 13, 1, 3, 8, 9, 4, 6, 15, 2, 7, 5, 2, 2, 2, 7, 6, 5, 10, 6, 4, 11, 2, 5, 13, 3, 8, 13, 3, 0, 0, 16, 2, 1, 11, 5, 2, 1, 0, 14, 6, 6, 1, 9, 24, 3, 6, 6, 5, 5, 15, 0, 4, 2, 6, 2, 8, 4, 5, 13, 5, 8, 5, 13, 6, 6, 9, 1, 4, 6, 5, 3, 4, 10, 6, 12, 4, 3, 2, 5, 4, 2, 6, 5, 5, 4, 21, 15, 0, 0, 7, 12, 10, 3, 11, 4, 2, 9, 2, 8, 8, 13, 3, 12, 6, 12, 10, 5, 4, 3, 6, 16, 8, 3, 1, 17, 3, 4, 8, 4, 5, 11, 2, 0, 2, 1, 1, 1, 4, 2, 9, 4, 2, 4, 17, 3, 2, 4, 9, 2, 7, 17, 2, 7, 1, 6, 2, 4, 2, 18, 1, 5, 13, 8, 1, 15, 7, 8, 4, 2, 12, 6, 11, 7, 7, 11, 5, 13, 3, 8, 3, 0, 13, 5, 6, 3, 11, 5, 1, 2, 2, 16, 13, 2, 10, 14, 19, 7, 5, 3, 3, 7, 0, 8, 4, 14, 4, 6, 8, 13, 0, 0, 15, 0, 4, 9, 10, 4, 0, 1, 9, 3, 3, 0, 2, 2, 2, 9, 8, 6, 3, 1, 0, 6, 10, 13, 6, 3, 3, 12, 4, 6, 6, 7, 7, 11, 2, 10, 13, 6, 7, 7, 1, 5, 6, 2, 2, 2, 7, 4, 2, 3, 7, 12, 8, 8, 8, 7, 1, 10, 9, 17, 22, 7, 5, 2, 3, 13, 4, 9, 1, 3, 3, 1, 3, 1, 9, 5, 0, 2, 6, 12, 2, 3, 6, 5, 3, 2, 4, 2, 6, 15, 10, 10, 9, 2, 3, 11, 0, 8, 0, 3, 1, 6, 2, 7, 3, 2]

Mean:5.89
Median:5.0
Mode:2
Seed:437


[11, 5, 2, 5, 2, 2, 13, 2, 11, 1, 0, 3, 13, 2, 0, 2, 3, 1, 1, 15, 13, 4, 1, 4, 8, 4, 0, 5, 1, 2, 20, 6, 6, 6, 3, 1, 18, 14, 5, 6, 2, 1, 5, 7, 0, 0, 6, 19, 6, 1, 1, 11, 4, 0, 1, 10, 0, 4, 1, 0, 4, 9, 7, 1, 2, 2, 4, 6, 3, 3, 1, 4, 1, 12, 5, 1, 18, 2, 0, 4, 6, 1, 4, 0, 2, 0, 3, 3, 5, 21, 0, 11, 0, 5, 0, 1, 6, 2, 7, 11, 5, 8, 3, 0, 0, 2, 1, 3, 9, 1, 1, 1, 12, 1, 2, 0, 0, 1, 0, 18, 8, 2, 6, 2, 2, 11, 5, 1, 1, 3, 8, 0, 9, 8, 4, 15, 3, 3, 1, 1, 1, 5, 1, 5, 4, 2, 2, 1, 6, 3, 1, 0, 2, 0, 13, 4, 4, 4, 9, 7, 0, 12, 7, 2, 0, 1, 1, 5, 6, 9, 3, 8, 4, 5, 1, 6, 7, 3, 2, 3, 2, 2, 4, 5, 1, 19, 3, 6, 2, 11, 4, 5, 1, 7, 5, 2, 1, 1, 4, 0, 5, 3, 4, 2, 7, 6, 3, 1, 1, 4, 3, 2, 1, 2, 4, 2, 1, 0, 0, 1, 1, 4, 1, 13, 1, 2, 2, 1, 1, 0, 3, 3, 2, 5, 1, 1, 12, 1, 9, 7, 3, 6, 6, 7, 4, 5, 0, 1, 1, 1, 6, 5, 0, 2, 6, 16, 3, 3, 5, 3, 1, 7, 0, 16, 2, 7, 0, 8, 4, 1, 2, 0, 0, 3, 4, 0, 5, 5, 7, 8, 3, 1, 6, 2, 1, 3, 5, 8, 1, 4, 4, 2, 0, 2, 1, 1, 2, 0, 22, 9, 6, 1, 2, 3, 2, 2, 2, 5, 12, 0, 18, 9, 7, 13, 1, 0, 3, 18, 3, 2, 3, 5, 5, 2, 0, 1, 7, 3, 3, 22, 2, 3, 5, 8, 17, 4, 1, 2, 4, 0, 5, 4, 0, 14, 19, 0, 3, 9, 5, 0, 1, 9, 1, 3, 3, 17, 3, 6, 2, 0, 3, 8, 10, 1, 5, 1, 0, 4, 3, 0, 0, 0, 1, 1, 1, 5, 4, 3, 5, 6, 9, 5, 5, 3, 6, 6, 2, 0, 2, 5, 3, 8, 2, 0, 0, 3, 11, 0, 1, 1, 0, 0, 3, 10, 1, 8, 3, 0, 2, 1, 7, 3, 2, 0, 0, 0, 6, 0, 1, 14, 2, 3, 2, 4, 4, 7, 3, 5, 16, 0, 1, 3, 7, 5, 5, 1, 5, 2, 2, 10, 15, 2, 7, 0, 5, 9, 5, 10, 3, 3, 8, 7, 4, 10, 6, 3, 8, 18, 0, 5, 2, 8, 1, 1, 5, 5, 18, 12, 1, 0, 19, 1, 12, 5, 2, 1, 0, 4, 1, 0, 5, 2, 1, 4, 0, 4, 3, 1, 10, 11, 6, 4, 3, 0, 0, 1, 11, 0, 2, 11]

Mean:4.28
Median:3.0
Mode:1
Seed:580


[1, 1, 1, 1, 0, 2, 1, 1, 1, 0, 1, 2, 1, 0, 1, 0, 0, 0, 0, 0, 0, 0, 1, 2, 1, 0, 0, 1, 1, 0, 1, 0, 1, 0, 1, 2, 2, 1, 0, 1, 1, 0, 0, 0, 1, 2, 2, 2, 1, 2, 1, 0, 0, 0, 0, 0, 1, 0, 1, 1, 1, 0, 1, 1, 0, 1, 0, 2, 2, 1, 1, 0, 1, 1, 1, 0, 1, 0, 1, 1, 0, 1, 0, 0, 1, 0, 0, 1, 1, 0, 1, 1, 1, 2, 1, 1, 0, 1, 1, 0, 1, 0, 0, 2, 1, 1, 1, 0, 2, 0, 0, 0, 3, 0, 1, 1, 0, 0, 1, 1, 2, 0, 0, 1, 1, 1, 0, 1, 0, 1, 0, 0, 0, 0, 1, 0, 0, 0, 1, 1, 0, 1, 0, 0, 1, 2, 0, 0, 2, 0, 2, 2, 1, 2, 1, 1, 0, 1, 1, 0, 0, 1, 2, 2, 0, 0, 0, 0, 1, 2, 0, 0, 2, 1, 1, 1, 1, 2, 1, 2, 1, 2, 0, 0, 1, 3, 0, 2, 0, 0, 0, 0, 0, 1, 1, 0, 0, 0, 0, 1, 0, 2, 1, 0, 0, 0, 0, 1, 1, 1, 1, 2, 0, 1, 0, 1, 1, 0, 0, 0, 2, 1, 1, 1, 0, 0, 0, 1, 1, 1, 0, 1, 2, 1, 1, 0, 1, 2, 2, 1, 0, 0, 1, 2, 1, 0, 1, 1, 1, 1, 2, 0, 1, 2, 0, 1, 0, 0, 1, 0, 0, 2, 1, 1, 1, 1, 1, 0, 1, 1, 0, 0, 0, 1, 1, 0, 1, 1, 0, 1, 2, 0, 0, 1, 1, 2, 2, 0, 1, 1, 0, 0, 2, 1, 1, 0, 1, 0, 0, 1, 1, 0, 1, 1, 0, 0, 1, 0, 0, 0, 1, 0, 1, 1, 2, 1, 0, 0, 1, 1, 0, 0, 0, 0, 1, 1, 0, 0, 1, 1, 0, 1, 1, 0, 0, 1, 0, 0, 1, 1, 1, 1, 1, 0, 0, 0, 0, 2, 1, 1, 1, 1, 0, 1, 0, 0, 1, 1, 2, 0, 2, 0, 3, 0, 1, 2, 1, 2, 2, 2, 1, 0, 0, 0, 0, 0, 0, 1, 1, 2, 1, 1, 0, 2, 0, 1, 1, 1, 0, 2, 2, 0, 1, 1, 1, 0, 0, 1, 0, 1, 0, 1, 1, 3, 1, 0, 0, 1, 2, 0, 1, 1, 1, 1, 1, 0, 0, 1, 0, 1, 1, 0, 0, 1, 0, 1, 1, 1, 1, 0, 0, 0, 1, 1, 0, 0, 1, 0, 1, 0, 1, 2, 0, 2, 1, 0, 0, 0, 2, 0, 1, 1, 0, 1, 1, 1, 0, 0, 1, 0, 0, 1, 0, 2, 1, 0, 0, 2, 2, 0, 1, 1, 0, 1, 0, 0, 0, 0, 0, 0, 1, 0, 0, 1, 0, 0, 0, 0, 0, 0, 0, 1, 0, 1, 0, 1, 1, 1, 1, 0]

Mean:0.704
Median:1.0
Mode:1
Seed:431


[10, 9, 4, 4, 12, 5, 2, 0, 8, 10, 10, 3, 2, 7, 0, 4, 5, 0, 2, 5, 0, 0, 7, 14, 14, 4, 0, 2, 4, 2, 5, 0, 3, 1, 1, 0, 1, 6, 10, 8, 0, 2, 0, 5, 4, 11, 6, 4, 0, 4, 7, 1, 10, 2, 2, 0, 0, 9, 2, 1, 6, 2, 0, 1, 6, 4, 5, 3, 0, 0, 8, 9, 15, 12, 6, 6, 4, 5, 8, 4, 1, 4, 3, 2, 3, 7, 2, 1, 2, 8, 2, 2, 2, 7, 0, 8, 3, 5, 0, 11, 10, 3, 4, 12, 3, 3, 3, 4, 7, 8, 0, 12, 3, 9, 2, 3, 5, 5, 4, 0, 3, 7, 8, 7, 2, 0, 3, 4, 4, 2, 7, 8, 2, 9, 7, 2, 0, 8, 12, 8, 9, 5, 0, 2, 11, 14, 3, 5, 2, 0, 6, 10, 6, 14, 13, 11, 12, 5, 5, 1, 2, 1, 3, 3, 4, 1, 0, 1, 0, 0, 11, 6, 4, 10, 5, 5, 3, 0, 9, 17, 6, 7, 4, 4, 3, 1, 4, 3, 3, 11, 12, 5, 6, 7, 3, 7, 3, 2, 7, 11, 0, 5, 2, 2, 3, 10, 2, 1, 3, 15, 5, 1, 14, 0, 2, 3, 2, 5, 0, 1, 14, 2, 4, 7, 3, 8, 1, 3, 2, 11, 5, 9, 0, 4, 0, 7, 12, 1, 0, 1, 3, 8, 7, 5, 2, 5, 2, 0, 2, 3, 6, 6, 5, 11, 7, 4, 3, 4, 0, 7, 8, 5, 0, 2, 0, 4, 5, 3, 3, 7, 3, 11, 4, 3, 2, 0, 0, 0, 6, 4, 6, 6, 14, 15, 3, 5, 14, 18, 2, 6, 5, 2, 0, 4, 2, 2, 2, 4, 2, 0, 1, 0, 2, 2, 11, 5, 4, 0, 6, 0, 1, 9, 5, 5, 10, 5, 0, 8, 3, 0, 9, 5, 0, 3, 0, 12, 4, 0, 14, 2, 1, 0, 2, 5, 0, 0, 1, 10, 7, 4, 4, 4, 6, 6, 8, 5, 6, 11, 0, 2, 3, 3, 0, 2, 6, 2, 0, 9, 0, 8, 1, 0, 9, 7, 2, 11, 9, 3, 8, 14, 2, 2, 3, 10, 1, 1, 8, 0, 0, 0, 5, 0, 0, 10, 8, 16, 0, 2, 11, 0, 0, 12, 3, 13, 0, 14, 10, 1, 8, 4, 2, 0, 1, 2, 6, 12, 0, 0, 4, 7, 1, 1, 2, 11, 3, 6, 5, 2, 0, 1, 3, 0, 5, 0, 0, 11, 4, 7, 2, 0, 1, 5, 9, 3, 3, 2, 6, 9, 3, 11, 1, 0, 2, 0, 0, 11, 4, 12, 5, 0, 5, 7, 2, 0, 0, 4, 2, 0, 5, 0, 10, 0, 9, 4, 12, 5, 3, 0, 10, 4, 3, 2, 4, 2, 0, 3, 3, 7, 5, 13, 2, 5, 14, 0, 4, 4, 12, 1, 5, 2, 7, 9, 11, 7, 9, 1, 4, 0, 0, 4]

Mean:4.526
Median:4.0
Mode:0
Seed:434


[4, 18, 10, 5, 7, 2, 6, 3, 6, 2, 9, 2, 15, 6, 2, 1, 2, 13, 1, 9, 1, 28, 2, 4, 2, 3, 3, 6, 1, 3, 10, 1, 5, 7, 6, 8, 8, 10, 1, 5, 2, 8, 3, 9, 17, 9, 3, 4, 2, 4, 1, 4, 20, 4, 3, 2, 7, 6, 9, 5, 5, 14, 9, 8, 1, 5, 2, 5, 8, 4, 5, 14, 7, 1, 7, 1, 9, 2, 7, 1, 1, 1, 9, 1, 1, 9, 4, 11, 4, 5, 2, 9, 6, 14, 10, 4, 9, 3, 2, 5, 1, 3, 20, 5, 1, 8, 10, 15, 3, 11, 10, 13, 4, 7, 7, 8, 4, 7, 4, 1, 1, 3, 6, 7, 13, 12, 6, 14, 7, 4, 4, 7, 3, 5, 1, 10, 4, 16, 1, 11, 12, 5, 4, 1, 18, 7, 2, 3, 2, 3, 6, 7, 1, 6, 3, 2, 3, 9, 1, 6, 5, 2, 1, 18, 1, 2, 11, 1, 4, 15, 4, 7, 10, 16, 10, 4, 8, 6, 5, 16, 8, 10, 7, 6, 2, 2, 2, 8, 5, 15, 4, 12, 2, 8, 4, 1, 11, 3, 5, 18, 12, 6, 20, 3, 10, 4, 2, 8, 2, 6, 4, 4, 12, 2, 8, 1, 1, 2, 2, 7, 6, 6, 1, 4, 9, 5, 2, 6, 9, 3, 1, 1, 11, 14, 6, 10, 5, 4, 11, 3, 1, 9, 5, 5, 8, 6, 4, 7, 6, 1, 12, 7, 3, 7, 1, 11, 6, 1, 1, 4, 8, 9, 11, 8, 7, 2, 2, 1, 10, 15, 6, 7, 6, 8, 11, 6, 9, 3, 2, 1, 3, 6, 10, 1, 10, 9, 17, 5, 3, 4, 4, 7, 6, 6, 12, 8, 6, 14, 5, 14, 17, 2, 19, 14, 11, 9, 15, 2, 4, 3, 12, 5, 6, 7, 12, 7, 10, 1, 11, 9, 8, 8, 1, 5, 3, 9, 3, 5, 3, 2, 6, 1, 2, 4, 9, 1, 5, 5, 2, 7, 9, 1, 8, 3, 4, 5, 2, 10, 3, 1, 1, 3, 1, 4, 3, 15, 7, 4, 1, 2, 15, 9, 3, 1, 1, 7, 2, 6, 14, 4, 7, 1, 6, 1, 1, 15, 1, 3, 5, 8, 2, 9, 1, 22, 3, 4, 4, 1, 1, 5, 4, 4, 6, 10, 3, 11, 4, 10, 10, 2, 7, 12, 9, 4, 6, 1, 5, 4, 7, 1, 3, 20, 4, 3, 14, 4, 9, 1, 2, 6, 12, 2, 2, 19, 9, 15, 7, 6, 1, 5, 7, 4, 3, 5, 5, 11, 4, 3, 7, 4, 1, 12, 1, 7, 11, 2, 8, 10, 10, 3, 10, 3, 8, 9, 4, 1, 5, 5, 2, 9, 4, 7, 5, 11, 4, 6, 14, 3, 11, 2, 9, 2, 6, 7, 2, 12, 1, 8, 6, 6, 3, 12, 1, 8, 3, 2, 2, 1, 3, 7, 1, 8, 12, 8, 2, 1, 1, 7, 7, 10]

Mean:6.076
Median:5.0
Mode:1
Seed:492


[2, 1, 2, 2, 1, 0, 1, 1, 1, 2, 0, 2, 1, 1, 2, 0, 0, 1, 1, 2, 3, 1, 1, 1, 1, 0, 1, 1, 1, 0, 4, 0, 0, 3, 1, 0, 2, 0, 1, 1, 1, 2, 1, 0, 0, 0, 1, 1, 0, 1, 2, 2, 2, 1, 1, 1, 1, 0, 1, 1, 1, 0, 1, 1, 0, 0, 0, 0, 0, 1, 1, 0, 1, 1, 1, 2, 1, 2, 1, 1, 2, 1, 1, 0, 1, 1, 1, 2, 0, 1, 2, 2, 2, 2, 1, 0, 0, 0, 2, 1, 1, 0, 0, 1, 1, 0, 1, 2, 3, 0, 1, 1, 1, 0, 1, 1, 2, 2, 1, 1, 3, 1, 0, 1, 3, 0, 2, 0, 0, 1, 1, 3, 1, 5, 1, 1, 1, 1, 0, 0, 0, 1, 0, 1, 1, 0, 2, 1, 1, 1, 1, 1, 1, 0, 1, 0, 0, 0, 0, 0, 2, 2, 1, 2, 1, 1, 1, 0, 1, 2, 1, 0, 1, 0, 2, 2, 1, 2, 2, 2, 2, 1, 1, 0, 1, 1, 2, 1, 0, 0, 2, 0, 0, 1, 2, 2, 1, 0, 1, 2, 1, 0, 1, 0, 2, 1, 1, 1, 2, 1, 2, 1, 0, 1, 1, 1, 0, 0, 1, 2, 1, 1, 1, 1, 2, 1, 1, 1, 2, 1, 4, 1, 1, 1, 3, 1, 1, 1, 1, 2, 0, 0, 1, 1, 1, 1, 2, 1, 0, 1, 1, 1, 2, 1, 1, 1, 1, 0, 3, 2, 1, 2, 1, 1, 1, 1, 2, 0, 2, 1, 2, 4, 1, 1, 1, 0, 0, 0, 1, 0, 2, 1, 0, 0, 0, 1, 3, 0, 0, 0, 2, 1, 1, 0, 1, 2, 4, 3, 1, 0, 2, 2, 1, 1, 1, 1, 1, 1, 1, 0, 0, 1, 1, 1, 1, 1, 3, 1, 1, 0, 1, 0, 3, 1, 1, 1, 0, 0, 1, 2, 1, 1, 0, 2, 1, 2, 2, 1, 1, 2, 0, 1, 1, 0, 1, 1, 1, 1, 2, 0, 1, 2, 1, 1, 0, 1, 1, 1, 1, 1, 2, 2, 0, 0, 1, 1, 1, 1, 0, 2, 0, 0, 1, 0, 1, 0, 1, 2, 2, 1, 0, 2, 1, 1, 1, 1, 1, 1, 0, 0, 0, 1, 2, 0, 0, 1, 3, 1, 0, 2, 1, 1, 1, 1, 2, 2, 1, 2, 0, 0, 2, 2, 0, 2, 1, 1, 2, 1, 1, 0, 4, 2, 1, 2, 1, 1, 1, 1, 2, 0, 2, 1, 1, 0, 2, 2, 1, 2, 1, 1, 0, 1, 1, 1, 0, 1, 0, 0, 2, 0, 1, 1, 1, 2, 2, 2, 2, 0, 1, 1, 0, 1, 1, 2, 2, 1, 1, 3, 0, 0, 1, 2, 0, 1, 0, 1, 0, 1, 1, 2, 2, 1, 1, 0, 1, 0, 0, 1, 0, 2, 0, 1, 1, 0, 1, 1, 2, 0, 0, 2]

Mean:1.04
Median:1.0
Mode:1
Seed:642


[2, 4, 25, 6, 10, 14, 22, 12, 13, 19, 18, 11, 17, 15, 14, 19, 12, 10, 15, 12, 11, 5, 11, 3, 12, 3, 21, 14, 9, 8, 25, 8, 26, 10, 7, 8, 7, 19, 21, 15, 8, 13, 5, 26, 25, 10, 21, 20, 23, 8, 24, 16, 10, 5, 6, 22, 22, 12, 14, 16, 7, 15, 13, 16, 11, 3, 17, 16, 14, 20, 5, 16, 10, 8, 17, 17, 11, 20, 13, 11, 18, 11, 19, 15, 10, 14, 16, 20, 12, 13, 15, 16, 8, 1, 9, 22, 12, 21, 8, 16, 23, 21, 21, 18, 10, 11, 14, 13, 10, 20, 8, 25, 16, 24, 13, 12, 10, 17, 22, 19, 7, 11, 30, 10, 14, 8, 19, 19, 21, 18, 15, 21, 24, 2, 6, 20, 22, 18, 17, 16, 4, 12, 15, 11, 9, 13, 11, 14, 6, 19, 18, 13, 9, 11, 15, 18, 23, 20, 8, 13, 11, 20, 19, 12, 17, 30, 11, 12, 16, 24, 16, 15, 4, 16, 26, 10, 11, 6, 4, 17, 18, 2, 14, 15, 20, 11, 14, 18, 6, 21, 9, 17, 17, 7, 24, 7, 3, 12, 9, 12, 15, 19, 24, 11, 8, 24, 10, 11, 11, 6, 16, 22, 13, 13, 21, 16, 6, 8, 13, 7, 17, 9, 17, 9, 2, 1, 26, 11, 10, 16, 14, 16, 8, 9, 10, 28, 13, 28, 27, 16, 10, 10, 23, 4, 24, 13, 13, 5, 12, 5, 22, 20, 8, 9, 19, 6, 17, 20, 10, 21, 17, 16, 25, 15, 11, 15, 11, 15, 10, 17, 12, 19, 15, 17, 19, 24, 18, 18, 20, 20, 10, 13, 9, 19, 15, 9, 13, 11, 15, 14, 13, 5, 8, 9, 10, 13, 2, 19, 9, 8, 13, 25, 7, 8, 13, 30, 15, 8, 15, 11, 13, 15, 25, 24, 9, 7, 22, 5, 16, 9, 7, 13, 13, 23, 21, 24, 7, 25, 7, 12, 23, 15, 7, 17, 17, 6, 12, 15, 11, 10, 21, 25, 8, 11, 20, 30, 13, 29, 9, 12, 13, 28, 12, 4, 10, 22, 15, 7, 12, 22, 18, 26, 8, 6, 10, 18, 4, 13, 7, 16, 20, 18, 19, 19, 21, 17, 11, 25, 17, 16, 15, 14, 8, 9, 5, 5, 12, 12, 6, 9, 16, 15, 13, 10, 26, 26, 15, 19, 15, 14, 22, 26, 16, 13, 22, 21, 14, 9, 9, 10, 15, 10, 6, 34, 18, 21, 5, 21, 7, 21, 12, 8, 24, 9, 19, 7, 15, 11, 12, 13, 15, 21, 10, 6, 21, 11, 15, 19, 5, 14, 16, 15, 15, 21, 17, 5, 16, 3, 9, 17, 14, 16, 12, 13, 8, 23, 14, 21, 4, 11, 8, 20, 14, 9, 20, 8, 16, 10, 18, 22, 16, 3, 5, 7, 8, 12, 20, 9, 19, 16, 11, 22, 5, 15, 12, 9, 22, 30, 24, 12, 13, 26, 11, 9, 7, 25, 17, 17, 11, 20]

Mean:14.222
Median:14.0
Mode:15
Seed:179


[2, 2, 0, 4, 5, 5, 0, 2, 1, 0, 0, 1, 0, 4, 4, 0, 1, 5, 1, 2, 4, 7, 1, 0, 2, 0, 2, 8, 3, 4, 7, 1, 5, 5, 1, 1, 1, 1, 4, 2, 1, 0, 1, 0, 0, 3, 2, 9, 2, 2, 0, 1, 2, 11, 0, 6, 3, 4, 3, 3, 1, 1, 1, 2, 5, 4, 1, 4, 4, 2, 8, 4, 2, 1, 3, 2, 12, 9, 1, 0, 1, 4, 2, 3, 1, 1, 1, 0, 1, 1, 8, 2, 1, 1, 4, 2, 0, 1, 0, 1, 5, 1, 1, 0, 1, 0, 2, 0, 0, 2, 5, 0, 1, 1, 3, 4, 3, 1, 1, 0, 1, 4, 0, 0, 0, 0, 3, 4, 1, 1, 10, 5, 3, 2, 2, 1, 1, 3, 2, 0, 0, 1, 6, 5, 5, 0, 4, 1, 3, 0, 1, 2, 0, 1, 0, 5, 0, 2, 0, 1, 4, 2, 2, 6, 4, 9, 0, 2, 1, 0, 1, 2, 1, 4, 1, 0, 6, 2, 2, 2, 3, 3, 4, 1, 3, 3, 1, 9, 0, 1, 2, 1, 5, 0, 1, 0, 4, 0, 1, 1, 1, 1, 0, 4, 0, 1, 0, 11, 2, 1, 0, 0, 5, 0, 8, 1, 10, 1, 1, 3, 3, 1, 4, 1, 1, 0, 3, 1, 1, 1, 1, 2, 2, 0, 1, 1, 0, 0, 10, 2, 0, 1, 2, 2, 1, 1, 2, 0, 5, 2, 1, 2, 2, 0, 3, 3, 1, 0, 1, 2, 1, 1, 2, 0, 8, 1, 1, 3, 4, 2, 0, 1, 3, 2, 0, 0, 1, 0, 1, 4, 3, 1, 5, 1, 0, 3, 0, 1, 2, 6, 1, 1, 1, 1, 3, 2, 0, 1, 10, 1, 0, 0, 6, 0, 2, 2, 1, 1, 1, 1, 1, 4, 8, 1, 1, 1, 1, 5, 1, 4, 2, 2, 1, 0, 5, 3, 4, 1, 0, 1, 1, 3, 3, 1, 2, 1, 1, 1, 1, 1, 4, 1, 0, 1, 7, 0, 2, 3, 1, 5, 1, 4, 5, 1, 1, 1, 4, 0, 2, 0, 0, 1, 0, 4, 2, 1, 2, 4, 4, 1, 2, 1, 0, 6, 2, 1, 2, 4, 0, 0, 0, 1, 6, 3, 0, 2, 3, 1, 4, 8, 1, 2, 5, 1, 2, 0, 1, 1, 0, 2, 1, 1, 1, 0, 1, 3, 3, 2, 3, 0, 1, 1, 5, 3, 0, 2, 0, 0, 2, 2, 2, 5, 2, 3, 1, 2, 2, 1, 1, 6, 2, 0, 3, 1, 1, 0, 1, 2, 1, 1, 5, 1, 4, 5, 5, 7, 6, 0, 1, 1, 1, 1, 0, 5, 3, 6, 3, 1, 2, 4, 5, 1, 1, 4, 1, 3, 0, 0, 1, 2, 4, 2, 0, 1, 2, 0, 2, 6, 0, 0, 7, 3, 2, 0, 1, 0, 1, 3, 2, 3, 8, 3, 0, 0, 4, 1, 0, 2, 2, 3]

Mean:2.118
Median:1.0
Mode:1
Seed:600


Seeds:
[327, 969, 437, 580, 431, 434, 492, 642, 179, 600]

Means:
[0.716, 0.886, 5.89, 4.28, 0.704, 4.526, 6.076, 1.04, 14.222, 2.118]

Medians:
[1.0, 0.0, 5.0, 3.0, 1.0, 4.0, 5.0, 1.0, 14.0, 1.0]

Modes:
[1, 0, 2, 1, 1, 0, 1, 1, 15, 1]


Top Level Results:
Mean:4.0458
Median:2.0
Mode:1



