[31, 33, 27, 14, 39, 32, 7, 21, 12, 26, 8, 17, 33, 20, 23, 24, 15, 32, 1, 20, 3, 33, 27, 25, 19, 19, 24, 12, 22, 24, 30, 29, 23, 28, 24, 23, 33, 30, 29, 33, 23, 22, 25, 33, 28, 22, 18, 20, 18, 22, 25, 17, 21, 21, 18, 21, 19, 24, 28, 37, 17, 23, 16, 7, 19, 25, 22, 18, 20, 2, 29, 23, 21, 29, 27, 32, 26, 33, 23, 26, 31, 28, 18, 32, 29, 26, 35, 15, 29, 30, 31, 20, 1, 27, 26, 15, 26, 29, 20, 25, 22, 29, 14, 15, 30, 19, 14, 23, 17, 22, 30, 18, 28, 32, 17, 15, 17, 30, 27, 29, 33, 22, 31, 5, 28, 3, 30, 31, 27, 29, 27, 33, 32, 29, 21, 30, 13, 29, 18, 32, 32, 20, 20, 27, 4, 33, 31, 26, 4, 20, 20, 20, 16, 20, 9, 27, 24, 17, 21, 19, 6, 25, 33, 12, 19, 12, 30, 25, 16, 28, 29, 25, 30, 26, 24, 16, 32, 18, 17, 24, 1, 32, 29, 24, 26, 29, 20, 26, 26, 16, 35, 35, 26, 28, 30, 18, 29, 19, 26, 22, 27, 7, 24, 26, 20, 19, 26, 22, 18, 31, 36, 19, 26, 30, 4, 14, 25, 22, 26, 25, 26, 26, 20, 41, 34, 19, 37, 16, 30, 33, 19, 22, 20, 24, 26, 17, 21, 26, 27, 28, 21, 28, 18, 32, 27, 35, 18, 26, 10, 12, 5, 31, 24, 28, 27, 15, 22, 24, 24, 26, 29, 21, 25, 1, 26, 32, 1, 30, 25, 19, 13, 34, 23, 23, 21, 32, 2, 24, 30, 28, 30, 27, 24, 23, 28, 25, 22, 25, 29, 30, 29, 15, 21, 19, 28, 24, 16, 21, 24, 18, 11, 17, 19, 14, 29, 26, 24, 8, 24, 31, 20, 19, 19, 23, 31, 20, 31, 23, 24, 20, 26, 22, 30, 7, 23, 15, 26, 19, 18, 7, 29, 19, 13, 19, 28, 23, 16, 25, 28, 18, 6, 6, 22, 37, 24, 34, 15, 14, 21, 27, 7, 1, 30, 2, 17, 30, 22, 36, 27, 31, 13, 10, 29, 19, 23, 26, 25, 24, 31, 25, 35, 4, 36, 2, 31, 30, 13, 26, 32, 3, 34, 33, 25, 27, 18, 20, 22, 22, 38, 28, 25, 22, 1, 13, 28, 19, 18, 26, 26, 24, 33, 22, 32, 34, 18, 22, 22, 31, 28, 36, 26, 30, 31, 35, 20, 14, 21, 17, 32, 17, 27, 25, 23, 22, 26, 26, 21, 31, 13, 2, 20, 25, 1, 28, 26, 28, 31, 29, 29, 22, 29, 5, 21, 31, 9, 9, 30, 23, 20, 24, 20, 31, 28, 1, 20, 23, 23, 26, 25, 20, 22, 7, 23, 35, 26, 30, 17, 32, 21, 22, 22, 24, 7, 17, 1, 25, 9, 25, 23, 26, 26, 31, 27, 20, 23, 30, 34, 1, 28, 29, 33, 18, 22, 21, 20, 28, 28, 24, 14, 28]

Mean:22.808
Median:24.0
Mode:26
Seed:104


[1, 1, 1, 1, 1, 1, 1, 0, 0, 1, 1, 1, 2, 1, 1, 1, 1, 2, 3, 3, 2, 0, 1, 0, 1, 1, 1, 2, 4, 2, 2, 0, 3, 1, 2, 0, 2, 2, 2, 1, 2, 2, 2, 1, 1, 0, 1, 3, 1, 1, 0, 1, 0, 3, 1, 0, 0, 1, 0, 1, 1, 2, 3, 1, 4, 1, 2, 1, 1, 3, 1, 2, 0, 3, 3, 1, 3, 2, 1, 2, 2, 1, 1, 0, 2, 2, 1, 1, 1, 3, 1, 2, 1, 1, 1, 0, 0, 1, 2, 0, 1, 2, 2, 1, 2, 1, 1, 0, 1, 0, 2, 1, 1, 0, 1, 1, 4, 2, 1, 0, 3, 1, 1, 0, 1, 1, 1, 0, 1, 1, 0, 3, 0, 1, 1, 2, 3, 1, 3, 0, 1, 1, 2, 0, 0, 0, 6, 1, 1, 2, 2, 0, 1, 1, 2, 1, 2, 1, 3, 1, 1, 0, 1, 0, 1, 2, 1, 2, 2, 1, 2, 2, 2, 1, 1, 1, 2, 2, 1, 2, 0, 1, 2, 2, 0, 0, 1, 1, 2, 1, 1, 1, 1, 1, 1, 3, 0, 1, 1, 2, 0, 1, 1, 2, 3, 1, 2, 1, 0, 1, 1, 1, 1, 1, 1, 1, 4, 0, 3, 2, 1, 1, 3, 4, 2, 1, 3, 2, 1, 2, 1, 2, 1, 1, 2, 2, 2, 1, 0, 1, 1, 2, 1, 1, 2, 2, 2, 1, 1, 1, 1, 1, 1, 3, 3, 1, 2, 2, 3, 1, 1, 1, 0, 0, 0, 1, 2, 0, 3, 1, 1, 0, 1, 1, 1, 2, 0, 1, 2, 4, 2, 2, 1, 1, 1, 1, 1, 0, 1, 1, 2, 2, 1, 0, 4, 2, 1, 2, 1, 2, 2, 1, 2, 3, 1, 0, 0, 2, 1, 1, 1, 1, 0, 1, 1, 1, 1, 1, 2, 1, 1, 1, 1, 1, 0, 1, 0, 1, 2, 0, 3, 1, 1, 2, 1, 0, 0, 1, 1, 2, 1, 2, 2, 1, 0, 2, 0, 3, 2, 0, 2, 1, 1, 1, 3, 2, 2, 1, 0, 1, 3, 2, 2, 0, 0, 1, 1, 1, 1, 1, 2, 1, 0, 1, 1, 0, 3, 3, 1, 3, 3, 1, 1, 1, 0, 1, 0, 1, 2, 1, 2, 3, 1, 2, 1, 2, 1, 2, 3, 1, 1, 2, 1, 1, 1, 1, 1, 0, 1, 1, 1, 0, 2, 0, 3, 1, 0, 1, 1, 1, 2, 1, 1, 2, 1, 0, 0, 2, 1, 1, 4, 1, 3, 2, 2, 1, 3, 1, 2, 1, 3, 1, 1, 3, 1, 2, 2, 1, 1, 1, 2, 0, 1, 2, 1, 1, 1, 2, 1, 3, 4, 1, 2, 2, 1, 2, 0, 1, 1, 2, 1, 1, 1, 2, 1, 2, 0, 1, 1, 1, 1, 1, 0, 2, 2, 0, 3, 1, 1, 2, 0, 1, 1, 1, 0, 2, 1, 1, 2, 0]

Mean:1.314
Median:1.0
Mode:1
Seed:832


[0, 4, 1, 0, 0, 2, 2, 1, 2, 0, 1, 1, 1, 1, 1, 1, 2, 2, 1, 0, 1, 4, 2, 1, 0, 1, 1, 1, 0, 3, 0, 3, 1, 1, 0, 1, 1, 0, 1, 2, 2, 1, 0, 1, 1, 1, 1, 2, 2, 1, 2, 1, 2, 0, 1, 1, 1, 2, 1, 1, 2, 0, 2, 0, 1, 2, 0, 1, 0, 1, 1, 0, 1, 3, 1, 1, 3, 0, 2, 1, 1, 0, 2, 1, 1, 1, 1, 1, 1, 2, 2, 1, 1, 0, 2, 0, 0, 1, 1, 1, 1, 3, 2, 1, 2, 1, 1, 1, 1, 2, 1, 0, 2, 0, 1, 1, 0, 0, 0, 2, 1, 1, 2, 1, 1, 0, 3, 1, 0, 0, 2, 2, 0, 1, 2, 1, 0, 1, 1, 1, 1, 1, 2, 1, 1, 0, 1, 1, 2, 0, 1, 1, 1, 1, 0, 1, 1, 0, 1, 1, 1, 1, 0, 1, 1, 0, 2, 0, 0, 2, 0, 1, 1, 1, 1, 0, 1, 1, 1, 1, 2, 0, 1, 0, 1, 1, 1, 2, 3, 2, 2, 1, 0, 1, 2, 0, 1, 1, 0, 1, 2, 1, 1, 1, 0, 1, 1, 2, 1, 1, 2, 3, 2, 0, 0, 1, 0, 2, 1, 1, 1, 0, 0, 2, 1, 0, 2, 0, 2, 1, 2, 0, 0, 1, 1, 2, 1, 1, 0, 1, 2, 1, 0, 2, 0, 0, 0, 0, 1, 0, 0, 0, 0, 1, 1, 2, 1, 0, 1, 1, 1, 2, 1, 1, 0, 1, 0, 1, 1, 2, 2, 2, 0, 1, 0, 1, 1, 1, 0, 1, 1, 1, 0, 2, 1, 1, 1, 0, 2, 1, 1, 1, 1, 0, 2, 0, 1, 2, 1, 1, 0, 0, 1, 1, 2, 2, 0, 1, 0, 1, 1, 1, 1, 1, 1, 2, 0, 1, 1, 1, 0, 1, 2, 2, 1, 1, 1, 2, 0, 1, 2, 0, 1, 1, 1, 1, 0, 1, 0, 0, 0, 0, 0, 0, 1, 1, 0, 2, 1, 0, 2, 1, 2, 2, 1, 0, 3, 1, 1, 0, 0, 1, 0, 0, 2, 1, 1, 0, 0, 0, 0, 1, 0, 1, 1, 0, 0, 1, 1, 1, 1, 1, 2, 0, 1, 0, 4, 0, 0, 2, 2, 0, 0, 0, 1, 1, 0, 1, 2, 2, 1, 2, 0, 2, 1, 0, 1, 0, 2, 1, 0, 1, 1, 0, 0, 0, 1, 0, 1, 0, 0, 1, 0, 2, 1, 2, 1, 1, 1, 1, 2, 1, 0, 2, 1, 0, 2, 1, 2, 2, 3, 3, 1, 1, 1, 0, 1, 2, 1, 1, 1, 2, 1, 1, 1, 1, 0, 1, 0, 0, 1, 0, 2, 1, 1, 1, 1, 1, 1, 0, 1, 1, 0, 0, 1, 0, 1, 0, 1, 1, 0, 1, 0, 0, 0, 1, 0, 3, 0, 1, 1, 0, 1, 1, 1, 1, 2, 2, 1, 0]

Mean:0.96
Median:1.0
Mode:1
Seed:396


[14, 14, 14, 14, 14, 14, 15, 15, 15, 14, 14, 15, 14, 14, 14, 14, 16, 17, 14, 16, 14, 14, 14, 14, 15, 14, 14, 15, 15, 14, 14, 14, 16, 14, 16, 14, 14, 15, 16, 14, 14, 14, 15, 14, 15, 15, 15, 14, 14, 14, 14, 15, 15, 14, 15, 14, 14, 14, 14, 14, 16, 14, 14, 16, 14, 15, 16, 15, 14, 14, 14, 15, 15, 14, 16, 14, 14, 15, 17, 16, 14, 14, 15, 17, 16, 14, 14, 14, 14, 15, 14, 14, 14, 15, 14, 14, 14, 14, 14, 14, 15, 14, 15, 14, 15, 15, 16, 14, 15, 14, 15, 15, 17, 15, 15, 15, 14, 15, 14, 14, 14, 15, 14, 14, 14, 14, 15, 14, 14, 14, 15, 14, 14, 15, 14, 15, 16, 14, 14, 14, 16, 15, 14, 14, 15, 15, 15, 15, 14, 14, 14, 14, 15, 15, 14, 14, 14, 15, 14, 14, 14, 15, 14, 16, 15, 15, 14, 16, 15, 14, 14, 16, 15, 14, 14, 15, 14, 16, 14, 14, 14, 14, 14, 14, 14, 15, 15, 14, 16, 14, 15, 16, 15, 14, 14, 15, 14, 15, 14, 14, 16, 16, 14, 15, 14, 17, 14, 15, 16, 14, 14, 14, 14, 14, 14, 14, 15, 16, 14, 15, 14, 14, 15, 15, 14, 14, 16, 14, 14, 14, 15, 15, 15, 14, 14, 16, 17, 14, 14, 15, 15, 15, 14, 15, 14, 14, 14, 15, 14, 15, 14, 15, 16, 14, 14, 14, 15, 15, 16, 14, 14, 16, 15, 14, 14, 14, 14, 14, 16, 14, 14, 15, 14, 15, 17, 14, 14, 14, 15, 14, 14, 16, 14, 14, 16, 14, 14, 14, 14, 14, 14, 15, 16, 14, 14, 14, 16, 14, 14, 14, 15, 14, 14, 15, 14, 14, 16, 16, 15, 14, 14, 15, 14, 15, 14, 14, 14, 14, 14, 14, 15, 14, 15, 14, 14, 15, 14, 14, 15, 15, 14, 14, 14, 15, 16, 14, 14, 14, 15, 14, 15, 14, 14, 16, 14, 14, 14, 14, 14, 14, 14, 15, 14, 14, 14, 16, 14, 16, 14, 14, 16, 15, 14, 14, 15, 14, 14, 14, 14, 14, 14, 14, 15, 14, 14, 15, 15, 15, 14, 14, 14, 14, 14, 14, 14, 14, 14, 15, 15, 14, 14, 15, 15, 14, 14, 15, 15, 14, 14, 14, 14, 14, 14, 14, 14, 14, 16, 17, 14, 15, 15, 15, 16, 14, 16, 15, 14, 14, 14, 14, 14, 14, 14, 15, 14, 15, 14, 14, 15, 14, 14, 14, 14, 15, 14, 14, 14, 14, 14, 14, 15, 14, 14, 14, 14, 16, 15, 14, 15, 14, 16, 14, 14, 14, 15, 16, 14, 14, 14, 15, 15, 16, 14, 18, 14, 15, 14, 15, 15, 16, 14, 15, 15, 14, 16, 16, 14, 14, 15, 15, 14, 14, 14, 14, 14, 15, 14, 15, 14, 14, 16, 15, 14, 14, 14, 14, 14, 14, 15, 17]

Mean:14.536
Median:14.0
Mode:14
Seed:673


[1, 1, 0, 0, 0, 0, 1, 0, 0, 1, 0, 1, 0, 0, 1, 1, 2, 0, 1, 1, 1, 1, 1, 0, 0, 0, 1, 0, 1, 0, 1, 0, 0, 1, 0, 0, 0, 0, 1, 1, 0, 1, 0, 0, 1, 1, 0, 0, 2, 1, 0, 1, 1, 1, 0, 0, 1, 1, 1, 0, 1, 0, 0, 0, 1, 0, 2, 0, 1, 1, 0, 0, 1, 1, 1, 0, 0, 0, 1, 1, 0, 0, 0, 0, 0, 1, 1, 0, 0, 1, 1, 1, 0, 0, 1, 1, 0, 1, 1, 0, 0, 0, 0, 1, 1, 1, 1, 2, 0, 0, 0, 0, 0, 0, 0, 1, 1, 0, 1, 0, 1, 0, 1, 0, 1, 0, 1, 1, 0, 0, 0, 1, 0, 0, 0, 1, 0, 0, 0, 2, 0, 1, 0, 1, 1, 0, 0, 0, 1, 1, 1, 1, 0, 0, 0, 1, 0, 0, 0, 0, 0, 1, 1, 0, 0, 1, 1, 1, 0, 0, 1, 1, 1, 0, 1, 0, 0, 0, 1, 0, 1, 1, 1, 0, 0, 1, 0, 1, 1, 0, 1, 1, 0, 2, 1, 1, 1, 1, 1, 1, 0, 1, 2, 1, 0, 0, 0, 0, 0, 1, 0, 1, 0, 0, 0, 0, 1, 0, 1, 0, 0, 1, 1, 0, 1, 2, 1, 0, 1, 1, 0, 0, 1, 0, 0, 1, 0, 0, 1, 0, 0, 0, 1, 0, 0, 1, 0, 0, 1, 2, 0, 0, 2, 1, 0, 1, 1, 0, 1, 0, 1, 0, 0, 0, 1, 0, 0, 1, 0, 0, 1, 1, 1, 0, 0, 0, 0, 0, 0, 0, 0, 1, 2, 0, 0, 2, 0, 1, 0, 1, 0, 1, 1, 0, 1, 1, 0, 1, 0, 0, 2, 0, 0, 0, 0, 1, 0, 1, 2, 1, 1, 0, 0, 0, 1, 0, 0, 0, 2, 0, 0, 0, 1, 2, 0, 1, 0, 0, 1, 1, 0, 1, 2, 1, 1, 2, 2, 1, 0, 0, 2, 0, 1, 1, 0, 0, 1, 0, 0, 0, 0, 0, 1, 0, 0, 1, 1, 0, 0, 1, 1, 0, 0, 0, 1, 1, 0, 0, 1, 0, 1, 0, 0, 1, 0, 1, 0, 0, 0, 1, 1, 0, 2, 0, 0, 0, 0, 1, 0, 0, 1, 0, 1, 1, 2, 0, 2, 1, 1, 1, 0, 1, 0, 0, 1, 1, 0, 0, 1, 1, 1, 0, 1, 0, 1, 0, 0, 1, 0, 1, 2, 0, 0, 0, 1, 1, 0, 1, 1, 0, 1, 0, 1, 0, 2, 2, 1, 0, 0, 0, 0, 1, 0, 1, 1, 0, 0, 1, 0, 1, 1, 0, 0, 0, 1, 0, 0, 0, 2, 0, 0, 1, 0, 1, 1, 0, 1, 0, 2, 1, 0, 1, 1, 1, 0, 1, 0, 1, 1, 1, 1, 1, 1, 1, 0, 3, 0, 0, 0, 1, 0, 1, 1, 0, 1, 1, 0, 0, 0, 0]

Mean:0.536
Median:0.0
Mode:0
Seed:357


[1, 4, 0, 1, 0, 1, 0, 0, 1, 2, 1, 2, 1, 2, 1, 2, 1, 1, 0, 2, 0, 1, 0, 0, 0, 0, 1, 4, 1, 0, 2, 0, 0, 1, 1, 1, 2, 1, 1, 5, 1, 2, 0, 1, 0, 1, 2, 2, 1, 1, 1, 1, 0, 2, 1, 1, 2, 3, 1, 2, 0, 0, 1, 2, 0, 0, 0, 1, 1, 1, 2, 0, 0, 0, 1, 1, 1, 1, 0, 2, 1, 0, 2, 1, 1, 2, 0, 4, 0, 0, 1, 2, 0, 1, 4, 1, 2, 0, 2, 1, 1, 3, 1, 1, 1, 1, 0, 1, 1, 0, 2, 2, 0, 0, 0, 1, 1, 0, 0, 0, 1, 0, 1, 1, 2, 3, 1, 1, 1, 1, 3, 2, 1, 1, 0, 0, 1, 1, 0, 2, 0, 1, 1, 2, 1, 1, 1, 3, 2, 1, 2, 0, 1, 0, 1, 1, 0, 0, 1, 3, 2, 1, 0, 1, 1, 0, 2, 1, 0, 1, 3, 1, 4, 3, 1, 1, 0, 0, 2, 1, 1, 1, 2, 0, 1, 3, 3, 1, 0, 1, 0, 1, 2, 1, 1, 0, 2, 1, 1, 0, 0, 1, 0, 0, 0, 0, 1, 1, 1, 2, 0, 1, 1, 0, 2, 2, 1, 1, 3, 0, 1, 1, 0, 0, 2, 1, 0, 1, 1, 0, 2, 1, 1, 0, 1, 0, 0, 0, 1, 2, 1, 2, 0, 0, 1, 0, 0, 2, 0, 1, 0, 1, 1, 1, 0, 2, 3, 0, 1, 2, 2, 2, 2, 1, 0, 0, 1, 2, 1, 1, 0, 2, 1, 1, 1, 3, 1, 2, 1, 0, 1, 1, 1, 1, 1, 1, 1, 0, 3, 1, 0, 2, 0, 1, 1, 1, 1, 1, 0, 0, 0, 1, 0, 1, 0, 0, 1, 2, 0, 4, 2, 1, 1, 0, 0, 0, 1, 3, 1, 1, 1, 1, 2, 1, 1, 1, 1, 1, 0, 1, 3, 1, 1, 1, 2, 3, 1, 2, 1, 1, 1, 1, 0, 0, 1, 0, 1, 2, 0, 1, 2, 2, 1, 1, 1, 1, 0, 1, 2, 2, 1, 3, 0, 0, 2, 0, 1, 2, 0, 2, 1, 2, 0, 2, 1, 1, 0, 1, 0, 1, 2, 0, 1, 1, 2, 0, 1, 1, 2, 3, 1, 0, 4, 0, 0, 0, 0, 0, 2, 0, 3, 0, 1, 2, 0, 3, 1, 1, 0, 0, 0, 1, 0, 2, 0, 2, 1, 1, 1, 0, 3, 1, 3, 2, 1, 1, 2, 1, 0, 1, 0, 1, 1, 1, 1, 3, 2, 1, 1, 0, 0, 1, 0, 1, 1, 2, 0, 1, 0, 3, 0, 1, 1, 1, 0, 0, 2, 1, 1, 0, 0, 3, 1, 2, 1, 2, 2, 1, 1, 2, 1, 0, 1, 1, 1, 0, 1, 1, 1, 1, 1, 1, 1, 3, 0, 1, 2, 1, 1, 1, 0, 1, 0, 1, 1, 2, 1, 0, 1, 2]

Mean:1.036
Median:1.0
Mode:1
Seed:99


[0, 5, 5, 0, 1, 4, 0, 4, 1, 2, 1, 6, 3, 4, 9, 9, 10, 5, 1, 14, 5, 9, 9, 4, 1, 0, 7, 3, 7, 7, 8, 2, 16, 1, 10, 13, 8, 6, 11, 4, 7, 9, 2, 0, 0, 2, 4, 7, 4, 5, 6, 12, 3, 4, 11, 5, 12, 1, 11, 4, 14, 2, 4, 3, 10, 7, 12, 6, 11, 2, 5, 2, 5, 14, 11, 3, 0, 0, 4, 9, 5, 14, 0, 6, 2, 1, 3, 12, 17, 6, 0, 3, 10, 7, 0, 7, 0, 8, 1, 1, 3, 2, 10, 8, 5, 11, 2, 11, 10, 4, 3, 12, 10, 7, 5, 1, 1, 12, 0, 7, 0, 4, 9, 2, 0, 8, 1, 1, 5, 6, 3, 7, 5, 2, 9, 9, 5, 0, 6, 3, 13, 4, 2, 1, 13, 8, 5, 8, 12, 9, 7, 0, 0, 0, 4, 9, 2, 1, 1, 0, 3, 3, 8, 14, 3, 0, 11, 5, 6, 10, 0, 2, 9, 12, 3, 9, 3, 2, 10, 5, 6, 14, 8, 2, 5, 4, 14, 6, 4, 6, 11, 4, 3, 3, 4, 5, 0, 1, 15, 9, 0, 5, 0, 0, 11, 6, 10, 6, 0, 3, 6, 10, 2, 11, 3, 4, 9, 7, 4, 8, 6, 4, 2, 2, 2, 9, 2, 1, 2, 0, 8, 13, 1, 6, 11, 1, 6, 5, 1, 1, 5, 3, 0, 3, 4, 0, 3, 4, 5, 4, 0, 9, 2, 5, 10, 1, 1, 9, 3, 4, 6, 21, 6, 7, 0, 8, 13, 2, 1, 10, 4, 0, 6, 0, 8, 3, 4, 0, 8, 1, 12, 3, 5, 13, 10, 10, 4, 0, 10, 9, 12, 1, 0, 10, 1, 0, 2, 10, 12, 4, 14, 0, 0, 11, 6, 9, 15, 7, 0, 4, 1, 1, 13, 9, 5, 2, 7, 7, 4, 0, 0, 11, 3, 2, 0, 3, 2, 1, 7, 0, 0, 4, 3, 4, 2, 4, 8, 2, 0, 9, 5, 2, 12, 4, 3, 1, 3, 1, 15, 6, 3, 1, 3, 10, 7, 3, 5, 0, 11, 6, 0, 15, 11, 10, 12, 5, 8, 10, 2, 0, 0, 4, 14, 4, 12, 6, 2, 0, 3, 1, 6, 5, 12, 5, 3, 5, 8, 0, 15, 10, 0, 8, 4, 0, 13, 14, 9, 10, 11, 17, 0, 3, 5, 9, 7, 8, 0, 6, 2, 7, 3, 6, 9, 8, 8, 9, 7, 3, 9, 6, 13, 7, 9, 4, 7, 6, 0, 5, 3, 15, 6, 14, 3, 6, 10, 5, 8, 0, 7, 1, 2, 3, 1, 5, 9, 2, 5, 3, 2, 6, 12, 5, 3, 2, 7, 4, 3, 4, 9, 7, 6, 6, 6, 2, 4, 16, 1, 7, 14, 7, 0, 6, 6, 0, 6, 6, 8, 0, 8, 12, 14, 4, 8, 1, 8, 11, 3, 0, 1, 1, 13, 3, 4, 10, 3, 6, 4, 4, 6, 4]

Mean:5.444
Median:5.0
Mode:0
Seed:144


[4, 0, 2, 4, 0, 1, 4, 0, 1, 1, 1, 2, 4, 1, 4, 3, 1, 0, 0, 0, 6, 0, 0, 4, 0, 9, 0, 3, 0, 2, 1, 3, 0, 1, 1, 0, 2, 3, 0, 8, 0, 1, 1, 0, 2, 2, 0, 1, 0, 2, 3, 2, 2, 0, 3, 3, 3, 2, 2, 0, 1, 6, 4, 0, 7, 2, 3, 2, 2, 1, 2, 3, 1, 0, 2, 1, 0, 2, 2, 0, 2, 3, 1, 1, 1, 2, 0, 0, 0, 1, 1, 0, 0, 3, 3, 0, 2, 2, 1, 1, 3, 5, 2, 5, 2, 0, 0, 3, 6, 1, 2, 2, 1, 3, 4, 2, 1, 0, 2, 0, 0, 3, 2, 2, 5, 6, 1, 2, 7, 6, 1, 1, 0, 0, 1, 3, 2, 1, 2, 1, 2, 1, 2, 5, 6, 12, 1, 2, 1, 4, 7, 0, 0, 0, 1, 2, 3, 0, 0, 2, 0, 1, 3, 3, 3, 0, 3, 1, 0, 0, 2, 7, 0, 1, 2, 1, 0, 2, 0, 0, 7, 1, 0, 8, 7, 1, 2, 0, 1, 0, 1, 4, 3, 1, 3, 0, 0, 2, 0, 1, 0, 1, 1, 0, 0, 4, 1, 6, 5, 1, 1, 1, 3, 5, 6, 0, 1, 0, 2, 1, 1, 1, 1, 2, 0, 0, 5, 0, 0, 3, 0, 1, 3, 4, 5, 3, 3, 0, 4, 0, 4, 0, 2, 0, 0, 3, 1, 3, 4, 5, 1, 6, 4, 1, 2, 1, 3, 3, 1, 6, 2, 1, 0, 1, 4, 0, 0, 2, 4, 4, 0, 2, 2, 1, 7, 2, 9, 2, 4, 1, 0, 1, 3, 0, 3, 1, 1, 2, 1, 0, 2, 0, 5, 2, 3, 1, 2, 6, 0, 2, 1, 0, 1, 3, 2, 3, 2, 0, 1, 0, 1, 2, 1, 0, 2, 3, 0, 4, 0, 2, 2, 1, 4, 1, 1, 1, 0, 4, 0, 2, 0, 1, 0, 4, 1, 5, 1, 4, 0, 3, 2, 3, 2, 4, 4, 6, 1, 2, 3, 0, 3, 3, 0, 5, 2, 6, 4, 3, 4, 0, 0, 2, 1, 2, 0, 2, 0, 3, 0, 0, 0, 2, 0, 1, 0, 1, 1, 4, 0, 0, 0, 2, 1, 4, 0, 3, 0, 1, 2, 1, 2, 2, 0, 3, 0, 2, 5, 1, 1, 1, 0, 4, 0, 4, 1, 3, 4, 4, 0, 4, 0, 4, 0, 1, 0, 3, 5, 1, 4, 1, 3, 1, 2, 2, 1, 0, 0, 1, 1, 2, 6, 1, 0, 0, 2, 2, 3, 2, 1, 0, 0, 1, 2, 1, 3, 0, 5, 0, 0, 1, 2, 2, 3, 0, 4, 0, 1, 0, 2, 2, 0, 0, 0, 5, 0, 0, 2, 2, 0, 2, 0, 0, 2, 0, 0, 1, 1, 4, 3, 1, 0, 6, 7, 1, 0, 3, 1, 1, 2, 5, 1, 1, 4, 5, 1, 2, 3, 1, 1, 3]

Mean:1.866
Median:1.0
Mode:0
Seed:610


[0, 0, 2, 0, 2, 0, 0, 0, 0, 0, 1, 0, 1, 0, 0, 1, 0, 0, 2, 0, 1, 0, 0, 1, 0, 0, 1, 2, 1, 1, 1, 1, 2, 1, 2, 0, 1, 1, 1, 1, 1, 0, 1, 0, 0, 1, 1, 1, 2, 1, 1, 1, 0, 0, 1, 1, 2, 0, 0, 1, 2, 1, 1, 1, 2, 1, 1, 0, 0, 0, 2, 1, 1, 0, 0, 0, 0, 2, 2, 1, 1, 1, 0, 0, 1, 0, 1, 2, 1, 2, 1, 2, 1, 1, 0, 1, 1, 1, 1, 0, 0, 1, 1, 1, 1, 0, 2, 1, 0, 1, 1, 1, 0, 0, 2, 1, 0, 1, 1, 1, 1, 0, 3, 1, 1, 1, 1, 2, 1, 2, 0, 2, 1, 2, 1, 1, 0, 0, 1, 0, 1, 1, 0, 1, 1, 1, 3, 1, 2, 1, 0, 0, 1, 0, 1, 0, 0, 3, 2, 1, 1, 2, 2, 0, 1, 0, 1, 1, 1, 1, 1, 2, 0, 1, 2, 1, 1, 1, 1, 0, 3, 1, 1, 2, 1, 1, 1, 2, 1, 1, 0, 0, 2, 0, 1, 1, 1, 1, 2, 1, 0, 1, 1, 2, 0, 1, 0, 1, 0, 1, 0, 1, 1, 2, 2, 3, 0, 1, 1, 0, 1, 0, 0, 5, 2, 0, 0, 1, 0, 1, 2, 1, 0, 1, 1, 2, 1, 1, 1, 1, 1, 0, 1, 3, 0, 1, 1, 2, 3, 0, 0, 2, 3, 0, 0, 1, 0, 1, 2, 1, 1, 0, 1, 0, 1, 1, 2, 0, 1, 2, 1, 1, 1, 0, 0, 0, 1, 1, 0, 1, 0, 1, 1, 1, 1, 0, 0, 0, 2, 1, 0, 1, 1, 1, 0, 0, 1, 0, 1, 0, 0, 0, 0, 0, 1, 1, 0, 1, 0, 2, 1, 1, 1, 0, 2, 1, 0, 0, 1, 1, 0, 0, 1, 1, 0, 2, 1, 1, 2, 1, 1, 1, 1, 0, 0, 1, 1, 1, 1, 1, 3, 0, 2, 0, 0, 1, 0, 2, 0, 0, 1, 1, 0, 0, 1, 1, 1, 2, 0, 1, 1, 3, 1, 1, 0, 1, 1, 1, 0, 0, 1, 1, 3, 1, 0, 0, 1, 0, 1, 0, 1, 0, 1, 0, 1, 1, 1, 0, 0, 1, 0, 0, 1, 1, 0, 2, 3, 1, 2, 0, 1, 0, 1, 1, 1, 0, 1, 0, 1, 3, 2, 1, 0, 2, 0, 0, 2, 1, 2, 0, 3, 2, 1, 1, 2, 1, 0, 0, 1, 1, 1, 2, 1, 0, 1, 2, 1, 1, 1, 0, 1, 0, 0, 2, 1, 2, 0, 1, 1, 2, 0, 0, 1, 1, 1, 1, 0, 0, 1, 1, 0, 0, 2, 1, 0, 1, 0, 1, 1, 0, 2, 0, 0, 0, 0, 1, 1, 1, 1, 0, 0, 1, 1, 0, 1, 1, 1, 1, 0, 1, 1, 1, 1, 1, 1, 1, 1, 0, 2, 1]

Mean:0.862
Median:1.0
Mode:1
Seed:40


[1, 0, 1, 1, 2, 1, 1, 2, 0, 1, 1, 1, 2, 2, 2, 0, 0, 1, 1, 2, 1, 0, 0, 0, 1, 1, 0, 1, 1, 1, 2, 2, 2, 1, 3, 0, 2, 1, 4, 0, 0, 2, 1, 2, 1, 2, 1, 1, 1, 0, 1, 0, 1, 2, 1, 0, 0, 1, 3, 0, 0, 2, 2, 2, 1, 2, 1, 1, 0, 1, 1, 0, 1, 1, 0, 1, 0, 3, 1, 1, 1, 1, 1, 1, 0, 2, 0, 0, 0, 1, 0, 2, 1, 1, 1, 1, 2, 1, 0, 1, 3, 1, 1, 0, 0, 1, 0, 1, 1, 2, 1, 0, 0, 2, 1, 2, 0, 1, 0, 0, 2, 1, 2, 1, 2, 2, 2, 2, 3, 3, 1, 1, 0, 1, 1, 0, 3, 2, 1, 1, 0, 2, 0, 1, 0, 2, 2, 0, 1, 0, 0, 1, 1, 3, 0, 2, 1, 2, 1, 1, 2, 2, 2, 1, 1, 3, 2, 1, 0, 1, 1, 0, 2, 1, 1, 1, 1, 0, 0, 2, 1, 1, 1, 0, 1, 0, 0, 2, 0, 1, 1, 2, 3, 0, 2, 4, 3, 0, 0, 1, 0, 0, 1, 0, 0, 0, 0, 0, 1, 0, 0, 1, 3, 1, 2, 1, 1, 2, 1, 2, 2, 0, 1, 1, 0, 1, 1, 1, 1, 1, 1, 2, 1, 1, 3, 1, 1, 4, 2, 1, 0, 1, 1, 1, 1, 1, 1, 1, 1, 0, 0, 1, 1, 1, 2, 1, 1, 2, 0, 0, 1, 1, 1, 2, 1, 1, 1, 1, 0, 1, 1, 0, 1, 1, 1, 1, 1, 1, 0, 1, 0, 3, 1, 0, 2, 0, 0, 1, 0, 1, 1, 1, 1, 0, 0, 1, 1, 1, 0, 1, 3, 2, 0, 1, 1, 3, 2, 1, 1, 0, 1, 2, 1, 2, 0, 1, 0, 1, 1, 0, 1, 1, 1, 2, 1, 0, 1, 1, 1, 3, 2, 1, 1, 0, 2, 2, 2, 1, 3, 2, 1, 0, 0, 2, 0, 2, 0, 2, 1, 1, 1, 1, 2, 1, 1, 1, 0, 1, 1, 0, 1, 1, 1, 1, 1, 1, 0, 0, 1, 0, 1, 0, 1, 2, 0, 0, 2, 0, 1, 1, 3, 0, 1, 0, 1, 0, 0, 3, 1, 2, 0, 0, 0, 0, 2, 3, 1, 2, 2, 1, 1, 1, 2, 1, 1, 1, 1, 1, 0, 2, 1, 1, 1, 1, 1, 1, 1, 1, 2, 3, 1, 1, 0, 1, 2, 1, 1, 1, 1, 1, 1, 1, 3, 2, 0, 2, 1, 1, 1, 1, 2, 0, 1, 2, 2, 1, 0, 2, 0, 0, 1, 1, 1, 1, 1, 1, 1, 0, 1, 2, 0, 0, 3, 1, 2, 1, 1, 1, 0, 1, 2, 2, 1, 1, 0, 0, 2, 1, 0, 2, 1, 2, 0, 1, 1, 1, 1, 2, 2, 0, 0, 1, 1, 1, 2, 1, 3, 3, 1, 3]

Mean:1.062
Median:1.0
Mode:1
Seed:269


Seeds:
[104, 832, 396, 673, 357, 99, 144, 610, 40, 269]

Means:
[22.808, 1.314, 0.96, 14.536, 0.536, 1.036, 5.444, 1.866, 0.862, 1.062]

Medians:
[24.0, 1.0, 1.0, 14.0, 0.0, 1.0, 5.0, 1.0, 1.0, 1.0]

Modes:
[26, 1, 1, 14, 0, 1, 0, 0, 1, 1]


Top Level Results:
Mean:5.0424
Median:1.0
Mode:1



