




Variables:
# CONSTANTS
S_RIGHT, S_LEFT, S_UP, S_DOWN = 0, 1, 2, 3
XSIZE, YSIZE = 14, 14
NFOOD = 1
SEED_SIZE = 30
FINAL_ITERATIONS = 1000

#VARIABLES
MAX_HEIGHT = 17
PARSIMONY_SIZE = 1.3
TOURNAMENT_FITNESS_SIZE = 7
CX_ONEPOINT_MAX_SIZE = 3
CROSS_PROB = 0.8
MUT_PROB = 0.2
ITERATIONS = 150
INDIVIDUAL_ITER = 4
HOF_SIZE = 2
POPULATION_SIZE = 500
FIT_FUNC = "steps"
FIT_TYPE = "average"


Seeds:
[940, 720, 160, 940, 290, 851, 907, 952, 567]



[15, 13, 14, 14, 13, 14, 13, 13, 14, 14, 16, 13, 15, 15, 13, 14, 14, 14, 15, 13, 13, 13, 13, 14, 15, 14, 13, 14, 14, 14, 13, 14, 13, 13, 13, 13, 13, 14, 13, 14, 14, 13, 13, 14, 15, 14, 14, 14, 14, 14, 15, 13, 14, 13, 14, 16, 14, 13, 13, 15, 13, 13, 15, 13, 15, 16, 14, 13, 16, 13, 14, 13, 14, 13, 15, 14, 14, 16, 14, 16, 15, 13, 15, 13, 13, 15, 14, 13, 14, 14, 14, 14, 15, 16, 15, 14, 13, 13, 13, 13, 14, 15, 15, 14, 13, 14, 14, 14, 13, 13, 13, 14, 13, 15, 15, 13, 13, 13, 13, 14, 13, 15, 13, 14, 15, 14, 15, 13, 14, 13, 14, 14, 14, 13, 13, 15, 14, 13, 15, 14, 15, 13, 13, 13, 13, 13, 18, 14, 14, 13, 13, 13, 13, 14, 13, 16, 13, 13, 15, 14, 13, 16, 15, 14, 14, 14, 13, 16, 16, 14, 14, 13, 13, 13, 14, 15, 16, 14, 14, 13, 13, 15, 13, 15, 14, 14, 13, 15, 13, 13, 15, 13, 13, 13, 14, 14, 13, 14, 16, 13, 13, 14, 13, 13, 14, 14, 15, 13, 13, 15, 13, 14, 14, 14, 14, 14, 14, 14, 14, 13, 13, 13, 13, 14, 16, 15, 14, 16, 17, 14, 13, 17, 13, 13, 13, 13, 17, 13, 14, 15, 14, 13, 14, 18, 13, 14, 13, 16, 16, 14, 14, 13, 13, 13, 14, 13, 13, 13, 15, 14, 13, 13, 14, 14, 15, 13, 14, 13, 14, 14, 14, 13, 15, 14, 13, 15, 13, 16, 14, 13, 13, 13, 14, 16, 14, 14, 14, 13, 13, 13, 17, 13, 14, 15, 13, 13, 16, 13, 14, 18, 13, 13, 16, 13, 13, 14, 13, 14, 14, 14, 13, 13, 16, 13, 13, 15, 13, 14, 15, 14, 14, 16, 14, 14, 15, 16, 14, 13, 13, 13, 13, 14, 13, 13, 13, 14, 14, 13, 15, 14, 16, 14, 13, 13, 13, 13, 17, 14, 16, 14, 14, 13, 14, 14, 14, 14, 13, 14, 14, 14, 16, 14, 14, 16, 13, 14, 13, 13, 14, 14, 13, 14, 14, 14, 16, 15, 15, 13, 15, 13, 14, 13, 13, 13, 13, 14, 13, 14, 15, 13, 14, 14, 14, 13, 13, 13, 13, 16, 14, 13, 13, 15, 15, 13, 14, 13, 13, 14, 14, 14, 14, 14, 13, 14, 14, 16, 14, 14, 15, 13, 15, 14, 13, 13, 13, 13, 13, 13, 15, 14, 14, 13, 13, 14, 13, 13, 13, 16, 14, 14, 14, 14, 14, 14, 13, 13, 14, 13, 14, 14, 14, 17, 13, 13, 14, 15, 16, 14, 14, 13, 14, 13, 14, 14, 13, 13, 13, 13, 13, 17, 16, 14, 15, 14, 15, 14, 15, 13, 14, 13, 15, 14, 14, 15, 17, 14, 15, 13, 13, 13, 13, 13, 14, 13, 14, 13, 13, 15, 14, 14, 13, 13, 13, 15, 15, 14, 14, 14, 14, 15, 14, 13, 13, 15, 16, 13, 13, 16, 14, 15, 13, 13, 14, 14, 14, 14, 13, 15, 13, 13, 18, 13, 14, 13, 13, 14, 15, 14, 15, 14, 16, 14, 13, 14, 14, 15, 14, 14, 14, 15, 15, 15, 14, 13, 16, 14, 13, 14, 14, 15, 13, 16, 13, 14, 14, 14, 13, 14, 15, 13, 18, 15, 14, 15, 14, 13, 14, 13, 17, 13, 15, 15, 15, 14, 14, 14, 15, 13, 14, 13, 15, 14, 15, 13, 13, 16, 13, 13, 14, 13, 14, 14, 17, 15, 15, 13, 15, 14, 13, 14, 15, 13, 14, 14, 13, 14, 15, 13, 14, 14, 14, 14, 16, 15, 15, 13, 14, 13, 14, 15, 15, 13, 14, 13, 16, 15, 14, 14, 14, 13, 13, 13, 13, 13, 13, 16, 13, 13, 14, 16, 13, 15, 13, 13, 16, 14, 15, 14, 14, 13, 14, 14, 13, 16, 13, 13, 13, 14, 13, 14, 14, 15, 16, 13, 13, 14, 13, 14, 13, 13, 13, 13, 13, 15, 13, 14, 13, 15, 14, 15, 13, 13, 14, 13, 14, 13, 14, 13, 13, 16, 14, 13, 14, 13, 15, 13, 16, 16, 13, 13, 14, 14, 14, 13, 13, 15, 13, 14, 13, 14, 13, 14, 15, 16, 14, 14, 13, 14, 13, 14, 14, 13, 15, 13, 14, 15, 14, 14, 13, 13, 13, 13, 13, 14, 15, 14, 14, 13, 14, 13, 14, 13, 14, 15, 13, 14, 13, 15, 13, 13, 13, 13, 14, 14, 15, 18, 13, 15, 13, 14, 13, 15, 16, 14, 13, 13, 13, 14, 17, 13, 13, 14, 15, 15, 13, 13, 15, 14, 14, 15, 13, 14, 14, 14, 13, 16, 15, 13, 13, 16, 13, 14, 16, 13, 14, 14, 13, 13, 13, 14, 13, 14, 13, 14, 14, 13, 13, 13, 13, 16, 14, 14, 14, 15, 13, 13, 13, 13, 13, 14, 16, 14, 13, 15, 13, 14, 14, 14, 14, 14, 13, 13, 14, 15, 13, 14, 15, 15, 15, 14, 13, 15, 14, 17, 14, 15, 15, 14, 13, 15, 15, 13, 15, 13, 17, 15, 16, 14, 13, 13, 15, 13, 14, 14, 14, 13, 15, 14, 14, 14, 13, 13, 13, 13, 14, 13, 15, 13, 13, 13, 14, 13, 13, 15, 15, 16, 13, 14, 13, 14, 13, 14, 13, 13, 15, 15, 15, 13, 15, 14, 13, 13, 15, 16, 13, 13, 14, 14, 15, 15, 15, 14, 14, 13, 15, 15, 13, 14, 14, 13, 13, 14, 16, 15, 13, 14, 15, 13, 14, 16, 14, 14, 13, 14, 13, 13, 13, 14, 13, 13, 13, 14, 15, 13, 13, 15, 15, 17, 13, 13, 13, 14, 14, 13, 15, 14, 14, 14, 13, 14, 13, 14, 14, 14, 13, 13, 14, 14, 14, 14, 14, 13, 14, 13, 13, 13, 13, 14, 14, 14, 13, 13, 14, 17, 14, 15, 13, 13, 13, 14]

Mean:13.942
Median:14.0
Mode:13
Seed:940


[0, 4, 0, 9, 1, 4, 0, 1, 8, 3, 10, 4, 2, 6, 7, 9, 4, 2, 10, 4, 1, 4, 2, 2, 7, 8, 1, 0, 6, 4, 6, 2, 4, 6, 1, 10, 4, 6, 11, 5, 4, 2, 3, 8, 8, 6, 6, 1, 0, 5, 5, 7, 4, 8, 5, 4, 9, 13, 6, 6, 10, 2, 7, 5, 6, 7, 4, 0, 5, 5, 7, 2, 4, 1, 0, 0, 2, 6, 5, 5, 5, 10, 4, 6, 5, 5, 1, 0, 5, 8, 7, 6, 1, 10, 1, 3, 7, 10, 5, 1, 3, 2, 4, 1, 1, 3, 2, 3, 2, 0, 0, 10, 3, 11, 6, 7, 3, 0, 8, 6, 2, 4, 1, 7, 5, 10, 10, 13, 3, 4, 0, 1, 1, 3, 8, 0, 7, 6, 0, 8, 3, 8, 4, 3, 6, 11, 9, 1, 11, 4, 0, 3, 4, 3, 7, 1, 6, 1, 1, 8, 5, 5, 4, 2, 1, 1, 2, 4, 0, 4, 11, 5, 0, 2, 11, 3, 0, 3, 2, 6, 9, 5, 1, 2, 1, 1, 3, 0, 4, 2, 1, 3, 4, 13, 2, 1, 5, 0, 0, 2, 2, 3, 6, 3, 9, 1, 1, 6, 1, 4, 4, 3, 6, 10, 3, 7, 0, 3, 1, 4, 15, 4, 1, 10, 8, 10, 3, 0, 7, 0, 12, 3, 3, 7, 10, 3, 11, 2, 3, 3, 10, 2, 9, 4, 7, 5, 3, 7, 12, 1, 1, 8, 6, 10, 0, 2, 2, 4, 0, 3, 1, 1, 0, 1, 6, 6, 3, 5, 5, 1, 4, 0, 2, 2, 2, 0, 8, 1, 1, 3, 1, 2, 4, 14, 4, 0, 2, 10, 11, 1, 6, 1, 3, 1, 9, 1, 4, 14, 5, 6, 1, 6, 6, 7, 6, 0, 6, 1, 4, 2, 1, 1, 1, 5, 5, 6, 1, 0, 0, 7, 0, 1, 3, 1, 12, 1, 1, 1, 8, 6, 10, 5, 8, 11, 3, 10, 0, 8, 1, 1, 6, 3, 8, 8, 0, 0, 0, 9, 2, 2, 8, 3, 13, 1, 6, 5, 5, 0, 12, 8, 0, 7, 1, 5, 1, 3, 0, 3, 5, 2, 5, 2, 1, 2, 4, 2, 8, 3, 2, 1, 2, 5, 11, 3, 3, 10, 2, 7, 13, 9, 2, 2, 4, 7, 0, 6, 0, 5, 5, 5, 12, 8, 8, 7, 2, 2, 1, 3, 4, 8, 0, 0, 3, 5, 8, 4, 0, 6, 7, 5, 8, 1, 1, 0, 8, 1, 4, 11, 7, 7, 2, 0, 8, 1, 7, 2, 1, 3, 0, 2, 7, 5, 3, 7, 0, 12, 10, 0, 3, 3, 7, 1, 4, 6, 1, 10, 13, 2, 3, 6, 4, 9, 8, 4, 0, 1, 11, 4, 5, 9, 8, 2, 12, 0, 2, 0, 2, 3, 3, 1, 2, 2, 2, 9, 7, 1, 1, 1, 3, 1, 4, 9, 2, 1, 1, 3, 3, 5, 12, 5, 4, 10, 2, 4, 2, 5, 3, 3, 7, 1, 3, 5, 1, 7, 4, 1, 1, 2, 3, 1, 0, 7, 12, 6, 0, 10, 0, 5, 13, 1, 10, 7, 13, 7, 3, 0, 9, 3, 2, 0, 5, 0, 5, 3, 2, 2, 1, 8, 5, 6, 0, 1, 11, 4, 7, 3, 9, 1, 1, 0, 5, 8, 1, 0, 9, 11, 2, 0, 6, 3, 4, 1, 1, 2, 2, 5, 3, 4, 0, 7, 0, 7, 1, 2, 1, 1, 0, 4, 6, 6, 7, 4, 1, 1, 2, 5, 5, 2, 3, 5, 7, 2, 1, 1, 8, 3, 3, 1, 4, 3, 0, 5, 1, 0, 8, 1, 0, 3, 3, 10, 8, 8, 5, 0, 3, 8, 4, 1, 4, 2, 3, 10, 3, 8, 3, 5, 3, 2, 8, 6, 5, 9, 2, 7, 0, 6, 2, 4, 4, 2, 12, 3, 5, 1, 1, 0, 0, 10, 3, 10, 9, 5, 0, 1, 10, 9, 10, 12, 0, 0, 6, 4, 11, 5, 0, 2, 4, 2, 7, 4, 7, 5, 2, 7, 1, 0, 4, 4, 4, 1, 5, 2, 3, 2, 8, 4, 1, 5, 8, 4, 1, 7, 8, 0, 6, 7, 5, 1, 7, 7, 1, 2, 0, 12, 3, 2, 3, 10, 0, 1, 2, 1, 6, 0, 9, 1, 3, 6, 0, 9, 6, 2, 6, 13, 8, 11, 0, 1, 1, 1, 1, 3, 2, 3, 0, 2, 0, 7, 0, 2, 6, 8, 10, 8, 5, 5, 5, 7, 4, 0, 9, 7, 5, 6, 3, 4, 5, 1, 2, 1, 0, 15, 7, 5, 5, 1, 9, 0, 5, 0, 0, 5, 1, 5, 12, 9, 1, 1, 0, 11, 6, 1, 11, 8, 8, 4, 6, 11, 6, 8, 1, 6, 9, 3, 2, 1, 2, 1, 9, 12, 7, 3, 2, 11, 7, 2, 0, 4, 2, 5, 4, 0, 5, 1, 8, 7, 1, 7, 1, 2, 6, 2, 1, 0, 2, 7, 3, 5, 10, 2, 5, 0, 4, 7, 2, 5, 13, 3, 1, 1, 1, 3, 7, 2, 10, 2, 7, 2, 1, 10, 5, 7, 2, 1, 4, 8, 10, 2, 11, 2, 1, 1, 1, 3, 2, 3, 4, 0, 9, 2, 6, 6, 6, 2, 6, 8, 3, 10, 10, 2, 3, 8, 2, 0, 3, 3, 7, 2, 0, 2, 10, 2, 3, 5, 0, 3, 2, 1, 0, 5, 4, 3, 6, 7, 3, 1, 2, 1, 2, 3, 0, 5, 8, 11, 3, 1, 7, 0, 11, 2, 2, 4, 2, 0, 3, 1, 5, 1, 9, 5, 3, 0, 3, 7, 1, 6, 2, 2, 11, 2, 0, 1, 5, 0, 4, 4, 7, 3, 10, 4, 1, 4, 5, 3, 6, 4, 6, 7, 4, 4, 9, 3, 1, 0, 5, 1, 1, 6, 6, 3, 9, 1, 8, 2, 0, 4, 1, 9, 11, 9, 8, 6, 5, 2, 3, 0, 3, 0, 3, 6]

Mean:4.212
Median:3.0
Mode:1
Seed:720


[12, 13, 8, 4, 11, 1, 11, 1, 11, 13, 2, 8, 11, 10, 15, 0, 5, 12, 0, 11, 12, 11, 0, 9, 3, 13, 2, 1, 12, 2, 12, 8, 0, 4, 8, 11, 12, 7, 11, 5, 9, 7, 9, 9, 1, 12, 10, 1, 11, 5, 11, 5, 0, 11, 3, 11, 10, 13, 12, 12, 0, 11, 13, 8, 3, 4, 10, 11, 7, 12, 11, 3, 7, 10, 5, 4, 3, 13, 12, 14, 9, 3, 6, 11, 13, 14, 11, 10, 3, 3, 5, 1, 4, 10, 8, 5, 0, 13, 11, 8, 13, 0, 11, 4, 12, 11, 11, 11, 12, 1, 12, 15, 13, 12, 4, 7, 11, 11, 14, 13, 13, 11, 12, 1, 12, 13, 11, 1, 11, 13, 0, 2, 13, 15, 10, 0, 2, 12, 13, 4, 11, 2, 1, 11, 8, 3, 14, 9, 5, 12, 11, 4, 12, 6, 6, 5, 11, 11, 4, 11, 11, 12, 13, 11, 1, 12, 11, 7, 11, 11, 11, 12, 11, 6, 12, 9, 11, 11, 11, 11, 11, 13, 4, 11, 0, 9, 12, 1, 4, 0, 11, 5, 11, 11, 5, 2, 11, 11, 11, 11, 15, 6, 12, 2, 0, 3, 6, 13, 1, 6, 11, 13, 7, 12, 1, 0, 2, 2, 11, 1, 8, 2, 11, 8, 13, 12, 15, 12, 11, 1, 3, 4, 11, 13, 13, 11, 4, 8, 11, 7, 12, 11, 6, 0, 3, 11, 4, 0, 12, 11, 0, 8, 14, 1, 13, 11, 11, 11, 6, 6, 0, 11, 3, 4, 11, 4, 13, 5, 14, 8, 7, 10, 12, 11, 13, 12, 2, 9, 12, 12, 1, 5, 5, 3, 12, 12, 4, 2, 11, 2, 0, 13, 13, 2, 0, 11, 4, 2, 11, 10, 12, 11, 12, 4, 11, 14, 13, 11, 1, 1, 4, 10, 2, 8, 10, 13, 11, 1, 3, 4, 13, 12, 0, 4, 2, 12, 1, 12, 13, 13, 6, 12, 13, 0, 12, 12, 6, 11, 7, 14, 3, 3, 13, 11, 13, 4, 11, 14, 11, 6, 8, 12, 11, 4, 3, 12, 3, 12, 2, 13, 11, 11, 12, 11, 6, 4, 0, 7, 11, 7, 13, 2, 11, 12, 12, 13, 1, 0, 5, 2, 11, 12, 4, 5, 11, 10, 1, 12, 4, 11, 3, 13, 11, 14, 5, 11, 1, 10, 11, 12, 1, 1, 1, 12, 11, 2, 12, 5, 12, 7, 6, 9, 1, 1, 11, 0, 12, 4, 11, 13, 4, 11, 12, 11, 13, 8, 12, 9, 13, 11, 13, 3, 9, 4, 15, 11, 11, 11, 5, 5, 4, 12, 14, 1, 3, 9, 5, 5, 13, 0, 3, 13, 7, 12, 11, 11, 0, 13, 11, 2, 11, 1, 11, 5, 1, 12, 11, 11, 12, 6, 13, 11, 13, 13, 11, 0, 13, 11, 14, 5, 1, 12, 11, 11, 4, 6, 4, 1, 6, 13, 11, 12, 3, 1, 13, 2, 12, 12, 4, 5, 12, 13, 3, 6, 8, 13, 11, 12, 0, 15, 1, 12, 6, 4, 4, 8, 14, 13, 0, 3, 11, 11, 10, 12, 3, 4, 11, 1, 3, 12, 6, 4, 5, 2, 6, 2, 1, 11, 12, 12, 11, 10, 12, 14, 1, 5, 11, 12, 11, 12, 12, 11, 5, 10, 6, 5, 5, 11, 11, 0, 3, 11, 0, 11, 10, 11, 14, 11, 4, 6, 6, 3, 12, 12, 14, 10, 3, 7, 6, 1, 3, 3, 4, 5, 6, 12, 13, 12, 11, 13, 12, 6, 14, 6, 1, 11, 11, 11, 2, 11, 3, 13, 1, 2, 9, 1, 11, 4, 5, 6, 11, 2, 1, 12, 13, 7, 11, 3, 13, 3, 12, 12, 0, 11, 6, 11, 2, 5, 0, 3, 13, 11, 15, 2, 12, 11, 10, 1, 15, 11, 0, 5, 11, 0, 9, 13, 12, 11, 2, 12, 6, 8, 11, 1, 12, 13, 1, 5, 3, 4, 13, 9, 12, 11, 8, 10, 13, 0, 11, 3, 2, 0, 1, 4, 0, 0, 12, 3, 13, 4, 13, 1, 13, 12, 13, 3, 5, 1, 11, 16, 4, 9, 12, 12, 1, 6, 12, 1, 13, 15, 11, 13, 11, 11, 0, 0, 2, 0, 0, 0, 12, 11, 5, 3, 8, 12, 6, 7, 5, 2, 11, 4, 12, 12, 13, 0, 2, 13, 2, 3, 1, 4, 6, 12, 13, 11, 0, 5, 12, 2, 1, 11, 12, 7, 3, 12, 13, 6, 4, 14, 0, 8, 11, 13, 11, 6, 10, 14, 14, 13, 13, 13, 13, 11, 7, 4, 2, 13, 0, 14, 1, 11, 5, 6, 11, 11, 0, 0, 13, 3, 3, 11, 7, 1, 3, 3, 0, 1, 3, 11, 12, 7, 12, 2, 11, 13, 11, 13, 4, 5, 11, 14, 4, 8, 1, 11, 12, 12, 12, 11, 12, 12, 3, 12, 3, 11, 3, 10, 5, 13, 16, 1, 13, 10, 11, 15, 1, 11, 0, 12, 7, 5, 1, 13, 0, 8, 4, 2, 4, 2, 0, 10, 6, 9, 12, 12, 3, 1, 2, 2, 11, 4, 13, 3, 1, 3, 11, 13, 14, 11, 0, 2, 0, 7, 11, 2, 13, 1, 7, 5, 11, 11, 0, 6, 11, 1, 9, 12, 14, 3, 4, 8, 6, 0, 13, 12, 1, 4, 2, 3, 4, 5, 9, 2, 12, 2, 10, 0, 11, 0, 8, 1, 3, 11, 11, 13, 1, 1, 6, 0, 11, 6, 8, 4, 3, 13, 12, 6, 10, 11, 6, 12, 2, 5, 2, 11, 5, 12, 11, 2, 2, 7, 11, 11, 12, 8, 11, 14, 11, 13, 1, 0, 11, 5, 13, 13, 0, 11, 13, 12, 12, 11, 1, 5, 11, 13, 0, 4, 12, 11, 1, 3, 15, 14, 2, 11, 3, 13, 4, 3, 14, 6, 12, 3, 2, 5, 11, 16, 11, 4, 13, 11, 3, 11, 13, 9, 11, 12, 11, 11, 2, 5, 14, 14, 0, 12, 5, 1, 12, 13]

Mean:7.775
Median:10.0
Mode:11
Seed:160


[15, 13, 14, 14, 13, 14, 13, 13, 14, 14, 16, 13, 15, 15, 13, 14, 14, 14, 15, 13, 13, 13, 13, 14, 15, 14, 13, 14, 14, 14, 13, 14, 13, 13, 13, 13, 13, 14, 13, 14, 14, 13, 13, 14, 15, 14, 14, 14, 14, 14, 15, 13, 14, 13, 14, 16, 14, 13, 13, 15, 13, 13, 15, 13, 15, 16, 14, 13, 16, 13, 14, 13, 14, 13, 15, 14, 14, 16, 14, 16, 15, 13, 15, 13, 13, 15, 14, 13, 14, 14, 14, 14, 15, 16, 15, 14, 13, 13, 13, 13, 14, 15, 15, 14, 13, 14, 14, 14, 13, 13, 13, 14, 13, 15, 15, 13, 13, 13, 13, 14, 13, 15, 13, 14, 15, 14, 15, 13, 14, 13, 14, 14, 14, 13, 13, 15, 14, 13, 15, 14, 15, 13, 13, 13, 13, 13, 18, 14, 14, 13, 13, 13, 13, 14, 13, 16, 13, 13, 15, 14, 13, 16, 15, 14, 14, 14, 13, 16, 16, 14, 14, 13, 13, 13, 14, 15, 16, 14, 14, 13, 13, 15, 13, 15, 14, 14, 13, 15, 13, 13, 15, 13, 13, 13, 14, 14, 13, 14, 16, 13, 13, 14, 13, 13, 14, 14, 15, 13, 13, 15, 13, 14, 14, 14, 14, 14, 14, 14, 14, 13, 13, 13, 13, 14, 16, 15, 14, 16, 17, 14, 13, 17, 13, 13, 13, 13, 17, 13, 14, 15, 14, 13, 14, 18, 13, 14, 13, 16, 16, 14, 14, 13, 13, 13, 14, 13, 13, 13, 15, 14, 13, 13, 14, 14, 15, 13, 14, 13, 14, 14, 14, 13, 15, 14, 13, 15, 13, 16, 14, 13, 13, 13, 14, 16, 14, 14, 14, 13, 13, 13, 17, 13, 14, 15, 13, 13, 16, 13, 14, 18, 13, 13, 16, 13, 13, 14, 13, 14, 14, 14, 13, 13, 16, 13, 13, 15, 13, 14, 15, 14, 14, 16, 14, 14, 15, 16, 14, 13, 13, 13, 13, 14, 13, 13, 13, 14, 14, 13, 15, 14, 16, 14, 13, 13, 13, 13, 17, 14, 16, 14, 14, 13, 14, 14, 14, 14, 13, 14, 14, 14, 16, 14, 14, 16, 13, 14, 13, 13, 14, 14, 13, 14, 14, 14, 16, 15, 15, 13, 15, 13, 14, 13, 13, 13, 13, 14, 13, 14, 15, 13, 14, 14, 14, 13, 13, 13, 13, 16, 14, 13, 13, 15, 15, 13, 14, 13, 13, 14, 14, 14, 14, 14, 13, 14, 14, 16, 14, 14, 15, 13, 15, 14, 13, 13, 13, 13, 13, 13, 15, 14, 14, 13, 13, 14, 13, 13, 13, 16, 14, 14, 14, 14, 14, 14, 13, 13, 14, 13, 14, 14, 14, 17, 13, 13, 14, 15, 16, 14, 14, 13, 14, 13, 14, 14, 13, 13, 13, 13, 13, 17, 16, 14, 15, 14, 15, 14, 15, 13, 14, 13, 15, 14, 14, 15, 17, 14, 15, 13, 13, 13, 13, 13, 14, 13, 14, 13, 13, 15, 14, 14, 13, 13, 13, 15, 15, 14, 14, 14, 14, 15, 14, 13, 13, 15, 16, 13, 13, 16, 14, 15, 13, 13, 14, 14, 14, 14, 13, 15, 13, 13, 18, 13, 14, 13, 13, 14, 15, 14, 15, 14, 16, 14, 13, 14, 14, 15, 14, 14, 14, 15, 15, 15, 14, 13, 16, 14, 13, 14, 14, 15, 13, 16, 13, 14, 14, 14, 13, 14, 15, 13, 18, 15, 14, 15, 14, 13, 14, 13, 17, 13, 15, 15, 15, 14, 14, 14, 15, 13, 14, 13, 15, 14, 15, 13, 13, 16, 13, 13, 14, 13, 14, 14, 17, 15, 15, 13, 15, 14, 13, 14, 15, 13, 14, 14, 13, 14, 15, 13, 14, 14, 14, 14, 16, 15, 15, 13, 14, 13, 14, 15, 15, 13, 14, 13, 16, 15, 14, 14, 14, 13, 13, 13, 13, 13, 13, 16, 13, 13, 14, 16, 13, 15, 13, 13, 16, 14, 15, 14, 14, 13, 14, 14, 13, 16, 13, 13, 13, 14, 13, 14, 14, 15, 16, 13, 13, 14, 13, 14, 13, 13, 13, 13, 13, 15, 13, 14, 13, 15, 14, 15, 13, 13, 14, 13, 14, 13, 14, 13, 13, 16, 14, 13, 14, 13, 15, 13, 16, 16, 13, 13, 14, 14, 14, 13, 13, 15, 13, 14, 13, 14, 13, 14, 15, 16, 14, 14, 13, 14, 13, 14, 14, 13, 15, 13, 14, 15, 14, 14, 13, 13, 13, 13, 13, 14, 15, 14, 14, 13, 14, 13, 14, 13, 14, 15, 13, 14, 13, 15, 13, 13, 13, 13, 14, 14, 15, 18, 13, 15, 13, 14, 13, 15, 16, 14, 13, 13, 13, 14, 17, 13, 13, 14, 15, 15, 13, 13, 15, 14, 14, 15, 13, 14, 14, 14, 13, 16, 15, 13, 13, 16, 13, 14, 16, 13, 14, 14, 13, 13, 13, 14, 13, 14, 13, 14, 14, 13, 13, 13, 13, 16, 14, 14, 14, 15, 13, 13, 13, 13, 13, 14, 16, 14, 13, 15, 13, 14, 14, 14, 14, 14, 13, 13, 14, 15, 13, 14, 15, 15, 15, 14, 13, 15, 14, 17, 14, 15, 15, 14, 13, 15, 15, 13, 15, 13, 17, 15, 16, 14, 13, 13, 15, 13, 14, 14, 14, 13, 15, 14, 14, 14, 13, 13, 13, 13, 14, 13, 15, 13, 13, 13, 14, 13, 13, 15, 15, 16, 13, 14, 13, 14, 13, 14, 13, 13, 15, 15, 15, 13, 15, 14, 13, 13, 15, 16, 13, 13, 14, 14, 15, 15, 15, 14, 14, 13, 15, 15, 13, 14, 14, 13, 13, 14, 16, 15, 13, 14, 15, 13, 14, 16, 14, 14, 13, 14, 13, 13, 13, 14, 13, 13, 13, 14, 15, 13, 13, 15, 15, 17, 13, 13, 13, 14, 14, 13, 15, 14, 14, 14, 13, 14, 13, 14, 14, 14, 13, 13, 14, 14, 14, 14, 14, 13, 14, 13, 13, 13, 13, 14, 14, 14, 13, 13, 14, 17, 14, 15, 13, 13, 13, 14]

Mean:13.942
Median:14.0
Mode:13
Seed:940


[36, 45, 45, 49, 28, 15, 40, 46, 53, 37, 49, 58, 50, 1, 58, 21, 54, 40, 44, 38, 38, 42, 32, 39, 12, 47, 53, 50, 27, 35, 32, 44, 8, 54, 40, 35, 40, 52, 13, 31, 21, 36, 35, 54, 38, 19, 10, 19, 40, 42, 10, 32, 36, 42, 15, 66, 40, 35, 38, 40, 3, 15, 34, 40, 53, 49, 36, 39, 41, 45, 18, 13, 49, 53, 48, 33, 55, 33, 52, 33, 37, 19, 48, 41, 38, 34, 8, 9, 44, 33, 45, 38, 45, 44, 51, 48, 43, 39, 46, 49, 31, 19, 37, 38, 27, 35, 44, 16, 47, 11, 16, 56, 46, 50, 52, 16, 51, 37, 7, 13, 36, 48, 43, 35, 34, 59, 40, 55, 60, 6, 41, 57, 38, 18, 54, 38, 10, 62, 38, 20, 27, 57, 16, 53, 56, 38, 63, 41, 41, 62, 37, 35, 16, 42, 37, 1, 37, 39, 13, 48, 10, 21, 20, 33, 27, 50, 33, 42, 15, 25, 25, 36, 34, 38, 15, 5, 38, 51, 34, 26, 52, 34, 21, 37, 41, 45, 45, 53, 53, 26, 28, 46, 47, 22, 35, 25, 52, 48, 41, 50, 19, 53, 51, 38, 41, 44, 37, 39, 16, 43, 51, 37, 38, 43, 47, 43, 56, 53, 43, 35, 15, 4, 8, 10, 17, 54, 40, 6, 32, 37, 51, 14, 38, 54, 43, 4, 47, 57, 42, 33, 17, 42, 51, 34, 26, 35, 36, 13, 2, 34, 46, 45, 35, 38, 27, 50, 33, 45, 19, 19, 51, 18, 51, 45, 52, 12, 45, 18, 36, 44, 50, 43, 27, 34, 34, 15, 33, 44, 51, 34, 42, 37, 37, 48, 19, 55, 40, 54, 48, 39, 43, 50, 44, 20, 13, 19, 54, 58, 40, 23, 62, 43, 40, 42, 39, 59, 34, 37, 34, 12, 34, 38, 48, 46, 43, 42, 27, 36, 39, 8, 39, 36, 60, 43, 41, 51, 31, 2, 19, 38, 2, 43, 25, 28, 52, 15, 34, 38, 39, 44, 16, 47, 48, 46, 4, 41, 52, 34, 46, 73, 35, 41, 38, 60, 10, 46, 50, 5, 48, 49, 40, 38, 53, 46, 11, 39, 40, 45, 45, 49, 58, 40, 41, 49, 2, 25, 52, 30, 25, 18, 37, 53, 44, 37, 41, 40, 45, 35, 39, 74, 41, 34, 26, 55, 37, 35, 55, 37, 14, 22, 35, 19, 43, 45, 33, 33, 41, 41, 57, 34, 43, 41, 43, 9, 41, 39, 37, 41, 35, 38, 44, 49, 21, 47, 10, 48, 46, 39, 45, 34, 41, 50, 50, 48, 28, 36, 57, 39, 45, 33, 58, 43, 37, 35, 50, 56, 35, 55, 42, 27, 45, 42, 13, 22, 40, 54, 39, 43, 47, 50, 34, 61, 40, 18, 38, 36, 41, 20, 52, 24, 6, 53, 34, 35, 43, 38, 50, 30, 1, 38, 57, 35, 15, 45, 4, 35, 43, 41, 42, 39, 51, 11, 35, 53, 35, 42, 18, 23, 52, 45, 8, 41, 29, 49, 38, 49, 28, 54, 56, 28, 42, 3, 36, 52, 15, 14, 44, 41, 52, 42, 33, 33, 46, 39, 49, 18, 40, 54, 33, 42, 38, 36, 2, 5, 35, 48, 18, 46, 62, 36, 1, 63, 15, 34, 35, 43, 15, 35, 47, 49, 39, 2, 40, 42, 47, 42, 16, 44, 45, 48, 43, 55, 55, 56, 33, 41, 35, 24, 33, 34, 36, 37, 35, 33, 47, 38, 26, 48, 49, 46, 16, 54, 30, 43, 43, 40, 23, 2, 44, 45, 56, 52, 43, 45, 25, 5, 39, 35, 42, 46, 16, 35, 20, 34, 39, 53, 7, 12, 51, 20, 36, 39, 33, 50, 39, 35, 50, 23, 40, 51, 58, 55, 7, 20, 52, 39, 29, 41, 57, 48, 7, 51, 37, 49, 34, 33, 40, 38, 39, 38, 31, 43, 19, 13, 45, 53, 38, 35, 16, 33, 54, 35, 46, 55, 35, 38, 53, 39, 36, 53, 56, 21, 22, 49, 45, 20, 35, 25, 50, 54, 42, 17, 33, 13, 53, 39, 41, 34, 37, 59, 47, 47, 42, 38, 48, 8, 26, 12, 53, 55, 3, 46, 36, 51, 25, 21, 49, 45, 39, 37, 40, 33, 34, 36, 40, 46, 53, 3, 46, 63, 28, 43, 45, 44, 43, 20, 39, 16, 17, 34, 44, 38, 42, 42, 35, 53, 33, 52, 42, 21, 46, 50, 59, 39, 53, 41, 55, 37, 33, 41, 28, 25, 41, 38, 54, 26, 43, 24, 40, 13, 33, 33, 41, 33, 17, 42, 1, 52, 42, 36, 38, 45, 41, 13, 51, 51, 1, 54, 51, 49, 64, 42, 19, 44, 36, 7, 3, 43, 40, 36, 27, 35, 51, 45, 29, 53, 54, 42, 18, 15, 9, 55, 54, 56, 42, 39, 58, 55, 21, 42, 47, 48, 36, 40, 17, 15, 33, 49, 43, 19, 22, 37, 45, 37, 53, 33, 15, 50, 45, 25, 47, 31, 40, 27, 57, 51, 33, 41, 42, 52, 35, 39, 21, 37, 37, 41, 44, 7, 47, 34, 33, 48, 41, 50, 39, 45, 40, 43, 33, 45, 48, 38, 55, 52, 36, 50, 15, 16, 41, 54, 54, 13, 45, 51, 32, 44, 2, 44, 49, 33, 15, 21, 13, 41, 49, 44, 14, 50, 17, 55, 54, 44, 43, 51, 49, 42, 17, 53, 40, 48, 9, 39, 15, 35, 19, 52, 39, 45, 36, 37, 41, 47, 51, 7, 13, 29, 47, 24, 48, 47, 6, 37, 51, 49, 63, 45, 52, 44, 54, 40, 45, 19, 66, 37, 38, 38, 4, 4, 42, 39, 46, 27, 2, 44, 45, 21, 45, 7, 55, 56, 7, 16, 45, 42, 18, 49, 50, 7, 50, 15, 34, 39, 45, 49, 41, 53, 35, 39, 50, 38, 4, 49, 40, 37, 40, 48, 4, 39, 53, 11, 38, 9, 37, 54, 39, 16, 50, 39, 52, 38, 37, 53, 37, 7, 43, 10, 53, 48, 38, 43, 37, 51, 60, 34, 16, 36, 59, 46, 42, 2]

Mean:36.99
Median:39.0
Mode:38
Seed:290


[14, 15, 16, 14, 15, 16, 17, 14, 16, 14, 15, 14, 18, 16, 15, 19, 14, 16, 14, 14, 15, 14, 15, 15, 15, 14, 15, 14, 17, 15, 14, 15, 18, 16, 16, 16, 14, 14, 18, 15, 15, 14, 14, 15, 15, 15, 15, 15, 15, 14, 15, 16, 15, 14, 15, 15, 15, 15, 15, 17, 15, 14, 14, 14, 14, 15, 15, 15, 14, 14, 16, 14, 16, 14, 15, 16, 15, 15, 15, 15, 14, 17, 15, 14, 14, 14, 16, 15, 15, 15, 15, 17, 16, 15, 15, 15, 16, 14, 16, 15, 14, 14, 14, 15, 14, 16, 14, 15, 15, 14, 16, 14, 16, 15, 15, 14, 15, 15, 16, 16, 15, 14, 15, 15, 15, 14, 14, 15, 14, 14, 14, 14, 15, 14, 15, 14, 15, 14, 15, 16, 14, 15, 15, 16, 14, 14, 15, 16, 14, 14, 14, 15, 14, 14, 15, 14, 14, 14, 14, 15, 14, 15, 16, 14, 16, 15, 14, 14, 15, 14, 15, 15, 14, 16, 14, 14, 14, 15, 15, 14, 14, 18, 14, 14, 14, 15, 14, 15, 18, 14, 14, 14, 14, 14, 15, 14, 15, 15, 14, 14, 14, 14, 15, 15, 15, 14, 17, 14, 14, 14, 14, 14, 14, 14, 16, 16, 17, 14, 14, 14, 16, 17, 14, 15, 15, 15, 14, 15, 15, 15, 16, 14, 16, 15, 15, 15, 14, 15, 16, 14, 16, 15, 15, 14, 16, 14, 15, 14, 16, 14, 17, 14, 14, 16, 14, 15, 16, 14, 15, 15, 15, 15, 14, 15, 17, 14, 16, 17, 15, 16, 15, 15, 14, 15, 14, 14, 14, 14, 14, 15, 14, 15, 16, 16, 14, 16, 14, 14, 14, 14, 15, 15, 14, 15, 16, 15, 14, 14, 17, 16, 15, 14, 14, 16, 14, 16, 15, 15, 14, 15, 16, 14, 14, 14, 15, 15, 15, 15, 15, 14, 15, 15, 14, 15, 14, 15, 15, 14, 15, 15, 17, 15, 15, 14, 15, 16, 15, 14, 15, 14, 14, 16, 14, 14, 15, 14, 14, 15, 15, 14, 14, 14, 15, 15, 15, 15, 14, 14, 15, 15, 14, 15, 16, 14, 16, 15, 16, 14, 15, 16, 15, 16, 15, 14, 16, 14, 15, 14, 14, 15, 14, 15, 14, 15, 15, 14, 15, 15, 14, 15, 16, 17, 16, 14, 15, 14, 15, 16, 15, 15, 14, 14, 15, 17, 15, 14, 15, 14, 16, 14, 14, 14, 14, 14, 14, 15, 15, 16, 15, 15, 16, 16, 17, 14, 15, 14, 15, 15, 14, 15, 14, 16, 14, 15, 15, 14, 14, 16, 17, 14, 14, 14, 15, 15, 14, 16, 15, 17, 15, 15, 18, 16, 14, 15, 14, 16, 14, 15, 16, 17, 16, 16, 15, 15, 15, 16, 14, 17, 15, 14, 15, 15, 15, 14, 15, 14, 15, 15, 15, 17, 15, 16, 17, 15, 14, 15, 14, 15, 15, 15, 15, 15, 14, 16, 17, 14, 14, 14, 18, 14, 15, 14, 15, 15, 15, 15, 18, 17, 16, 14, 17, 15, 15, 14, 15, 14, 15, 15, 16, 15, 15, 15, 14, 16, 14, 14, 15, 15, 18, 15, 15, 14, 16, 15, 15, 17, 18, 15, 14, 14, 15, 16, 17, 16, 15, 15, 14, 16, 15, 15, 15, 14, 14, 14, 15, 14, 16, 14, 17, 14, 19, 16, 14, 16, 17, 16, 16, 15, 14, 15, 16, 17, 15, 15, 16, 14, 16, 15, 15, 15, 15, 15, 17, 14, 15, 14, 15, 14, 15, 15, 16, 16, 15, 14, 14, 14, 14, 14, 15, 14, 15, 14, 16, 15, 14, 15, 15, 15, 14, 15, 14, 14, 17, 17, 17, 17, 15, 15, 14, 14, 14, 14, 14, 15, 15, 16, 15, 16, 14, 14, 16, 15, 14, 16, 15, 14, 19, 14, 15, 14, 15, 15, 14, 14, 15, 15, 16, 14, 15, 14, 15, 15, 14, 15, 16, 14, 15, 15, 15, 14, 16, 15, 16, 15, 14, 16, 14, 14, 17, 17, 14, 15, 14, 14, 14, 16, 15, 14, 15, 14, 15, 15, 15, 15, 14, 17, 15, 16, 15, 16, 14, 14, 16, 15, 15, 14, 14, 14, 15, 14, 19, 14, 15, 14, 16, 14, 16, 14, 14, 16, 15, 14, 17, 14, 14, 14, 15, 15, 14, 14, 14, 15, 14, 14, 15, 15, 15, 15, 16, 15, 16, 14, 16, 15, 15, 15, 15, 16, 14, 14, 14, 14, 16, 14, 15, 14, 14, 16, 14, 14, 15, 17, 15, 14, 15, 15, 14, 14, 14, 14, 14, 17, 14, 15, 15, 14, 14, 14, 15, 14, 15, 15, 16, 14, 15, 15, 16, 15, 15, 15, 16, 15, 17, 16, 15, 15, 14, 14, 14, 15, 14, 14, 14, 14, 15, 15, 17, 15, 16, 17, 14, 15, 16, 15, 14, 14, 15, 14, 15, 16, 17, 16, 14, 15, 16, 16, 16, 16, 15, 14, 14, 15, 14, 15, 16, 15, 15, 14, 14, 15, 15, 14, 14, 14, 14, 16, 15, 14, 14, 14, 16, 14, 14, 14, 14, 14, 15, 15, 16, 14, 15, 16, 15, 14, 17, 15, 14, 14, 14, 14, 15, 14, 14, 17, 14, 15, 14, 15, 14, 14, 14, 15, 15, 15, 15, 14, 14, 15, 15, 14, 14, 15, 16, 15, 15, 14, 15, 14, 15, 15, 15, 17, 15, 15, 16, 14, 16, 16, 19, 14, 16, 14, 14, 16, 14, 16, 14, 15, 15, 14, 15, 14, 14, 14, 14, 15, 14, 14, 14, 16, 15, 16, 16, 16, 14, 15, 14, 15, 15, 15, 14, 14, 14, 16, 15, 14, 15, 16, 14, 14, 14, 15, 14, 15, 15, 15, 14, 14, 14, 15, 15, 14, 17, 14, 16, 14, 15, 16, 14, 16, 14, 17, 14, 17, 15, 14, 16, 17, 16, 15, 15, 15, 16, 14, 14, 14, 15, 15, 14, 16, 17, 14, 16, 15, 16, 16, 14, 15, 14, 14, 14, 14, 15, 14, 15, 16, 14, 16, 15, 15]

Mean:14.915
Median:15.0
Mode:14
Seed:851


[17, 15, 14, 15, 15, 14, 16, 15, 14, 15, 15, 16, 14, 16, 17, 15, 16, 16, 15, 15, 18, 14, 16, 15, 14, 14, 16, 16, 14, 15, 16, 15, 16, 14, 15, 14, 14, 15, 14, 15, 14, 16, 14, 15, 15, 15, 15, 14, 14, 15, 16, 15, 14, 14, 15, 14, 14, 14, 15, 16, 17, 17, 16, 17, 14, 16, 15, 16, 14, 14, 14, 15, 16, 14, 14, 15, 15, 14, 16, 14, 17, 14, 14, 14, 17, 15, 14, 14, 15, 14, 16, 14, 15, 15, 16, 16, 15, 14, 16, 15, 14, 16, 15, 14, 14, 14, 14, 17, 15, 14, 15, 15, 15, 14, 14, 17, 14, 14, 14, 17, 14, 14, 14, 16, 14, 15, 15, 14, 16, 17, 15, 14, 17, 17, 14, 16, 15, 14, 14, 17, 14, 15, 14, 16, 15, 14, 18, 16, 14, 14, 14, 14, 14, 15, 17, 16, 14, 16, 15, 16, 15, 18, 15, 14, 18, 14, 15, 16, 15, 15, 14, 14, 15, 14, 14, 15, 18, 15, 14, 14, 15, 14, 16, 14, 14, 14, 15, 14, 16, 15, 14, 14, 15, 15, 14, 15, 14, 16, 14, 15, 14, 16, 18, 15, 16, 15, 14, 15, 14, 16, 15, 16, 15, 14, 14, 16, 15, 14, 14, 17, 14, 15, 16, 14, 15, 15, 14, 15, 15, 15, 15, 15, 14, 15, 14, 16, 14, 15, 14, 15, 15, 14, 14, 14, 14, 14, 15, 15, 14, 15, 15, 14, 16, 14, 15, 15, 16, 14, 16, 15, 15, 15, 14, 16, 14, 15, 15, 15, 14, 14, 15, 15, 14, 15, 16, 16, 15, 15, 15, 17, 15, 14, 15, 14, 14, 15, 17, 16, 16, 16, 17, 15, 16, 15, 17, 15, 15, 14, 14, 15, 14, 16, 18, 14, 14, 14, 14, 15, 15, 15, 14, 14, 14, 15, 16, 14, 15, 14, 14, 15, 14, 17, 16, 16, 15, 14, 14, 14, 15, 15, 16, 16, 14, 15, 14, 15, 14, 15, 16, 15, 17, 15, 17, 14, 14, 16, 14, 17, 14, 16, 14, 15, 15, 14, 16, 15, 15, 16, 15, 14, 14, 20, 18, 16, 14, 17, 14, 14, 17, 14, 14, 14, 15, 15, 15, 15, 14, 14, 15, 16, 14, 15, 14, 15, 15, 14, 15, 16, 16, 16, 14, 14, 14, 14, 16, 15, 15, 16, 16, 16, 16, 15, 14, 14, 16, 14, 16, 15, 15, 14, 15, 15, 14, 16, 14, 16, 14, 14, 14, 14, 15, 16, 14, 14, 14, 15, 14, 14, 14, 14, 14, 14, 16, 14, 15, 15, 16, 14, 16, 16, 17, 17, 14, 15, 15, 14, 15, 14, 16, 14, 14, 14, 14, 19, 16, 14, 14, 14, 15, 15, 14, 14, 14, 14, 16, 14, 15, 15, 16, 14, 15, 14, 15, 16, 14, 15, 14, 14, 15, 14, 15, 15, 15, 15, 14, 14, 15, 14, 15, 18, 16, 14, 14, 17, 14, 15, 15, 14, 14, 15, 14, 16, 15, 14, 15, 15, 14, 14, 17, 16, 14, 14, 17, 15, 16, 14, 15, 14, 14, 14, 15, 15, 14, 14, 14, 14, 15, 14, 16, 14, 14, 14, 15, 15, 17, 15, 15, 16, 17, 17, 15, 14, 15, 14, 15, 14, 15, 15, 14, 15, 15, 16, 15, 15, 15, 14, 16, 16, 15, 15, 14, 15, 17, 14, 14, 16, 14, 14, 14, 14, 15, 14, 15, 15, 15, 15, 15, 15, 15, 14, 14, 16, 15, 14, 16, 15, 15, 16, 14, 15, 14, 16, 15, 14, 16, 15, 15, 14, 14, 15, 14, 14, 16, 15, 17, 14, 15, 14, 15, 15, 14, 14, 14, 14, 15, 15, 15, 14, 15, 16, 14, 15, 15, 14, 14, 17, 15, 16, 14, 14, 15, 15, 15, 16, 15, 15, 17, 15, 15, 18, 16, 15, 16, 14, 17, 14, 15, 15, 14, 14, 15, 14, 14, 14, 14, 16, 14, 14, 14, 15, 15, 14, 14, 14, 16, 15, 14, 14, 16, 14, 15, 15, 14, 15, 14, 14, 14, 15, 15, 14, 14, 16, 16, 15, 14, 14, 14, 14, 14, 16, 14, 15, 17, 15, 16, 16, 15, 16, 16, 14, 16, 15, 15, 19, 14, 14, 14, 14, 14, 14, 14, 15, 14, 17, 17, 14, 14, 15, 14, 15, 15, 14, 16, 14, 15, 15, 14, 14, 15, 14, 15, 17, 14, 14, 14, 15, 14, 15, 14, 14, 16, 15, 15, 16, 17, 14, 16, 17, 15, 14, 15, 14, 20, 14, 14, 14, 15, 16, 14, 17, 14, 18, 17, 14, 14, 14, 15, 15, 14, 14, 15, 15, 14, 15, 15, 14, 15, 14, 15, 15, 15, 15, 14, 18, 14, 14, 14, 18, 16, 16, 16, 14, 15, 15, 16, 15, 14, 15, 16, 16, 14, 16, 15, 17, 16, 15, 16, 14, 15, 15, 14, 14, 16, 15, 15, 14, 15, 15, 15, 14, 14, 15, 15, 15, 15, 14, 14, 15, 14, 14, 16, 16, 14, 14, 15, 14, 16, 15, 14, 16, 14, 15, 16, 14, 15, 15, 14, 17, 14, 14, 15, 15, 14, 16, 14, 14, 16, 14, 18, 14, 15, 15, 14, 17, 15, 15, 14, 16, 16, 17, 15, 16, 15, 14, 17, 15, 14, 15, 15, 15, 17, 16, 14, 16, 16, 15, 16, 15, 14, 14, 16, 15, 15, 14, 14, 14, 15, 14, 16, 15, 16, 16, 15, 16, 15, 16, 15, 15, 16, 15, 14, 15, 14, 15, 18, 15, 15, 14, 14, 16, 18, 14, 14, 16, 14, 15, 15, 14, 14, 14, 15, 16, 14, 15, 16, 14, 15, 15, 14, 14, 15, 17, 15, 15, 15, 15, 19, 14, 16, 14, 15, 14, 15, 14, 14, 15, 14, 15, 14, 15, 16, 15, 14, 14, 14, 14, 15, 17, 15, 15, 15, 15, 16, 14, 15, 14, 14, 15, 15, 14, 15, 16, 16, 19, 14, 14, 14, 14, 15, 15, 15, 15, 18, 15, 14, 16, 17, 15, 15, 15]

Mean:14.949
Median:15.0
Mode:14
Seed:907


[14, 16, 15, 16, 15, 15, 16, 14, 14, 15, 15, 14, 14, 14, 14, 15, 15, 15, 15, 14, 15, 15, 15, 14, 15, 15, 17, 15, 15, 14, 15, 16, 14, 16, 16, 17, 14, 14, 15, 16, 15, 16, 15, 14, 14, 14, 16, 14, 14, 14, 15, 15, 16, 17, 15, 15, 16, 15, 14, 15, 14, 14, 15, 17, 16, 17, 16, 16, 17, 15, 14, 15, 15, 14, 14, 16, 14, 15, 15, 14, 15, 14, 14, 15, 14, 14, 16, 15, 14, 14, 14, 15, 16, 14, 14, 15, 14, 16, 14, 16, 16, 14, 14, 14, 14, 14, 15, 15, 15, 14, 14, 14, 14, 15, 15, 15, 18, 15, 14, 14, 14, 15, 16, 14, 15, 15, 15, 15, 16, 15, 14, 14, 15, 16, 14, 16, 17, 14, 16, 15, 14, 15, 15, 16, 15, 16, 15, 14, 15, 15, 14, 14, 15, 16, 18, 14, 16, 14, 17, 15, 15, 17, 16, 17, 15, 15, 14, 15, 15, 15, 14, 14, 15, 15, 15, 14, 16, 15, 14, 15, 14, 14, 15, 14, 15, 15, 15, 14, 14, 16, 14, 14, 14, 14, 14, 16, 16, 15, 14, 14, 16, 14, 15, 14, 15, 14, 16, 15, 14, 17, 16, 15, 14, 16, 16, 15, 15, 14, 16, 15, 15, 14, 15, 14, 15, 14, 15, 14, 15, 15, 14, 14, 14, 15, 15, 14, 15, 15, 14, 14, 14, 16, 15, 15, 15, 14, 16, 15, 14, 15, 14, 15, 15, 14, 15, 14, 14, 16, 17, 14, 16, 15, 14, 14, 19, 16, 16, 16, 15, 14, 14, 15, 16, 14, 16, 14, 16, 16, 17, 14, 15, 16, 15, 15, 15, 14, 15, 14, 14, 14, 15, 16, 14, 14, 16, 16, 14, 15, 14, 15, 14, 16, 15, 16, 15, 14, 14, 14, 14, 14, 14, 14, 14, 15, 15, 14, 17, 16, 15, 14, 17, 14, 16, 15, 15, 14, 15, 14, 16, 14, 15, 15, 15, 15, 16, 16, 16, 15, 14, 15, 15, 14, 17, 16, 15, 14, 16, 15, 15, 15, 14, 14, 17, 14, 16, 16, 15, 16, 15, 14, 16, 14, 14, 15, 15, 14, 16, 14, 18, 14, 14, 15, 15, 16, 14, 14, 15, 15, 14, 14, 15, 14, 14, 16, 14, 14, 14, 17, 14, 16, 15, 15, 14, 16, 16, 14, 14, 14, 16, 15, 14, 15, 14, 15, 18, 14, 15, 15, 16, 15, 15, 15, 16, 15, 15, 17, 14, 15, 14, 15, 16, 14, 14, 14, 15, 14, 15, 16, 15, 14, 16, 14, 17, 15, 16, 17, 14, 14, 14, 15, 15, 14, 15, 14, 15, 15, 16, 15, 15, 15, 15, 17, 14, 14, 15, 14, 16, 14, 14, 15, 15, 14, 16, 14, 15, 17, 15, 15, 15, 14, 15, 16, 14, 15, 15, 14, 15, 16, 15, 15, 15, 14, 17, 16, 14, 15, 14, 15, 15, 15, 14, 14, 16, 15, 15, 14, 14, 14, 14, 14, 16, 17, 14, 14, 14, 15, 15, 15, 14, 14, 16, 17, 14, 14, 18, 17, 16, 17, 14, 14, 17, 14, 14, 14, 15, 16, 15, 15, 15, 18, 16, 15, 14, 15, 17, 14, 14, 16, 14, 14, 16, 15, 14, 16, 14, 15, 15, 15, 15, 16, 15, 15, 15, 14, 14, 16, 16, 15, 15, 15, 14, 14, 16, 14, 16, 15, 14, 14, 14, 15, 14, 15, 14, 14, 15, 14, 14, 17, 15, 14, 20, 14, 15, 16, 15, 16, 15, 14, 14, 14, 14, 14, 14, 15, 15, 14, 16, 14, 14, 14, 14, 15, 14, 14, 14, 16, 14, 14, 14, 16, 14, 15, 14, 15, 16, 15, 16, 14, 15, 15, 18, 16, 15, 14, 14, 14, 15, 15, 14, 14, 17, 15, 14, 14, 15, 16, 14, 16, 15, 16, 16, 15, 16, 14, 14, 15, 14, 16, 16, 16, 17, 16, 16, 14, 16, 17, 15, 14, 16, 14, 14, 14, 15, 16, 16, 15, 15, 16, 15, 14, 14, 17, 17, 14, 14, 15, 15, 14, 15, 14, 14, 16, 14, 15, 15, 15, 16, 14, 14, 16, 14, 14, 15, 19, 16, 14, 15, 14, 14, 15, 15, 15, 14, 14, 17, 14, 14, 14, 16, 20, 14, 16, 15, 15, 15, 14, 15, 14, 15, 15, 14, 15, 14, 16, 14, 16, 14, 15, 15, 14, 17, 14, 14, 17, 15, 14, 14, 15, 16, 14, 15, 15, 15, 15, 16, 16, 17, 14, 15, 16, 14, 14, 15, 15, 14, 16, 17, 14, 14, 16, 15, 15, 14, 15, 17, 14, 14, 14, 14, 14, 16, 14, 14, 16, 17, 15, 15, 14, 15, 14, 14, 15, 15, 14, 14, 15, 14, 15, 14, 15, 14, 15, 14, 14, 14, 17, 14, 15, 14, 16, 15, 17, 14, 15, 15, 15, 14, 16, 14, 14, 17, 14, 14, 15, 16, 18, 14, 15, 17, 16, 14, 17, 18, 16, 15, 15, 16, 16, 15, 17, 15, 15, 15, 16, 14, 15, 16, 16, 14, 16, 15, 17, 15, 14, 14, 14, 14, 15, 16, 14, 16, 15, 15, 17, 15, 15, 16, 15, 14, 15, 17, 16, 16, 15, 14, 14, 16, 18, 16, 15, 15, 15, 14, 15, 15, 15, 15, 15, 16, 14, 15, 15, 14, 15, 15, 18, 14, 14, 15, 16, 15, 14, 14, 16, 14, 15, 16, 14, 15, 16, 14, 16, 14, 14, 14, 15, 15, 14, 15, 15, 15, 14, 16, 14, 15, 14, 16, 14, 14, 15, 17, 15, 14, 14, 14, 15, 14, 14, 14, 14, 17, 14, 15, 14, 15, 15, 15, 14, 15, 15, 15, 15, 14, 16, 16, 14, 14, 15, 16, 14, 15, 14, 16, 14, 19, 14, 15, 16, 16, 16, 17, 17, 15, 14, 14, 15, 18, 14, 16, 14, 14, 14, 14, 14, 14, 14, 16, 18, 14, 15, 15, 19, 14, 14, 21, 15, 18, 16, 16, 15, 15, 14, 15, 16, 14, 15, 14, 16, 15, 14]

Mean:14.97
Median:15.0
Mode:14
Seed:952


[47, 5, 51, 48, 65, 12, 27, 50, 57, 9, 64, 53, 55, 56, 25, 33, 57, 66, 59, 62, 47, 45, 28, 40, 56, 18, 46, 48, 21, 58, 43, 16, 11, 26, 1, 36, 45, 28, 51, 19, 3, 38, 54, 8, 53, 56, 40, 64, 4, 35, 45, 44, 13, 59, 52, 57, 54, 24, 57, 15, 29, 44, 45, 17, 23, 32, 15, 14, 41, 17, 51, 42, 52, 58, 53, 45, 48, 45, 55, 20, 68, 52, 51, 36, 9, 77, 15, 49, 47, 21, 18, 46, 56, 16, 11, 49, 30, 55, 45, 51, 56, 53, 30, 51, 53, 43, 54, 51, 21, 42, 60, 48, 55, 48, 19, 67, 33, 50, 1, 51, 39, 47, 50, 54, 65, 62, 11, 56, 37, 59, 42, 43, 23, 6, 46, 62, 37, 49, 22, 50, 14, 38, 52, 57, 15, 41, 49, 50, 48, 13, 51, 38, 55, 53, 17, 54, 19, 39, 36, 55, 38, 64, 49, 29, 43, 38, 51, 52, 18, 55, 48, 63, 53, 69, 58, 14, 60, 65, 56, 71, 14, 36, 54, 25, 53, 33, 8, 55, 51, 51, 48, 19, 60, 47, 65, 45, 6, 46, 19, 68, 52, 40, 50, 51, 49, 26, 45, 42, 50, 58, 41, 52, 58, 58, 19, 44, 47, 1, 53, 3, 57, 41, 39, 62, 11, 7, 38, 45, 45, 51, 18, 35, 41, 44, 22, 53, 62, 55, 19, 14, 15, 52, 43, 53, 41, 34, 32, 56, 13, 57, 25, 40, 23, 35, 56, 54, 15, 22, 54, 43, 47, 66, 50, 62, 49, 53, 38, 55, 13, 61, 55, 46, 11, 38, 39, 56, 40, 48, 5, 65, 54, 46, 27, 31, 15, 55, 47, 44, 52, 43, 49, 57, 58, 51, 61, 37, 58, 27, 2, 67, 53, 43, 53, 18, 46, 43, 15, 48, 65, 14, 55, 45, 52, 43, 68, 59, 26, 38, 57, 20, 54, 56, 29, 46, 43, 64, 55, 35, 47, 39, 54, 10, 44, 18, 45, 43, 50, 54, 18, 19, 8, 49, 43, 49, 50, 44, 41, 43, 18, 53, 40, 44, 39, 59, 58, 53, 36, 29, 43, 19, 13, 64, 57, 35, 59, 54, 61, 47, 60, 58, 16, 22, 34, 44, 21, 44, 57, 46, 53, 55, 46, 56, 46, 56, 49, 53, 20, 53, 60, 58, 32, 31, 52, 27, 9, 45, 52, 1, 61, 54, 55, 36, 47, 40, 48, 18, 62, 9, 44, 49, 48, 57, 1, 50, 46, 12, 10, 51, 45, 34, 38, 51, 31, 1, 45, 43, 68, 57, 45, 54, 57, 56, 53, 48, 10, 23, 52, 55, 6, 55, 55, 47, 18, 50, 10, 5, 21, 60, 46, 24, 52, 61, 42, 38, 63, 20, 47, 55, 14, 22, 61, 43, 38, 59, 66, 51, 50, 55, 7, 47, 4, 47, 27, 53, 40, 51, 39, 58, 40, 65, 43, 41, 54, 55, 3, 44, 58, 10, 43, 38, 62, 47, 19, 61, 42, 57, 45, 53, 55, 18, 19, 56, 22, 47, 54, 42, 50, 57, 43, 64, 58, 63, 52, 65, 23, 49, 58, 65, 23, 53, 18, 54, 58, 49, 18, 54, 43, 49, 64, 9, 4, 21, 18, 36, 46, 30, 44, 49, 47, 44, 40, 51, 6, 44, 17, 57, 52, 33, 25, 19, 24, 26, 61, 56, 25, 5, 21, 24, 43, 41, 58, 21, 15, 26, 57, 49, 52, 45, 49, 39, 11, 50, 22, 43, 28, 12, 43, 41, 16, 42, 1, 56, 42, 13, 21, 50, 46, 53, 42, 50, 52, 26, 56, 13, 59, 39, 40, 9, 57, 50, 3, 61, 36, 65, 14, 70, 56, 4, 49, 35, 57, 15, 24, 59, 17, 69, 53, 45, 23, 7, 48, 29, 49, 61, 51, 33, 34, 33, 48, 55, 35, 26, 55, 55, 36, 45, 57, 37, 56, 36, 1, 37, 60, 31, 51, 52, 39, 42, 55, 52, 46, 18, 62, 58, 51, 45, 44, 64, 22, 47, 16, 57, 57, 57, 58, 47, 51, 55, 55, 19, 57, 50, 49, 53, 48, 47, 48, 48, 50, 20, 12, 20, 62, 35, 23, 52, 40, 20, 68, 37, 51, 13, 40, 41, 29, 53, 56, 27, 21, 54, 49, 28, 21, 41, 76, 57, 56, 36, 51, 16, 15, 53, 52, 15, 16, 46, 46, 45, 51, 1, 41, 54, 59, 47, 39, 52, 40, 49, 43, 44, 46, 57, 53, 10, 24, 43, 50, 54, 46, 59, 51, 47, 41, 55, 49, 36, 61, 7, 54, 45, 45, 42, 48, 60, 58, 33, 40, 55, 50, 20, 52, 48, 32, 22, 52, 63, 11, 55, 24, 14, 51, 34, 65, 36, 52, 50, 59, 42, 56, 46, 60, 50, 44, 29, 16, 38, 59, 46, 16, 37, 60, 40, 24, 21, 22, 53, 44, 40, 44, 60, 53, 50, 27, 2, 63, 39, 53, 60, 6, 39, 41, 37, 52, 1, 59, 42, 61, 60, 48, 37, 39, 59, 27, 5, 22, 53, 61, 45, 44, 39, 45, 25, 31, 40, 55, 41, 61, 37, 60, 64, 53, 16, 9, 60, 48, 47, 58, 15, 18, 52, 19, 29, 18, 6, 48, 53, 29, 22, 50, 23, 15, 47, 52, 15, 51, 40, 64, 6, 20, 50, 53, 36, 64, 34, 52, 27, 53, 57, 19, 49, 5, 11, 59, 43, 51, 53, 19, 45, 49, 33, 63, 41, 58, 30, 54, 44, 42, 57, 21, 21, 50, 44, 20, 43, 55, 15, 41, 59, 57, 47, 53, 55, 51, 30, 22, 62, 50, 58, 29, 54, 40, 71, 55, 1, 55, 49, 48, 6, 42, 65, 19, 46, 55, 19, 20, 38, 41, 28, 37, 33, 56, 55, 46, 50, 44, 50, 21, 54, 56, 63, 59, 42, 14, 18, 46, 58, 47, 57, 54, 54, 39, 49, 53, 38, 27, 43, 59, 49, 37, 24, 24, 59, 45, 49, 51, 53, 43, 55, 19, 46, 18, 44, 14, 47, 23, 19, 40, 4, 45, 51, 59, 64, 49, 50, 6, 52, 46, 15, 43, 55]

Mean:41.268
Median:46.0
Mode:53
Seed:567


Seeds:
[940, 720, 160, 940, 290, 851, 907, 952, 567]

Means:
[13.942, 4.212, 7.775, 13.942, 36.99, 14.915, 14.949, 14.97, 41.268]

Medians:
[14.0, 3.0, 10.0, 14.0, 39.0, 15.0, 15.0, 15.0, 46.0]

Modes:
[13, 1, 11, 13, 38, 14, 14, 14, 53]


Top Level Results:
Mean:18.107
Median:14.0
Mode:14



