[22, 24, 25, 19, 17, 15, 20, 18, 9, 17, 19, 18, 22, 20, 18, 29, 15, 19, 25, 20, 22, 18, 22, 23, 19, 16, 17, 25, 4, 18, 19, 18, 21, 22, 22, 17, 21, 21, 21, 16, 12, 24, 18, 21, 23, 20, 17, 27, 23, 16, 21, 13, 21, 20, 17, 24, 18, 18, 18, 16, 24, 25, 28, 22, 17, 18, 11, 18, 17, 26, 18, 17, 18, 17, 24, 18, 16, 19, 28, 17, 17, 26, 17, 21, 25, 19, 20, 17, 17, 16, 16, 17, 24, 19, 22, 26, 18, 17, 24, 17, 17, 20, 21, 24, 20, 15, 27, 18, 22, 16, 20, 15, 22, 16, 19, 20, 9, 16, 20, 20, 24, 18, 16, 9, 22, 20, 19, 16, 26, 22, 15, 17, 17, 20, 21, 21, 22, 21, 20, 21, 20, 15, 18, 20, 16, 19, 22, 22, 18, 17, 25, 22, 18, 18, 18, 16, 20, 23, 24, 19, 21, 19, 15, 20, 23, 19, 25, 19, 21, 18, 21, 21, 18, 16, 19, 15, 24, 17, 17, 22, 19, 15, 16, 19, 20, 20, 20, 16, 19, 17, 20, 17, 16, 22, 22, 20, 22, 19, 19, 22, 20, 25, 16, 1, 17, 23, 6, 26, 24, 21, 21, 18, 17, 26, 18, 15, 12, 20, 28, 22, 20, 14, 19, 19, 17, 26, 27, 17, 25, 20, 20, 21, 17, 20, 24, 21, 18, 22, 21, 21, 19, 20, 21, 21, 18, 22, 17, 19, 19, 19, 8, 15, 15, 24, 18, 18, 20, 25, 16, 20, 25, 18, 23, 27, 20, 23, 23, 25, 17, 20, 19, 19, 23, 17, 16, 23, 19, 15, 21, 9, 17, 19, 21, 15, 19, 21, 21, 16, 22, 23, 19, 17, 17, 23, 21, 24, 22, 22, 24, 22, 20, 17, 20, 18, 15, 17, 17, 15, 21, 19, 23, 22, 23, 22, 18, 17, 20, 15, 18, 21, 20, 19, 16, 19, 18, 17, 15, 24, 19, 24, 20, 26, 22, 15, 22, 18, 20, 21, 18, 23, 17, 18, 23, 23, 18, 24, 23, 20, 20, 20, 13, 20, 18, 24, 21, 19, 28, 17, 12, 26, 17, 16, 21, 16, 22, 22, 25, 18, 26, 19, 19, 20, 19, 20, 18, 20, 27, 19, 20, 19, 15, 17, 13, 18, 20, 18, 10, 21, 19, 20, 28, 26, 27, 26, 27, 21, 18, 18, 22, 18, 18, 17, 15, 23, 19, 21, 17, 17, 12, 20, 17, 17, 19, 18, 15, 23, 19, 17, 17, 18, 23, 21, 20, 16, 21, 27, 21, 24, 18, 21, 18, 22, 13, 20, 19, 20, 19, 15, 18, 18, 20, 22, 21, 22, 28, 15, 17, 21, 19, 19, 15, 22, 21, 25, 4, 23, 21, 27, 21, 18, 21, 20, 24, 19, 23, 19, 19, 15, 16, 19, 17, 18, 18, 24, 17, 15, 18, 16, 17, 19, 17, 18, 24, 18, 1, 18, 17, 23, 21, 18, 18, 23, 18, 17, 3, 21, 18, 19, 20, 20, 10, 27, 20, 19, 20, 21, 17, 18, 19, 19, 17, 26, 19, 18, 16, 30, 19, 18, 21, 21, 20, 17, 22, 17, 15, 19, 23, 23, 22, 17, 23, 15, 15, 19, 25, 21, 19, 21, 21, 22, 22, 15, 15, 22, 20, 18, 19, 23, 16, 3, 23, 11, 17, 20, 21, 20, 15, 19, 20, 20, 22, 17, 24, 21, 17, 17, 20, 20, 16, 27, 20, 1, 18, 23, 17, 24, 17, 17, 19, 18, 22, 23, 18, 17, 19, 17, 16, 17, 15, 18, 26, 28, 19, 21, 10, 20, 20, 21, 24, 16, 19, 16, 20, 23, 17, 17, 17, 20, 23, 18, 24, 18, 15, 18, 17, 20, 23, 18, 17, 23, 22, 17, 18, 11, 22, 10, 21, 23, 19, 19, 18, 17, 15, 16, 20, 18, 18, 20, 20, 21, 20, 17, 13, 20, 22, 20, 23, 21, 27, 16, 17, 25, 19, 16, 18, 23, 18, 27, 17, 17, 16, 20, 16, 27, 18, 15, 21, 21, 19, 16, 25, 18, 18, 21, 18, 17, 18, 26, 16, 17, 22, 5, 21, 20, 16, 19, 19, 20, 19, 19, 22, 18, 21, 23, 19, 20, 23, 12, 16, 18, 21, 19, 15, 19, 7, 19, 18, 20, 26, 15, 17, 19, 15, 19, 23, 12, 21, 16, 19, 19, 21, 19, 12, 23, 15, 16, 23, 20, 20, 21, 23, 16, 19, 20, 18, 10, 21, 21, 24, 22, 21, 19, 15, 24, 21, 22, 22, 18, 18, 23, 18, 19, 17, 20, 18, 26, 17, 23, 15, 23, 25, 20, 20, 25, 17, 15, 21, 17, 7, 28, 19, 20, 21, 22, 17, 21, 23, 24, 22, 15, 17, 22, 21, 16, 22, 19, 20, 21, 20, 9, 25, 20, 18, 18, 22, 18, 19, 19, 17, 19, 17, 18, 25, 18, 21, 17, 18, 25, 18, 17, 15, 22, 26, 23, 19, 22, 15, 25, 21, 15, 22, 22, 24, 24, 17, 19, 16, 21, 21, 19, 22, 21, 24, 19, 26, 18, 16, 16, 24, 22, 19, 24, 22, 18, 21, 20, 2, 19, 19, 20, 18, 15, 22, 17, 21, 16, 17, 16, 20, 16, 23, 21, 23, 22, 16, 18, 22, 17, 18, 16, 17, 17, 24, 20, 26, 19, 21, 21, 16, 15, 19, 21, 26, 20, 28, 19, 15, 21, 21, 20, 18, 17, 26, 22, 17, 15, 15, 17, 17, 15, 21, 17, 21, 24, 17, 21, 21, 19, 19, 19, 26, 19, 22, 17, 17, 23, 17, 18, 17, 18, 19, 12, 16, 20, 16, 22, 15, 20, 17, 18, 19, 23, 26, 21, 23, 26, 16, 17, 19, 19, 23, 26, 23, 22, 19, 17, 21, 18, 21, 18, 19, 22, 12, 19, 23, 9, 19, 24, 19, 16, 22, 17, 16, 15, 20, 12, 20, 18, 19, 19, 20, 18, 23, 18, 6, 17, 15, 19, 17, 20, 16, 17, 19, 15, 24, 23, 6, 17, 20, 24, 21, 22, 18, 23, 23, 21, 18, 18, 22, 29]

Mean:19.307
Median:19.0
Mode:19
Seed:153


Seeds:
[153]

Means:
[19.307]

Medians:
[19.0]

Modes:
[19]


Top Level Results:
Mean:19.307
Median:19.0
Mode:19








Variables:
# CONSTANTS
S_RIGHT, S_LEFT, S_UP, S_DOWN = 0, 1, 2, 3
XSIZE, YSIZE = 14, 14
NFOOD = 1

#VARIABLES
MAX_HEIGHT = 17
PARSIMONY_SIZE = 1.3
TOURNAMENT_FITNESS_SIZE = 7
CX_ONEPOINT_MAX_SIZE = 3
CROSS_PROB = 0.8
MUT_PROB = 0.2
ITERATIONS = 30
INDIVIDUAL_ITER = 4
HOF_SIZE = 2
POPULATION_SIZE = 350
FIT_FUNC = "steps"
FIT_TYPE = "average"